1308.75 459.84 37.50 18.98 0.9887 init
1301.25 459.84 37.50 18.98 0.9986 high
1297.50 459.84 33.75 18.98 0.9983 high
1290.00 459.84 37.50 18.98 0.9802 high
1286.25 459.84 37.50 18.98 0.9852 high
1278.75 457.73 37.50 21.09 0.9805 high
1275.00 457.73 33.75 18.98 0.9908 high
1271.25 455.62 30.00 18.98 0.9989 high
1263.75 453.52 33.75 18.98 0.9986 high
1256.25 451.41 37.50 18.98 0.9998 high
1252.50 447.19 33.75 18.98 0.9891 high
1245.00 445.08 33.75 18.98 0.9932 high
1241.25 440.86 30.00 18.98 0.9898 high
1233.75 436.64 33.75 18.98 0.9995 high
1226.25 430.31 37.50 21.09 0.9834 high
1222.50 426.09 33.75 18.98 0.9906 high
1215.00 419.77 33.75 21.09 0.9912 high
1207.50 415.55 33.75 18.98 0.9934 high
1203.75 409.22 33.75 18.98 0.9969 high
1196.25 402.89 33.75 18.98 0.9929 high
1188.75 396.56 33.75 18.98 0.9823 high
1185.00 390.23 33.75 18.98 0.9822 high
1177.50 381.80 33.75 21.09 0.9996 high
1170.00 375.47 33.75 18.98 0.9860 high
1162.50 369.14 33.75 18.98 0.9916 high
1158.75 360.70 30.00 21.09 0.9941 high
1151.25 354.38 33.75 18.98 0.9947 high
1143.75 348.05 33.75 18.98 0.9904 high
1136.25 341.72 33.75 18.98 0.9966 high
1128.75 335.39 33.75 18.98 0.9959 high
1121.25 329.06 37.50 18.98 0.9835 high
1117.50 322.73 33.75 21.09 0.9978 high
1110.00 318.52 33.75 18.98 0.9977 high
1102.50 314.30 33.75 18.98 0.9960 high
1098.75 310.08 30.00 18.98 0.9945 high
1091.25 307.97 33.75 16.88 0.9917 high
1083.75 303.75 33.75 18.98 0.9781 high
1080.00 301.64 30.00 16.88 0.9986 high
1072.50 299.53 33.75 18.98 0.9729 high
1065.00 297.42 33.75 16.88 0.9970 high
1061.25 295.31 30.00 18.98 0.9942 high
1053.75 293.20 30.00 18.98 0.9821 high
1046.25 291.09 33.75 18.98 0.9983 high
1042.50 291.09 33.75 18.98 0.9865 high
1035.00 288.98 33.75 21.09 0.9938 high
1031.25 288.98 33.75 21.09 0.9744 high
1027.50 286.88 30.00 23.20 0.9795 high
1023.75 288.98 30.00 18.98 0.9956 high
1016.25 286.88 33.75 21.09 0.9912 high
1012.50 286.88 33.75 21.09 0.9881 high
1008.75 286.88 33.75 21.09 0.9814 high
1005.00 286.88 33.75 21.09 0.9928 high
1001.25 286.88 33.75 21.09 0.9931 high
997.50 286.88 33.75 21.09 0.9867 high
997.50 286.88 30.00 21.09 0.9899 high
993.75 286.88 33.75 21.09 0.9778 high
990.00 286.88 33.75 21.09 0.9810 high
986.25 288.98 37.50 18.98 0.9863 high
986.25 288.98 33.75 18.98 0.9918 high
986.25 288.98 30.00 18.98 0.9910 high
986.25 288.98 30.00 18.98 0.9938 high
982.50 288.98 33.75 18.98 0.9954 high
982.50 288.98 33.75 18.98 0.9946 high
978.75 288.98 33.75 18.98 0.9946 high
978.75 288.98 30.00 18.98 0.9978 high
975.00 288.98 33.75 18.98 0.9821 high
975.00 288.98 33.75 18.98 0.9972 high
975.00 288.98 33.75 18.98 0.9958 high
975.00 288.98 30.00 18.98 0.9871 high
971.25 288.98 33.75 18.98 0.9824 high
971.25 288.98 33.75 18.98 0.9885 high
971.25 286.88 33.75 18.98 0.9947 high
971.25 286.88 30.00 18.98 0.9970 high
971.25 286.88 30.00 18.98 0.9996 high
971.25 286.88 30.00 18.98 0.9901 high
971.25 286.88 30.00 18.98 0.9983 high
971.25 284.77 30.00 21.09 0.9883 high
971.25 284.77 30.00 21.09 0.9702 high
971.25 284.77 30.00 18.98 0.9953 high
971.25 284.77 33.75 18.98 0.9819 high
971.25 282.66 33.75 21.09 0.9967 high
971.25 282.66 33.75 21.09 0.9823 high
971.25 282.66 33.75 18.98 0.9949 high
975.00 282.66 33.75 18.98 0.9986 high
975.00 282.66 33.75 18.98 0.9773 high
978.75 282.66 30.00 18.98 0.9912 high
978.75 280.55 30.00 21.09 0.9880 high
978.75 280.55 33.75 18.98 0.9861 high
982.50 280.55 30.00 18.98 0.9902 high
982.50 280.55 33.75 18.98 0.9927 high
986.25 280.55 30.00 18.98 0.9973 high
986.25 278.44 30.00 18.98 0.9895 high
986.25 278.44 33.75 18.98 0.9907 high
990.00 278.44 33.75 18.98 0.9899 high
993.75 278.44 30.00 18.98 0.9880 high
997.50 278.44 30.00 18.98 0.9789 high
997.50 278.44 33.75 18.98 0.9756 high
1001.25 278.44 30.00 16.88 0.9897 high
1001.25 276.33 30.00 18.98 0.9892 high
1005.00 276.33 33.75 18.98 0.9899 high
1005.00 276.33 33.75 16.88 0.9981 high
1008.75 276.33 30.00 16.88 0.9946 high
1012.50 274.22 30.00 18.98 0.9983 high
1012.50 274.22 33.75 18.98 0.9889 high
1016.25 274.22 30.00 18.98 0.9986 high
1020.00 274.22 33.75 18.98 0.9805 high
1020.00 274.22 33.75 18.98 0.9804 high
1023.75 274.22 30.00 16.88 0.9932 high
1027.50 272.11 33.75 18.98 0.9884 high
1031.25 272.11 30.00 18.98 0.9948 high
1031.25 272.11 33.75 18.98 0.9831 high
1035.00 272.11 30.00 18.98 0.9767 high
1038.75 272.11 30.00 16.88 0.9990 high
1038.75 272.11 30.00 16.88 0.9912 high
1042.50 270.00 30.00 18.98 0.9996 high
1042.50 270.00 33.75 18.98 0.9830 high
1046.25 270.00 30.00 18.98 0.9796 high
1050.00 270.00 33.75 18.98 0.9822 high
1053.75 270.00 30.00 18.98 0.9968 high
1053.75 270.00 33.75 18.98 0.9923 high
1057.50 270.00 33.75 18.98 0.9760 high
1061.25 270.00 30.00 18.98 0.9782 high
1061.25 270.00 33.75 16.88 0.9971 high
1065.00 267.89 33.75 18.98 0.9994 high
1068.75 267.89 30.00 18.98 0.9969 high
1072.50 267.89 30.00 18.98 0.9808 high
1072.50 267.89 33.75 18.98 0.9872 high
1076.25 267.89 33.75 18.98 0.9804 high
1080.00 267.89 33.75 16.88 0.9955 high
1083.75 265.78 30.00 18.98 0.9999 high
1087.50 265.78 33.75 18.98 0.9841 high
1087.50 265.78 33.75 18.98 0.9830 high
1091.25 265.78 33.75 18.98 0.9933 high
1095.00 265.78 33.75 18.98 0.9817 high
1098.75 263.67 33.75 21.09 0.9720 high
1102.50 263.67 33.75 21.09 0.9942 high
1106.25 263.67 30.00 18.98 0.9998 high
1106.25 263.67 37.50 18.98 0.9913 high
1113.75 261.56 30.00 21.09 0.9958 high
1113.75 261.56 37.50 21.09 0.9799 high
1121.25 261.56 30.00 21.09 0.9895 high
1121.25 261.56 33.75 18.98 0.9884 high
1125.00 261.56 33.75 18.98 0.9937 high
1132.50 259.45 30.00 21.09 0.9956 high
1132.50 259.45 33.75 21.09 0.9822 high
1136.25 259.45 37.50 21.09 0.9919 high
1143.75 259.45 30.00 21.09 0.9982 high
1147.50 259.45 33.75 21.09 0.9870 high
1151.25 259.45 33.75 18.98 0.9917 high
1155.00 259.45 33.75 18.98 0.9865 high
1158.75 257.34 33.75 21.09 0.9987 high
1162.50 257.34 33.75 21.09 0.9959 high
1166.25 257.34 33.75 18.98 0.9918 high
1170.00 257.34 33.75 18.98 0.9870 high
1177.50 257.34 33.75 18.98 0.9917 high
1181.25 257.34 30.00 18.98 0.9912 high
1185.00 257.34 33.75 18.98 0.9863 high
1188.75 257.34 37.50 18.98 0.9932 high
1192.50 255.23 37.50 21.09 0.9841 high
1200.00 255.23 33.75 21.09 0.9930 high
1203.75 255.23 33.75 21.09 0.9870 high
1207.50 255.23 33.75 18.98 0.9861 high
1211.25 255.23 37.50 18.98 0.9938 high
1218.75 255.23 30.00 18.98 0.9958 high
1222.50 253.12 33.75 21.09 0.9822 high
1226.25 253.12 37.50 21.09 0.9900 high
1233.75 253.12 33.75 18.98 0.9882 high
1237.50 253.12 33.75 18.98 0.9939 high
1241.25 253.12 33.75 18.98 0.9836 high
1245.00 253.12 33.75 18.98 0.9903 high
1252.50 251.02 33.75 21.09 0.9857 high
1256.25 251.02 33.75 21.09 0.9857 high
1260.00 251.02 33.75 18.98 0.9986 high
1263.75 248.91 37.50 21.09 0.9814 high
1271.25 248.91 33.75 21.09 0.9953 high
1275.00 248.91 33.75 21.09 0.9849 high
1278.75 248.91 37.50 21.09 0.9943 high
1286.25 248.91 33.75 18.98 0.9923 high
1290.00 248.91 33.75 18.98 0.9887 high
1293.75 248.91 37.50 18.98 0.9890 high
1301.25 248.91 33.75 18.98 0.9917 high
1305.00 246.80 33.75 21.09 0.9932 high
1308.75 246.80 37.50 21.09 0.9885 high
1316.25 246.80 33.75 21.09 0.9982 high
1320.00 246.80 33.75 21.09 0.9917 high
1323.75 244.69 37.50 21.09 0.9924 high
1327.50 244.69 37.50 21.09 0.9865 high
1335.00 244.69 33.75 21.09 0.9943 high
1338.75 244.69 33.75 21.09 0.9873 high
1342.50 244.69 33.75 18.98 0.9878 high
1346.25 242.58 37.50 21.09 0.9891 high
1353.75 242.58 33.75 21.09 0.9939 high
1357.50 242.58 33.75 21.09 0.9960 high
1361.25 242.58 37.50 21.09 0.9877 high
1368.75 240.47 33.75 21.09 0.9955 high
1372.50 240.47 33.75 21.09 0.9885 high
1376.25 240.47 37.50 21.09 0.9927 high
1380.00 240.47 37.50 21.09 0.9884 high
1383.75 240.47 37.50 18.98 0.9990 high
1387.50 240.47 37.50 18.98 0.9896 high
1391.25 240.47 37.50 18.98 0.9903 high
1398.75 238.36 37.50 21.09 0.9893 high
1402.50 238.36 37.50 21.09 0.9892 high
1406.25 238.36 37.50 21.09 0.9893 high
1410.00 236.25 37.50 21.09 0.9801 high
1413.75 236.25 37.50 21.09 0.9904 high
1421.25 234.14 33.75 21.09 0.9982 high
1421.25 234.14 37.50 21.09 0.9778 high
1428.75 234.14 33.75 21.09 0.9926 high
1432.50 234.14 37.50 21.09 0.9915 high
1436.25 234.14 37.50 18.98 0.9927 high
1440.00 232.03 37.50 21.09 0.9818 high
1443.75 232.03 37.50 21.09 0.9965 high
1447.50 229.92 37.50 21.09 0.9956 high
1451.25 229.92 37.50 21.09 0.9906 high
1455.00 229.92 37.50 21.09 0.9945 high
1462.50 229.92 33.75 18.98 0.9904 high
1462.50 227.81 37.50 21.09 0.9923 high
1466.25 227.81 37.50 21.09 0.9931 high
1470.00 225.70 37.50 23.20 0.9904 high
1473.75 225.70 37.50 23.20 0.9903 high
1477.50 225.70 37.50 21.09 0.9948 high
1481.25 223.59 41.25 23.20 0.9823 high
1485.00 223.59 41.25 21.09 0.9879 high
1488.75 223.59 37.50 21.09 0.9910 high
1492.50 223.59 41.25 21.09 0.9886 high
1496.25 221.48 41.25 23.20 0.9779 high
1500.00 221.48 41.25 21.09 0.9905 high
1503.75 221.48 41.25 21.09 0.9883 high
1507.50 219.38 41.25 23.20 0.9874 high
1511.25 219.38 37.50 23.20 0.9907 high
1511.25 217.27 45.00 23.20 0.9835 high
1518.75 217.27 37.50 23.20 0.9859 high
1522.50 217.27 37.50 21.09 0.9830 high
1526.25 217.27 37.50 21.09 0.9954 high
1530.00 215.16 37.50 23.20 0.9888 high
1533.75 215.16 37.50 23.20 0.9951 high
1537.50 215.16 37.50 21.09 0.9990 high
1537.50 215.16 41.25 21.09 0.9889 high
1541.25 213.05 41.25 23.20 0.9875 high
1545.00 213.05 41.25 23.20 0.9866 high
1548.75 213.05 41.25 21.09 0.9962 high
1552.50 213.05 41.25 21.09 0.9875 high
1552.50 213.05 45.00 21.09 0.9930 high
1556.25 210.94 45.00 23.20 0.9799 high
1560.00 210.94 41.25 23.20 0.9923 high
1563.75 210.94 41.25 21.09 0.9940 high
1567.50 208.83 41.25 23.20 0.9939 high
1567.50 208.83 45.00 23.20 0.9897 high
1571.25 208.83 41.25 23.20 0.9837 high
1575.00 208.83 41.25 21.09 0.9925 high
1578.75 208.83 41.25 21.09 0.9930 high
1582.50 208.83 41.25 21.09 0.9889 high
1586.25 206.72 41.25 23.20 0.9876 high
1590.00 206.72 41.25 21.09 0.9945 high
1590.00 206.72 45.00 21.09 0.9831 high
1593.75 206.72 41.25 21.09 0.9875 high
1597.50 204.61 41.25 23.20 0.9806 high
1601.25 204.61 41.25 23.20 0.9929 high
1601.25 204.61 45.00 21.09 0.9949 high
1608.75 204.61 37.50 21.09 0.9946 high
1608.75 202.50 45.00 23.20 0.9835 high
1612.50 202.50 45.00 23.20 0.9905 high
1616.25 202.50 45.00 23.20 0.9878 high
1620.00 200.39 41.25 23.20 0.9893 high
1623.75 202.50 37.50 21.09 0.9934 high
1623.75 200.39 45.00 23.20 0.9936 high
1627.50 200.39 41.25 23.20 0.9941 high
1631.25 198.28 41.25 25.31 0.9782 high
1635.00 200.39 41.25 21.09 0.9873 high
1638.75 198.28 41.25 23.20 0.9944 high
1642.50 198.28 41.25 23.20 0.9991 high
1642.50 198.28 45.00 23.20 0.9873 high
1646.25 196.17 45.00 25.31 0.9902 high
1650.00 196.17 41.25 25.31 0.9897 high
1653.75 196.17 41.25 23.20 0.9957 high
1657.50 196.17 41.25 23.20 0.9948 high
1657.50 196.17 41.25 23.20 0.9880 high
1661.25 194.06 41.25 25.31 0.9901 high
1661.25 194.06 45.00 25.31 0.9897 high
1665.00 194.06 41.25 25.31 0.9818 high
1668.75 194.06 41.25 25.31 0.9891 high
1668.75 194.06 45.00 25.31 0.9973 high
1668.75 194.06 45.00 25.31 0.9920 high
1672.50 194.06 41.25 25.31 0.9937 high
1672.50 194.06 45.00 27.42 0.9895 high
1672.50 196.17 45.00 25.31 0.9791 high
1676.25 196.17 41.25 25.31 0.9895 high
1676.25 196.17 45.00 25.31 0.9930 high
1676.25 196.17 45.00 25.31 0.9864 high
1680.00 198.28 41.25 23.20 0.9976 high
1680.00 198.28 45.00 25.31 0.9906 high
1680.00 198.28 45.00 25.31 0.9876 high
1680.00 198.28 45.00 25.31 0.9853 high
1683.75 200.39 41.25 25.31 0.9919 high
1683.75 200.39 45.00 25.31 0.9897 high
1683.75 202.50 45.00 23.20 0.9896 high
1683.75 202.50 45.00 25.31 0.9919 high
1683.75 204.61 45.00 23.20 0.9945 high
1683.75 204.61 45.00 25.31 0.9965 high
1687.50 204.61 41.25 25.31 0.9911 high
1687.50 206.72 41.25 23.20 0.9951 high
1687.50 206.72 45.00 23.20 0.9953 high
1687.50 206.72 45.00 25.31 0.9782 high
1687.50 206.72 45.00 25.31 0.9899 high
1687.50 206.72 45.00 25.31 0.9920 high
1687.50 206.72 45.00 25.31 0.9967 high
1687.50 208.83 45.00 25.31 0.9967 high
1687.50 208.83 45.00 25.31 0.9889 high
1687.50 210.94 45.00 23.20 0.9970 high
1687.50 210.94 45.00 23.20 0.9767 high
1687.50 210.94 45.00 25.31 0.9919 high
1687.50 213.05 45.00 23.20 0.9892 high
1687.50 213.05 45.00 23.20 0.9893 high
1691.25 213.05 41.25 23.20 0.9942 high
1687.50 213.05 48.75 25.31 0.9840 high
1691.25 213.05 45.00 25.31 0.9966 high
1691.25 213.05 45.00 25.31 0.9937 high
1691.25 213.05 45.00 25.31 0.9920 high
1691.25 213.05 45.00 25.31 0.9900 high
1691.25 213.05 45.00 25.31 0.9828 high
1691.25 213.05 45.00 25.31 0.9858 high
1691.25 213.05 45.00 25.31 0.9837 high
1691.25 213.05 45.00 25.31 0.9940 high
1691.25 215.16 45.00 23.20 0.9890 high
1691.25 213.05 45.00 25.31 0.9917 high
1691.25 213.05 45.00 25.31 0.9936 high
1691.25 213.05 45.00 25.31 0.9896 high
1691.25 213.05 45.00 25.31 0.9857 high
1691.25 213.05 45.00 25.31 0.9939 high
1691.25 213.05 45.00 25.31 0.9899 high
1691.25 213.05 45.00 25.31 0.9865 high
1691.25 213.05 45.00 25.31 0.9929 high
1691.25 213.05 48.75 25.31 0.9863 high
1691.25 213.05 48.75 25.31 0.9925 high
1691.25 213.05 48.75 25.31 0.9884 high
1695.00 215.16 45.00 23.20 0.9924 high
1691.25 215.16 48.75 25.31 0.9935 high
1691.25 215.16 48.75 25.31 0.9967 high
1695.00 217.27 45.00 25.31 0.9897 high
1695.00 217.27 48.75 25.31 0.9856 high
1698.75 219.38 45.00 25.31 0.9838 high
1698.75 221.48 45.00 25.31 0.9937 high
1698.75 223.59 45.00 25.31 0.9900 high
1698.75 227.81 45.00 23.20 0.9816 high
1698.75 229.92 45.00 23.20 0.9940 high
1698.75 232.03 45.00 23.20 0.9930 high
1698.75 232.03 48.75 25.31 0.9917 high
1702.50 234.14 45.00 25.31 0.9945 high
1702.50 238.36 45.00 23.20 0.9946 high
1702.50 238.36 45.00 25.31 0.9901 high
1702.50 240.47 45.00 25.31 0.9974 high
1702.50 242.58 45.00 25.31 0.9899 high
1702.50 244.69 45.00 25.31 0.9829 high
1702.50 246.80 48.75 25.31 0.9861 high
1702.50 248.91 48.75 25.31 0.9955 high
1702.50 251.02 48.75 25.31 0.9816 high
1706.25 253.12 45.00 25.31 0.9892 high
1706.25 255.23 45.00 25.31 0.9906 high
1706.25 255.23 45.00 27.42 0.9962 high
1706.25 257.34 48.75 27.42 0.9894 high
1706.25 259.45 45.00 25.31 0.9882 high
1706.25 261.56 45.00 25.31 0.9988 high
1706.25 263.67 45.00 25.31 0.9847 high
1706.25 263.67 45.00 25.31 0.9931 high
1706.25 265.78 45.00 23.20 0.9947 high
1706.25 265.78 45.00 25.31 0.9993 high
1702.50 265.78 48.75 25.31 0.9784 high
1706.25 267.89 45.00 25.31 0.9884 high
1706.25 267.89 45.00 25.31 0.9850 high
1702.50 267.89 48.75 25.31 0.9908 high
1706.25 267.89 45.00 25.31 0.9947 high
1702.50 267.89 48.75 25.31 0.9851 high
1702.50 267.89 48.75 25.31 0.9814 high
1702.50 267.89 45.00 25.31 0.9972 high
1702.50 267.89 45.00 25.31 0.9946 high
1702.50 267.89 45.00 25.31 0.9937 high
1702.50 267.89 45.00 25.31 0.9890 high
1702.50 267.89 45.00 25.31 0.9925 high
1702.50 267.89 45.00 25.31 0.9981 high
1702.50 267.89 45.00 25.31 0.9961 high
1702.50 267.89 45.00 25.31 0.9893 high
1702.50 267.89 45.00 25.31 0.9831 high
1702.50 267.89 45.00 25.31 0.9918 high
1702.50 267.89 45.00 25.31 0.9862 high
1702.50 267.89 45.00 25.31 0.9807 high
1698.75 267.89 48.75 25.31 0.9869 high
1702.50 267.89 45.00 25.31 0.9853 high
1702.50 267.89 45.00 25.31 0.9871 high
1698.75 267.89 45.00 25.31 0.9839 high
1698.75 267.89 45.00 25.31 0.9922 high
1698.75 267.89 45.00 25.31 0.9960 high
1698.75 267.89 45.00 25.31 0.9937 high
1698.75 267.89 45.00 25.31 0.9943 high
1698.75 267.89 45.00 25.31 0.9804 high
1698.75 267.89 45.00 25.31 0.9860 high
1698.75 267.89 45.00 25.31 0.9902 high
1698.75 270.00 45.00 23.20 0.9896 high
1698.75 270.00 45.00 23.20 0.9843 high
1698.75 270.00 45.00 23.20 0.9944 high
1698.75 270.00 45.00 23.20 0.9853 high
1698.75 270.00 45.00 23.20 0.9909 high
1698.75 270.00 45.00 25.31 0.9940 high
1698.75 270.00 45.00 25.31 0.9964 high
1695.00 270.00 48.75 25.31 0.9860 high
1695.00 270.00 48.75 25.31 0.9934 high
1695.00 272.11 45.00 23.20 0.9884 high
1695.00 272.11 45.00 23.20 0.9941 high
1695.00 272.11 45.00 23.20 0.9855 high
1695.00 272.11 45.00 25.31 0.9812 high
1695.00 272.11 41.25 25.31 0.9813 high
1695.00 274.22 41.25 23.20 0.9899 high
1691.25 274.22 45.00 23.20 0.9814 high
1691.25 274.22 45.00 23.20 0.9919 high
1691.25 274.22 45.00 23.20 0.9864 high
1691.25 274.22 45.00 23.20 0.9846 high
1691.25 274.22 45.00 23.20 0.9913 high
1691.25 274.22 41.25 23.20 0.9884 high
1691.25 274.22 41.25 23.20 0.9985 high
1691.25 274.22 41.25 23.20 0.9980 high
1691.25 274.22 41.25 25.31 0.9896 high
1687.50 274.22 45.00 25.31 0.9902 high
1687.50 274.22 45.00 25.31 0.9871 high
1687.50 276.33 41.25 23.20 0.9971 high
1687.50 276.33 41.25 23.20 0.9970 high
1687.50 276.33 41.25 25.31 0.9955 high
1687.50 276.33 41.25 25.31 0.9965 high
1687.50 276.33 41.25 25.31 0.9896 high
1687.50 276.33 41.25 25.31 0.9949 high
1687.50 276.33 41.25 25.31 0.9857 high
1687.50 278.44 41.25 23.20 0.9989 high
1687.50 278.44 41.25 23.20 0.9949 high
1687.50 278.44 41.25 23.20 0.9913 high
1687.50 278.44 41.25 23.20 0.9799 high
1687.50 278.44 41.25 23.20 0.9851 high
1687.50 278.44 41.25 23.20 0.9945 high
1687.50 278.44 41.25 25.31 0.9807 high
1687.50 278.44 41.25 25.31 0.9864 high
1687.50 278.44 41.25 25.31 0.9978 high
1687.50 278.44 41.25 25.31 0.9957 high
1687.50 278.44 41.25 25.31 0.9947 high
1687.50 278.44 41.25 25.31 0.9918 high
1687.50 278.44 41.25 25.31 0.9944 high
1687.50 278.44 41.25 25.31 0.9957 high
1687.50 278.44 41.25 25.31 0.9889 high
1687.50 278.44 41.25 25.31 0.9898 high
1687.50 278.44 37.50 27.42 0.9825 high
1683.75 278.44 41.25 27.42 0.9898 high
1683.75 278.44 37.50 27.42 0.9961 high
1683.75 278.44 37.50 27.42 0.9838 high
1680.00 278.44 41.25 27.42 0.9852 high
1676.25 278.44 45.00 27.42 0.9917 high
1676.25 278.44 41.25 27.42 0.9971 high
1672.50 280.55 41.25 25.31 0.9903 high
1672.50 280.55 41.25 25.31 0.9868 high
1668.75 280.55 41.25 25.31 0.9960 high
1668.75 282.66 37.50 25.31 0.9875 high
1661.25 282.66 45.00 25.31 0.9839 high
1661.25 282.66 37.50 25.31 0.9987 high
1657.50 282.66 41.25 25.31 0.9888 high
1653.75 282.66 41.25 25.31 0.9938 high
1650.00 282.66 41.25 27.42 0.9916 high
1646.25 284.77 45.00 25.31 0.9899 high
1642.50 284.77 41.25 25.31 0.9826 high
1642.50 284.77 37.50 25.31 0.9889 high
1635.00 286.88 41.25 23.20 0.9918 high
1631.25 286.88 45.00 23.20 0.9974 high
1627.50 288.98 41.25 23.20 0.9903 high
1627.50 288.98 41.25 23.20 0.9844 high
1623.75 288.98 37.50 23.20 0.9956 high
1616.25 288.98 45.00 23.20 0.9888 high
1616.25 291.09 41.25 23.20 0.9872 high
1612.50 291.09 41.25 23.20 0.9924 high
1608.75 291.09 45.00 23.20 0.9903 high
1608.75 293.20 37.50 23.20 0.9983 high
1605.00 293.20 41.25 23.20 0.9830 high
1601.25 295.31 41.25 23.20 0.9886 high
1601.25 297.42 37.50 21.09 0.9980 high
1597.50 299.53 41.25 21.09 0.9817 high
1597.50 299.53 41.25 23.20 0.9922 high
1593.75 301.64 41.25 23.20 0.9940 high
1593.75 303.75 37.50 23.20 0.9873 high
1590.00 305.86 41.25 21.09 0.9850 high
1590.00 307.97 41.25 21.09 0.9903 high
1586.25 310.08 45.00 21.09 0.9855 high
1586.25 312.19 45.00 23.20 0.9923 high
1586.25 314.30 45.00 21.09 0.9850 high
1586.25 316.41 41.25 21.09 0.9925 high
1582.50 318.52 45.00 21.09 0.9928 high
1586.25 320.62 41.25 23.20 0.9871 high
1582.50 322.73 41.25 23.20 0.9920 high
1582.50 324.84 41.25 23.20 0.9849 high
1582.50 326.95 41.25 23.20 0.9916 high
1582.50 329.06 41.25 23.20 0.9881 high
1582.50 331.17 41.25 23.20 0.9869 high
1582.50 333.28 41.25 23.20 0.9926 high
1582.50 335.39 41.25 23.20 0.9925 high
1582.50 337.50 41.25 23.20 0.9962 high
1582.50 339.61 41.25 23.20 0.9896 high
1582.50 341.72 41.25 23.20 0.9822 high
1582.50 343.83 41.25 23.20 0.9681 high
1582.50 345.94 41.25 23.20 0.9927 high
1582.50 348.05 41.25 23.20 0.9904 high
1582.50 350.16 41.25 23.20 0.9877 high
1582.50 352.27 41.25 23.20 0.9911 high
1582.50 354.38 41.25 23.20 0.9841 high
1582.50 356.48 41.25 23.20 0.9954 high
1582.50 358.59 41.25 23.20 0.9875 high
1582.50 360.70 41.25 23.20 0.9885 high
1586.25 362.81 37.50 23.20 0.9913 high
1582.50 364.92 41.25 21.09 0.9794 high
1582.50 367.03 41.25 21.09 0.9909 high
1582.50 367.03 41.25 23.20 0.9900 high
1582.50 369.14 45.00 21.09 0.9842 high
1582.50 371.25 41.25 21.09 0.9832 high
1582.50 371.25 41.25 23.20 0.9891 high
1582.50 375.47 41.25 21.09 0.9884 high
1582.50 375.47 41.25 23.20 0.9817 high
1582.50 377.58 41.25 21.09 0.9844 high
1582.50 379.69 41.25 21.09 0.9848 high
1582.50 381.80 41.25 21.09 0.9788 high
1582.50 381.80 41.25 21.09 0.9821 high
1582.50 383.91 41.25 21.09 0.9935 high
1582.50 386.02 41.25 21.09 0.9936 high
1582.50 386.02 41.25 21.09 0.9866 high
1582.50 388.12 45.00 21.09 0.9924 high
1582.50 390.23 45.00 21.09 0.9951 high
1582.50 390.23 45.00 21.09 0.9901 high
1582.50 390.23 45.00 23.20 0.9837 high
1582.50 392.34 45.00 21.09 0.9931 high
1582.50 392.34 45.00 21.09 0.9897 high
1582.50 392.34 41.25 23.20 0.9909 high
1582.50 392.34 41.25 23.20 0.9898 high
1582.50 392.34 41.25 23.20 0.9917 high
1582.50 392.34 41.25 23.20 0.9932 high
1582.50 394.45 41.25 21.09 0.9982 high
1582.50 394.45 41.25 21.09 0.9967 high
1582.50 394.45 41.25 21.09 0.9945 high
1582.50 394.45 41.25 21.09 0.9893 high
1582.50 394.45 41.25 21.09 0.9960 high
1582.50 394.45 41.25 21.09 0.9941 high
1582.50 394.45 45.00 21.09 0.9966 high
1582.50 394.45 45.00 21.09 0.9916 high
1582.50 394.45 45.00 21.09 0.9925 high
1582.50 394.45 45.00 21.09 0.9899 high
1582.50 394.45 45.00 21.09 0.9830 high
1586.25 394.45 41.25 21.09 0.9916 high
1586.25 394.45 41.25 21.09 0.9961 high
1586.25 394.45 45.00 21.09 0.9921 high
1586.25 392.34 45.00 23.20 0.9934 high
1590.00 394.45 41.25 21.09 0.9834 high
1593.75 392.34 41.25 25.31 0.9903 high
1593.75 392.34 45.00 23.20 0.9860 high
1597.50 392.34 41.25 23.20 0.9946 high
1597.50 392.34 45.00 23.20 0.9880 high
1601.25 392.34 41.25 23.20 0.9822 high
1605.00 392.34 41.25 23.20 0.9902 high
1608.75 392.34 41.25 23.20 0.9817 high
1608.75 392.34 45.00 21.09 0.9926 high
1612.50 390.23 45.00 23.20 0.9816 high
1616.25 390.23 45.00 23.20 0.9855 high
1620.00 390.23 45.00 23.20 0.9928 high
1623.75 390.23 45.00 23.20 0.9742 high
1627.50 390.23 45.00 21.09 0.9857 high
1631.25 388.12 45.00 23.20 0.9966 high
1638.75 388.12 45.00 23.20 0.9852 high
1642.50 388.12 41.25 23.20 0.9948 high
1646.25 388.12 45.00 21.09 0.9910 high
1653.75 388.12 45.00 21.09 0.9907 high
1657.50 386.02 45.00 23.20 0.9834 high
1661.25 386.02 45.00 23.20 0.9840 high
1665.00 386.02 48.75 23.20 0.9939 high
1672.50 383.91 45.00 23.20 0.9843 high
1676.25 383.91 45.00 23.20 0.9903 high
1683.75 383.91 41.25 23.20 0.9924 high
1687.50 383.91 41.25 23.20 0.9917 high
1691.25 381.80 45.00 23.20 0.9840 high
1698.75 381.80 41.25 23.20 0.9962 high
1702.50 381.80 41.25 23.20 0.9926 high
1710.00 379.69 41.25 25.31 0.9941 high
1713.75 379.69 45.00 23.20 0.9983 high
1717.50 377.58 45.00 25.31 0.9924 high
1725.00 377.58 41.25 25.31 0.9906 high
1728.75 375.47 41.25 27.42 0.9985 high
1732.50 375.47 41.25 27.42 0.9936 high
1736.25 375.47 41.25 27.42 0.9854 high
1743.75 375.47 37.50 27.42 0.9842 high
1747.50 375.47 37.50 25.31 0.9990 high
1747.50 375.47 41.25 25.31 0.9974 high
1751.25 375.47 41.25 25.31 0.9930 high
1755.00 375.47 41.25 25.31 0.9792 high
1758.75 375.47 37.50 25.31 0.9865 high
1758.75 375.47 45.00 23.20 0.9955 high
1762.50 375.47 41.25 23.20 0.9886 high
1762.50 375.47 41.25 23.20 0.9892 high
1766.25 377.58 37.50 21.09 0.9902 high
1770.00 377.58 33.75 21.09 0.9839 high
1770.00 377.58 37.50 21.09 0.9807 high
1770.00 377.58 37.50 21.09 0.9804 high
1773.75 375.47 37.50 23.20 0.9870 high
1773.75 375.47 37.50 23.20 0.9899 high
1773.75 373.36 41.25 25.31 0.9978 high
1773.75 375.47 41.25 23.20 0.9933 high
1773.75 373.36 45.00 25.31 0.9883 high
1773.75 373.36 45.00 23.20 0.9900 high
1773.75 373.36 45.00 23.20 0.9948 high
1773.75 373.36 45.00 23.20 0.9868 high
1773.75 373.36 45.00 23.20 0.9898 high
1773.75 373.36 45.00 23.20 0.9849 high
1777.50 373.36 41.25 23.20 0.9848 high
1777.50 373.36 41.25 23.20 0.9897 high
1777.50 373.36 41.25 23.20 0.9951 high
1777.50 373.36 41.25 23.20 0.9914 high
1777.50 373.36 41.25 23.20 0.9965 high
1777.50 373.36 41.25 23.20 0.9813 high
1777.50 373.36 41.25 23.20 0.9894 high
1777.50 373.36 41.25 21.09 0.9910 high
1777.50 373.36 41.25 21.09 0.9934 high
1777.50 373.36 41.25 21.09 0.9954 high
1777.50 373.36 41.25 21.09 0.9913 high
1777.50 373.36 41.25 21.09 0.9942 high
1777.50 373.36 41.25 21.09 0.9995 high
1777.50 371.25 41.25 23.20 0.9874 high
1777.50 373.36 41.25 21.09 0.9820 high
1773.75 371.25 45.00 23.20 0.9877 high
1773.75 371.25 45.00 23.20 0.9950 high
1773.75 371.25 45.00 23.20 0.9864 high
1773.75 371.25 45.00 23.20 0.9898 high
1773.75 371.25 45.00 23.20 0.9810 high
1773.75 369.14 45.00 25.31 0.9947 high
1773.75 369.14 45.00 25.31 0.9906 high
1770.00 369.14 48.75 25.31 0.9873 high
1770.00 369.14 48.75 25.31 0.9872 high
1770.00 369.14 45.00 25.31 0.9849 high
1770.00 369.14 45.00 25.31 0.9946 high
1770.00 369.14 45.00 25.31 0.9901 high
1770.00 371.25 45.00 23.20 0.9857 high
1770.00 371.25 45.00 23.20 0.9939 high
1766.25 371.25 48.75 23.20 0.9875 high
1766.25 371.25 48.75 23.20 0.9913 high
1766.25 371.25 45.00 23.20 0.9933 high
1766.25 371.25 45.00 23.20 0.9906 high
1766.25 371.25 45.00 23.20 0.9968 high
1766.25 371.25 45.00 23.20 0.9723 high
1766.25 369.14 45.00 25.31 0.9852 high
1766.25 371.25 45.00 23.20 0.9904 high
1766.25 371.25 45.00 23.20 0.9937 high
1766.25 371.25 45.00 23.20 0.9962 high
1766.25 373.36 45.00 21.09 0.9871 high
1766.25 373.36 45.00 23.20 0.9834 high
1770.00 373.36 41.25 23.20 0.9915 high
1770.00 375.47 41.25 23.20 0.9874 high
1770.00 379.69 37.50 18.98 0.9878 high
1770.00 379.69 41.25 21.09 0.9792 high
1770.00 379.69 41.25 23.20 0.9900 high
1770.00 379.69 45.00 23.20 0.9925 high
1770.00 381.80 48.75 23.20 0.9896 high
1773.75 383.91 41.25 21.09 0.9964 high
1773.75 388.12 37.50 18.98 0.9837 high
1773.75 388.12 41.25 21.09 0.9921 high
1773.75 388.12 41.25 21.09 0.9952 high
1773.75 390.23 41.25 21.09 0.9917 high
1773.75 390.23 45.00 23.20 0.9865 high
1777.50 396.56 33.75 16.88 0.9736 high
-100 -100 -100 -100 0.0000 coast_none
1777.40 397.60 36.37 18.29 0.0000 coast
416.25 392.34 26.25 16.88 0.9938 reinit
416.25 392.34 26.25 16.88 0.9619 high
416.25 394.45 26.25 12.66 0.9540 high
416.25 394.45 26.25 12.66 0.8722 high
416.25 395.13 26.25 11.31 0.0000 coast
416.25 394.45 26.25 12.66 0.8722 high
416.25 395.02 26.25 11.53 0.0000 coast
416.25 395.39 26.25 10.78 0.0000 coast
423.75 394.45 15.00 4.22 0.8807 high
420.00 394.45 18.75 4.22 0.8667 high
-100 -100 -100 -100 0.0000 coast_none
-100 -100 -100 -100 0.0000 coast_none
421.65 394.45 15.66 1.00 0.0000 coast
427.50 394.45 7.50 4.22 0.3412 low
428.25 394.64 6.13 3.09 0.0000 coast
429.35 394.86 4.32 2.16 0.0000 coast
420.00 394.45 22.50 12.66 0.9584 reinit
420.00 394.45 22.50 12.66 0.9585 high
416.25 392.34 26.25 14.77 0.9344 high
416.25 392.34 26.25 14.77 0.9039 high
416.25 392.34 26.25 14.77 0.9168 high
416.25 392.34 26.25 14.77 0.9715 high
416.25 394.45 26.25 12.66 0.9306 high
415.31 393.51 27.19 13.60 0.0000 coast
414.71 393.43 27.79 13.68 0.0000 coast
414.12 393.35 28.38 13.76 0.0000 coast
413.52 393.27 28.98 13.84 0.0000 coast
423.75 394.45 15.00 4.22 0.9693 high
423.27 394.39 15.44 4.19 0.0000 coast
423.75 394.45 15.00 4.22 0.9595 high
424.19 394.49 14.23 3.42 0.0000 coast
423.75 394.45 15.00 4.22 0.8059 high
-100 -100 -100 -100 0.0000 coast_none
424.48 394.53 13.79 3.05 0.0000 coast
776.25 527.34 7.50 6.33 0.9584 reinit
776.25 527.34 7.50 6.33 0.9576 high
776.25 527.34 7.50 6.33 0.0000 coast
776.25 527.34 7.50 6.33 0.8294 high
776.25 527.34 7.50 6.33 0.0000 coast
776.25 527.34 7.50 6.33 0.0000 coast
776.25 527.34 7.50 4.22 0.9739 high
776.25 527.34 7.50 4.22 0.9111 high
776.25 527.34 7.50 3.84 0.0000 coast
776.25 527.34 7.50 6.33 0.9797 high
776.25 527.34 7.50 6.33 0.8565 high
776.25 527.34 7.50 6.19 0.0000 coast
776.25 527.34 7.50 6.23 0.0000 coast
776.25 527.34 7.50 6.33 0.9405 high
776.25 527.34 7.50 4.22 0.9477 high
776.25 527.34 7.50 4.22 0.9817 high
776.25 527.34 7.50 4.23 0.0000 coast
776.25 527.34 7.50 4.07 0.0000 coast
776.25 527.34 7.50 4.22 0.9516 high
-100 -100 -100 -100 0.0000 coast_none
776.25 527.34 7.50 4.22 0.7059 high
776.25 527.34 7.50 4.04 0.0000 coast
776.25 527.34 7.50 3.93 0.0000 coast
776.25 527.34 7.50 6.33 0.9075 high
776.25 527.34 7.50 6.33 0.9118 high
776.25 527.34 7.50 6.36 0.0000 coast
776.25 527.34 7.50 4.22 0.9752 high
776.25 527.34 7.50 4.65 0.0000 coast
-100 -100 -100 -100 0.0000 coast_none
776.25 527.34 7.50 4.22 0.9320 high
776.25 527.34 7.50 6.33 0.9771 high
776.25 527.34 7.50 6.33 0.9922 high
776.25 527.34 7.50 4.22 0.8882 high
776.25 527.34 7.50 4.22 0.9686 high
776.25 527.34 7.50 6.33 0.8542 high
776.25 527.34 7.50 4.22 0.9882 high
776.25 527.34 7.50 4.22 0.9451 high
776.25 527.34 7.50 4.22 0.9621 high
776.25 527.34 7.50 4.22 0.9843 high
776.25 527.34 7.50 4.22 0.8863 high
776.25 527.34 7.50 6.33 0.9549 high
776.25 527.34 7.50 5.66 0.0000 coast
776.25 527.34 7.50 6.33 0.8562 high
776.25 527.34 7.50 6.33 0.0000 coast
776.25 527.34 7.50 6.47 0.0000 coast
776.25 527.34 7.50 6.33 0.9922 high
776.25 527.34 7.50 6.33 0.8085 high
776.25 527.34 7.50 6.48 0.0000 coast
776.25 527.34 7.50 6.58 0.0000 coast
776.25 527.34 7.50 6.33 0.9850 high
776.25 527.34 7.50 6.45 0.0000 coast
776.25 527.34 7.50 6.52 0.0000 coast
776.25 527.34 11.25 6.33 0.9505 reinit
776.25 527.34 7.50 6.33 0.9673 high
776.25 527.34 7.50 6.33 0.8425 high
776.25 527.34 7.50 6.33 0.8133 high
776.25 527.34 7.50 6.33 0.9641 high
776.25 527.34 7.50 4.22 0.9843 high
776.25 527.34 7.50 6.33 0.8124 high
776.25 527.34 7.50 6.33 0.9490 high
776.25 527.34 7.50 6.33 0.9712 high
776.25 527.34 7.34 6.27 0.0000 coast
776.25 527.34 7.25 6.28 0.0000 coast
416.25 392.34 26.25 14.77 0.9764 reinit
420.00 394.45 15.00 10.55 0.8700 high
416.25 394.45 22.50 10.55 0.9118 high
415.56 394.83 23.21 9.79 0.0000 coast
416.25 394.45 22.50 10.55 0.9100 high
415.34 394.76 23.78 9.94 0.0000 coast
414.71 394.94 24.72 9.57 0.0000 coast
420.00 394.45 15.00 4.22 0.7765 high
-100 -100 -100 -100 0.0000 coast_none
-100 -100 -100 -100 0.0000 coast_none
772.50 527.34 15.00 6.33 0.9702 reinit
776.25 527.34 7.50 6.33 0.8020 high
776.25 527.34 7.50 4.22 0.9490 high
776.25 527.34 7.50 6.33 0.9850 high
776.25 527.34 7.50 4.22 0.7948 high
776.25 527.34 7.50 4.22 0.7791 high
776.48 527.34 7.05 3.91 0.0000 coast
-100 -100 -100 -100 0.0000 coast_none
780.00 529.45 3.75 2.11 0.4980 low
780.00 529.45 3.75 2.11 0.5765 high
-100 -100 -100 -100 0.0000 coast_none
780.00 529.45 3.75 2.11 0.9255 high
780.72 529.82 2.96 1.55 0.0000 coast
781.18 530.06 2.46 1.20 0.0000 coast
781.65 530.22 1.96 1.00 0.0000 coast
776.25 527.34 7.50 4.22 0.9046 reinit
-100 -100 -100 -100 0.0000 coast_none
776.25 527.34 7.50 4.22 0.7974 high
776.25 527.34 7.50 4.22 0.9529 high
776.25 527.34 7.50 4.22 0.7608 high
776.25 527.34 7.50 4.22 0.9072 high
776.25 527.34 7.50 4.22 0.7281 high
776.25 527.34 7.50 4.22 0.8941 high
776.25 527.34 7.50 6.33 0.8438 high
776.25 527.34 7.50 5.90 0.0000 coast
776.25 527.34 7.50 6.13 0.0000 coast
776.25 527.34 7.50 4.22 0.9935 high
776.25 527.34 7.50 4.22 0.9673 high
776.25 527.34 7.50 4.22 0.9346 high
776.25 527.34 7.50 4.22 0.9869 high
776.25 527.34 7.50 4.22 0.9856 high
776.25 527.34 7.50 4.22 0.9647 high
776.25 527.34 7.50 4.19 0.0000 coast
776.25 527.34 7.50 4.17 0.0000 coast
776.25 527.34 11.25 6.33 0.9382 reinit
776.25 527.34 11.25 6.33 0.9373 high
776.25 527.34 7.50 6.33 0.9118 high
776.25 527.34 7.12 6.33 0.0000 coast
776.25 527.34 5.91 6.33 0.0000 coast
776.25 527.34 11.25 6.33 0.9843 reinit
776.25 527.34 11.25 6.33 0.9289 high
776.25 527.34 7.50 6.33 0.9255 high
776.25 527.34 7.12 6.33 0.0000 coast
776.25 527.34 5.91 6.33 0.0000 coast
772.50 525.23 15.00 10.55 0.9289 reinit
772.50 525.23 15.00 10.55 0.9328 high
772.50 525.23 15.00 10.55 0.0000 coast
776.25 527.34 11.25 6.33 0.9721 high
776.25 527.34 11.25 6.33 0.9782 high
776.25 527.34 11.25 6.33 0.9356 high
777.14 527.84 10.36 5.33 0.0000 coast
777.80 528.21 9.70 4.59 0.0000 coast
-100 -100 -100 -100 0.0000 coast_none
780.00 529.45 3.75 2.11 0.7255 high
780.00 529.45 3.75 2.11 0.4902 low
-100 -100 -100 -100 0.0000 coast_none
-100 -100 -100 -100 0.0000 coast_none
-100 -100 -100 -100 0.0000 coast_none
-100 -100 -100 -100 0.0000 coast_none
-100 -100 -100 -100 0.0000 coast_none
-100 -100 -100 -100 0.0000 coast_none
780.00 529.45 3.75 2.11 0.6353 high
780.58 529.81 2.70 1.40 0.0000 coast
781.07 530.01 1.76 1.00 0.0000 coast
776.25 527.34 11.25 6.33 0.9711 reinit
776.25 527.34 11.25 6.33 0.9765 high
776.25 527.34 11.25 6.33 0.0000 coast
776.25 527.34 7.50 6.33 0.9549 high
776.25 527.34 7.50 6.33 0.9608 high
776.25 527.34 6.51 6.33 0.0000 coast
776.25 527.34 5.64 6.33 0.0000 coast
776.25 527.34 11.25 6.33 0.9583 reinit
776.25 527.34 11.25 6.33 0.9838 high
776.25 527.34 11.25 6.33 0.9672 high
776.25 527.34 11.25 6.33 0.9745 high
776.25 527.34 11.25 6.33 0.9730 high
776.25 527.34 11.25 6.33 0.9828 high
776.25 527.34 11.25 6.33 0.0000 coast
776.25 527.34 7.50 6.33 0.8673 high
776.25 527.34 7.66 6.33 0.0000 coast
-100 -100 -100 -100 0.0000 coast_none
780.00 529.45 3.75 2.11 0.9490 reinit
780.00 529.45 3.75 2.11 0.0000 coast
780.00 529.45 3.75 2.11 0.0000 coast
776.25 527.34 7.50 4.22 0.9582 high
775.62 526.99 8.13 4.57 0.0000 coast
-100 -100 -100 -100 0.0000 coast_none
776.25 527.34 7.50 4.22 0.9843 high
775.55 526.95 8.20 4.61 0.0000 coast
776.25 527.34 7.50 4.22 0.9069 high
776.25 527.34 7.50 4.22 0.9216 high
775.88 527.13 7.87 4.43 0.0000 coast
775.65 527.00 8.10 4.56 0.0000 coast
776.25 527.34 7.50 4.22 0.7987 high
-100 -100 -100 -100 0.0000 coast_none
-100 -100 -100 -100 0.0000 coast_none
420.00 394.45 22.50 12.66 0.9050 reinit
423.75 394.45 18.75 6.33 0.8882 high
424.03 394.45 18.47 5.86 0.0000 coast
424.80 394.45 17.70 4.55 0.0000 coast
-100 -100 -100 -100 0.0000 coast_none
776.25 527.34 7.50 4.22 0.9817 reinit
776.25 527.34 7.50 4.22 0.0000 coast
776.25 527.34 7.50 4.22 0.9895 high
776.25 527.34 7.50 4.22 0.8078 high
776.25 527.34 7.50 4.22 0.0000 coast
-100 -100 -100 -100 0.0000 coast_none
780.00 529.45 3.75 2.11 0.9373 high
780.00 529.45 3.75 2.11 0.9686 high
780.00 529.45 3.75 2.11 0.3137 low
780.77 529.88 2.98 1.68 0.0000 coast
780.00 529.45 3.75 2.11 0.8431 high
-100 -100 -100 -100 0.0000 coast_none
781.06 530.05 2.69 1.51 0.0000 coast
781.46 530.28 2.29 1.29 0.0000 coast
780.00 529.45 3.75 2.11 0.9529 high
780.00 529.45 3.75 2.11 0.8745 high
780.00 529.45 3.75 2.11 0.4824 low
780.00 529.45 3.75 2.11 0.9412 high
780.24 529.59 3.51 1.97 0.0000 coast
780.39 529.67 3.36 1.89 0.0000 coast
776.25 527.34 7.50 4.22 0.9686 reinit
776.25 527.34 7.50 4.22 0.9725 high
776.25 527.34 7.50 6.33 0.8693 high
776.25 527.34 7.50 6.33 0.9719 high
776.25 527.34 7.50 6.33 0.9941 high
776.25 527.34 7.50 6.99 0.0000 coast
776.25 527.34 7.50 7.47 0.0000 coast
776.25 527.34 11.25 6.33 0.9552 reinit
776.25 527.34 11.25 6.33 0.9793 high
772.50 527.34 15.00 6.33 0.9168 high
772.50 527.34 15.00 6.33 0.9068 high
772.50 525.23 15.00 8.44 0.9251 high
771.15 525.60 16.35 8.07 0.0000 coast
770.21 525.28 17.29 8.39 0.0000 coast
776.25 527.34 11.25 6.33 0.9681 high
772.50 527.34 15.00 6.33 0.8906 high
772.50 525.23 15.00 10.55 0.9451 high
772.50 525.23 15.00 10.55 0.9299 high
772.50 527.34 15.00 8.44 0.9800 high
772.50 527.34 15.00 8.44 0.9840 high
772.50 527.34 15.00 6.33 0.9859 high
772.50 527.34 15.00 6.33 0.9600 high
772.50 527.34 15.00 6.33 0.9725 high
776.25 527.34 11.25 6.33 0.9569 high
772.50 527.34 15.00 6.33 0.9702 high
772.50 527.34 15.00 8.44 0.9811 high
772.50 527.34 15.00 6.33 0.9569 high
776.25 527.34 11.25 6.33 0.9451 high
776.25 527.34 11.25 6.33 0.9529 high
776.25 527.34 11.25 6.33 0.9701 high
776.41 527.36 11.09 6.28 0.0000 coast
776.63 527.37 10.87 6.23 0.0000 coast
776.85 527.38 10.65 6.18 0.0000 coast
1361.25 618.05 22.50 8.44 0.9549 reinit
1361.25 615.94 22.50 10.55 0.9661 high
1361.25 615.94 22.50 10.55 0.9509 high
1361.25 618.05 18.75 8.44 0.9219 high
1361.25 617.73 18.64 8.75 0.0000 coast
1361.25 618.02 17.65 8.46 0.0000 coast
-100 -100 -100 -100 0.0000 coast_none
1676.25 480.94 26.25 12.66 0.9877 reinit
-100 -100 -100 -100 0.0000 coast_none
-100 -100 -100 -100 0.0000 coast_none
780.00 529.45 3.75 2.11 0.9412 reinit
780.00 529.45 3.75 2.11 0.9608 high
-100 -100 -100 -100 0.0000 coast_none
780.00 529.45 3.75 2.11 0.0000 coast
776.25 527.34 7.50 6.33 0.8745 high
-100 -100 -100 -100 0.0000 coast_none
774.74 526.49 9.01 8.03 0.0000 coast
1653.75 478.83 37.50 18.98 0.9932 reinit
1653.75 478.83 37.50 18.98 0.9975 high
1650.00 478.83 37.50 18.98 0.9925 high
1650.00 476.72 37.50 21.09 0.9910 high
1650.00 476.72 37.50 21.09 0.9885 high
1646.25 476.72 41.25 21.09 0.9961 high
1646.25 476.72 41.25 21.09 0.9899 high
1646.25 476.72 41.25 21.09 0.9808 high
1646.25 476.72 41.25 21.09 0.9979 high
1642.50 476.72 45.00 21.09 0.9930 high
1642.50 476.72 45.00 21.09 0.9776 high
1642.50 476.72 45.00 21.09 0.9801 high
1642.50 476.72 45.00 21.09 0.9873 high
1642.50 476.72 41.25 21.09 0.9956 high
1638.75 476.72 48.75 21.09 0.9860 high
1638.75 476.72 45.00 18.98 0.9810 high
1638.75 474.61 45.00 21.09 0.9828 high
1638.75 474.61 45.00 21.09 0.9871 high
1638.75 474.61 45.00 21.09 0.9784 high
1638.75 474.61 45.00 21.09 0.9791 high
1638.75 474.61 45.00 21.09 0.9845 high
1642.50 472.50 41.25 23.20 0.9953 high
1642.50 472.50 41.25 23.20 0.9865 high
1642.50 472.50 41.25 23.20 0.9873 high
1642.50 472.50 41.25 23.20 0.9982 high
1642.50 472.50 45.00 23.20 0.9904 high
1646.25 470.39 41.25 25.31 0.9878 high
1646.25 470.39 45.00 25.31 0.9768 high
1650.00 470.39 41.25 25.31 0.9798 high
1650.00 470.39 45.00 25.31 0.9796 high
1653.75 470.39 41.25 23.20 0.9844 high
1657.50 470.39 37.50 23.20 0.9961 high
1661.25 470.39 37.50 23.20 0.9856 high
1661.25 472.50 37.50 21.09 0.9827 high
1665.00 470.39 37.50 21.09 0.9923 high
1668.75 472.50 33.75 18.98 0.9960 high
1676.25 472.50 26.25 18.98 0.9821 high
1676.74 472.39 27.27 18.65 0.0000 coast
-100 -100 -100 -100 0.0000 coast_none
776.25 527.34 7.50 6.33 0.9353 reinit
776.25 527.34 7.50 6.33 0.9987 high
776.25 527.34 7.50 6.33 0.0000 coast
776.25 527.34 11.25 6.33 0.9417 high
776.25 527.34 11.25 6.33 0.9510 high
776.25 527.34 11.25 6.33 0.9873 high
776.25 527.34 12.51 6.33 0.0000 coast
772.50 525.23 15.00 8.44 0.9818 high
772.50 525.23 15.00 10.55 0.9381 high
772.32 525.13 16.18 9.99 0.0000 coast
771.94 524.92 17.13 10.33 0.0000 coast
776.25 527.34 11.25 6.33 0.9721 reinit
776.25 527.34 11.25 6.33 0.9692 high
776.25 527.34 7.50 6.33 0.9686 high
776.25 527.34 7.50 6.33 0.8065 high
776.25 527.34 7.50 6.33 0.8699 high
776.25 527.34 7.50 6.33 0.8928 high
776.25 527.34 6.68 6.33 0.0000 coast
776.25 527.34 6.12 6.33 0.0000 coast
776.25 527.34 5.57 6.33 0.0000 coast
780.00 529.45 3.75 2.11 0.7216 high
780.23 529.58 3.12 1.85 0.0000 coast
780.73 529.86 2.40 1.29 0.0000 coast
-100 -100 -100 -100 0.0000 coast_none
-100 -100 -100 -100 0.0000 coast_none
781.84 530.01 1.00 1.00 0.0000 coast
780.00 527.34 3.75 4.22 0.8529 high
-100 -100 -100 -100 0.0000 coast_none
-100 -100 -100 -100 0.0000 coast_none
780.00 529.45 3.75 2.11 0.9020 high
-100 -100 -100 -100 0.0000 coast_none
780.00 529.45 3.75 2.11 0.3020 low
780.31 529.67 3.30 1.67 0.0000 coast
780.49 529.86 3.03 1.35 0.0000 coast
780.66 530.05 2.77 1.02 0.0000 coast
776.25 527.34 7.50 4.22 0.9111 reinit
776.25 527.34 7.50 6.33 0.9804 high
776.25 527.34 7.50 6.49 0.0000 coast
776.25 527.34 7.50 6.33 0.9497 high
776.25 527.34 7.50 6.33 0.9895 high
776.25 527.34 7.50 6.33 0.9922 high
776.25 527.34 7.50 6.33 0.9817 high
776.25 527.34 7.50 6.52 0.0000 coast
776.25 527.34 7.50 6.65 0.0000 coast
772.50 527.34 15.00 8.44 0.9772 reinit
772.50 527.34 15.00 8.44 0.9704 high
772.50 527.34 15.00 6.33 0.9894 high
772.50 527.34 15.00 6.11 0.0000 coast
776.25 527.34 7.50 4.22 0.8601 high
-100 -100 -100 -100 0.0000 coast_none
-100 -100 -100 -100 0.0000 coast_none
776.25 527.34 7.50 4.22 0.7582 high
776.25 527.34 7.50 4.22 0.9595 high
776.75 527.34 6.51 3.75 0.0000 coast
776.25 527.34 7.50 4.22 0.9686 high
776.25 529.45 7.50 2.11 0.7176 high
-100 -100 -100 -100 0.0000 coast_none
776.25 527.34 7.50 4.22 0.8301 high
776.25 527.34 7.50 4.22 0.8562 high
776.44 527.46 7.12 3.93 0.0000 coast
-100 -100 -100 -100 0.0000 coast_none
-100 -100 -100 -100 0.0000 coast_none
-100 -100 -100 -100 0.0000 coast_none
780.00 529.45 3.75 2.11 0.9686 high
780.00 529.45 3.75 2.11 0.9608 high
780.42 529.62 3.24 1.86 0.0000 coast
780.80 529.79 2.82 1.65 0.0000 coast
776.25 527.34 7.50 4.22 0.9843 reinit
776.25 527.34 7.50 4.22 0.9869 high
776.25 527.34 7.50 4.22 0.9542 high
776.25 527.34 7.50 4.22 0.8353 high
776.25 527.34 7.50 4.22 0.7673 high
776.25 527.34 7.50 4.22 0.0000 coast
776.25 527.34 7.50 4.22 0.0000 coast
-100 -100 -100 -100 0.0000 coast_none
-100 -100 -100 -100 0.0000 coast_none
776.25 527.34 7.50 4.22 0.8784 high
776.25 527.34 7.50 4.22 0.0000 coast
776.25 527.34 7.50 4.22 0.0000 coast
776.25 527.34 7.50 4.22 0.9660 high
776.25 527.34 7.50 4.22 0.0000 coast
776.25 527.34 7.50 4.22 0.9363 high
776.25 527.34 7.50 4.22 0.0000 coast
776.25 527.34 7.50 6.33 0.9778 high
776.25 527.34 7.50 6.33 0.9157 high
776.25 527.34 7.50 6.33 0.8455 high
776.25 527.34 7.50 6.33 0.8523 high
776.25 527.34 7.50 6.58 0.0000 coast
776.25 527.34 7.50 4.22 0.9712 high
776.25 527.34 7.50 6.33 0.8794 high
776.25 527.34 7.50 4.22 0.9791 high
776.25 527.34 7.50 6.33 0.9085 high
776.25 527.34 7.50 5.86 0.0000 coast
776.25 527.34 7.50 5.94 0.0000 coast
772.50 527.34 15.00 6.33 0.9353 reinit
776.25 527.34 11.25 6.33 0.9603 high
776.25 527.34 7.50 6.33 0.8647 high
776.25 527.34 7.50 6.33 0.7791 high
776.25 527.34 7.50 6.33 0.9902 high
776.25 527.34 7.50 4.22 0.9088 high
776.25 527.34 7.50 4.22 0.7791 high
776.25 527.34 7.50 4.22 0.9660 high
-100 -100 -100 -100 0.0000 coast_none
-100 -100 -100 -100 0.0000 coast_none
780.00 529.45 3.75 2.11 0.3765 low
780.00 529.45 3.75 2.11 0.9294 high
-100 -100 -100 -100 0.0000 coast_none
780.00 529.45 3.75 2.11 0.3176 low
-100 -100 -100 -100 0.0000 coast_none
-100 -100 -100 -100 0.0000 coast_none
1357.50 615.94 26.25 10.55 0.9541 reinit
1357.50 615.94 26.25 10.55 0.9471 high
1357.50 615.94 26.25 10.55 0.9552 high
1357.50 615.94 22.50 10.55 0.9811 high
1357.50 615.94 26.25 10.55 0.9697 high
1361.25 615.94 18.75 8.44 0.9225 high
1361.25 618.05 18.75 6.33 0.9388 high
1365.00 618.05 15.00 6.33 0.8515 high
1368.75 620.16 11.25 4.22 0.8831 high
1369.90 620.50 9.57 3.52 0.0000 coast
1371.76 621.22 7.32 2.54 0.0000 coast
1357.50 615.94 22.50 10.55 0.9275 reinit
1365.00 620.16 15.00 6.33 0.8399 high
1365.00 620.16 15.00 6.33 0.9098 high
-100 -100 -100 -100 0.0000 coast_none
-100 -100 -100 -100 0.0000 coast_none
1361.25 622.27 18.75 4.22 0.8644 high
1360.86 622.97 19.14 3.51 0.0000 coast
1360.25 623.68 19.75 2.81 0.0000 coast
-100 -100 -100 -100 0.0000 coast_none
-100 -100 -100 -100 0.0000 coast_none
-100 -100 -100 -100 0.0000 coast_none
-100 -100 -100 -100 0.0000 coast_none
-100 -100 -100 -100 0.0000 coast_none
-100 -100 -100 -100 0.0000 coast_none
-100 -100 -100 -100 0.0000 coast_none
-100 -100 -100 -100 0.0000 coast_none
1372.50 622.27 3.75 2.11 0.5882 high
1372.50 622.27 3.75 2.11 0.5255 high
-100 -100 -100 -100 0.0000 coast_none
-100 -100 -100 -100 0.0000 coast_none
1623.75 508.36 37.50 21.09 0.9780 reinit
1620.00 508.36 37.50 18.98 0.9810 high
1612.50 508.36 41.25 21.09 0.9873 high
1608.75 506.25 41.25 21.09 0.9907 high
1605.00 506.25 41.25 23.20 0.9861 high
1601.25 506.25 41.25 23.20 0.9806 high
1597.50 506.25 41.25 21.09 0.9939 high
1590.00 506.25 41.25 23.20 0.9877 high
1586.25 506.25 41.25 23.20 0.9827 high
1582.50 506.25 41.25 21.09 0.9899 high
1578.75 506.25 41.25 23.20 0.9871 high
1575.00 506.25 41.25 21.09 0.9895 high
1567.50 506.25 41.25 21.09 0.9951 high
1563.75 504.14 41.25 23.20 0.9963 high
1560.00 504.14 41.25 23.20 0.9879 high
1552.50 504.14 41.25 23.20 0.9916 high
1548.75 504.14 41.25 23.20 0.9942 high
1541.25 504.14 45.00 23.20 0.9928 high
1537.50 504.14 45.00 23.20 0.9835 high
1537.50 504.14 41.25 23.20 0.9958 high
1530.00 502.03 41.25 25.31 0.9895 high
1522.50 502.03 45.00 25.31 0.9865 high
1518.75 504.14 41.25 21.09 0.9987 high
1515.00 504.14 41.25 21.09 0.9923 high
1511.25 502.03 37.50 23.20 0.9929 high
1507.50 506.25 33.75 18.98 0.9940 high
1503.75 506.25 33.75 18.98 0.9815 high
1500.00 502.03 37.50 23.20 0.9915 high
1495.34 503.10 35.81 21.90 0.0000 coast
1491.00 502.91 35.45 21.94 0.0000 coast
1361.25 615.94 18.75 10.55 0.9147 reinit
1361.25 615.94 22.50 10.55 0.9328 high
1361.25 615.94 22.78 10.55 0.0000 coast
-100 -100 -100 -100 0.0000 coast_none
1368.75 620.16 11.25 4.22 0.8814 high
1368.75 620.16 11.25 4.22 0.9686 high
1368.75 620.16 11.25 4.22 0.9108 high
1368.75 620.16 11.25 4.22 0.9206 high
1372.50 620.16 7.50 2.11 0.6922 high
-100 -100 -100 -100 0.0000 coast_none
-100 -100 -100 -100 0.0000 coast_none
1432.50 499.92 41.25 21.09 0.9887 reinit
1428.75 499.92 37.50 23.20 0.9958 high
1421.25 497.81 41.25 23.20 0.9903 high
1417.50 499.92 41.25 21.09 0.9940 high
1413.75 499.92 45.00 21.09 0.9903 high
1410.00 499.92 41.25 21.09 0.9980 high
1402.50 499.92 45.00 21.09 0.9882 high
1402.50 497.81 41.25 23.20 0.9908 high
1395.00 497.81 45.00 23.20 0.9780 high
1391.25 497.81 41.25 23.20 0.9882 high
1387.50 497.81 45.00 21.09 0.9845 high
1383.75 497.81 41.25 21.09 0.9877 high
1380.00 497.81 41.25 21.09 0.9978 high
1376.25 497.81 41.25 21.09 0.9985 high
1372.50 497.81 41.25 21.09 0.9916 high
1368.75 495.70 41.25 23.20 0.9876 high
1365.00 495.70 41.25 23.20 0.9889 high
1361.25 495.70 41.25 23.20 0.9890 high
1357.50 495.70 41.25 23.20 0.9863 high
1353.75 495.70 37.50 23.20 0.9866 high
1350.00 495.70 41.25 23.20 0.9926 high
1346.25 495.70 41.25 23.20 0.9941 high
1342.50 495.70 41.25 23.20 0.9941 high
1338.75 495.70 41.25 23.20 0.9926 high
1335.00 495.70 41.25 23.20 0.9914 high
1331.25 495.70 41.25 23.20 0.9906 high
1327.50 495.70 41.25 23.20 0.9959 high
1327.50 495.70 37.50 23.20 0.9965 high
1323.75 495.70 37.50 23.20 0.9943 high
1320.00 495.70 41.25 21.09 0.9869 high
1316.25 495.70 41.25 23.20 0.9819 high
1312.50 495.70 41.25 23.20 0.9870 high
1308.75 495.70 41.25 21.09 0.9818 high
1308.75 495.70 37.50 23.20 0.9912 high
1305.00 495.70 41.25 21.09 0.9912 high
1301.25 495.70 37.50 23.20 0.9979 high
1297.50 495.70 41.25 23.20 0.9932 high
1297.50 497.81 37.50 23.20 0.9881 high
1290.00 497.81 41.25 23.20 0.9913 high
1286.25 497.81 41.25 23.20 0.9873 high
1286.25 499.92 37.50 23.20 0.9846 high
1282.50 502.03 41.25 21.09 0.9928 high
1278.75 502.03 37.50 23.20 0.9856 high
1275.00 504.14 41.25 23.20 0.9980 high
1271.25 506.25 41.25 21.09 0.9835 high
1271.25 508.36 37.50 21.09 0.9837 high
1267.50 508.36 41.25 23.20 0.9956 high
1263.75 510.47 37.50 23.20 0.9927 high
1260.00 512.58 41.25 21.09 0.9818 high
1256.25 514.69 41.25 23.20 0.9848 high
1252.50 516.80 45.00 21.09 0.9823 high
1252.50 518.91 41.25 21.09 0.9948 high
1248.75 518.91 37.50 23.20 0.9845 high
1245.00 521.02 41.25 21.09 0.9872 high
1241.25 523.12 41.25 21.09 0.9826 high
1241.25 525.23 37.50 21.09 0.9925 high
1237.50 525.23 41.25 21.09 0.9923 high
1233.75 527.34 41.25 21.09 0.9888 high
1233.75 529.45 37.50 21.09 0.9853 high
1233.75 533.67 30.00 16.88 0.9824 high
1230.00 533.67 33.75 16.88 0.9829 high
-100 -100 -100 -100 0.0000 coast_none
-100 -100 -100 -100 0.0000 coast_none
-100 -100 -100 -100 0.0000 coast_none
780.00 527.34 3.75 4.22 0.9059 reinit
780.00 527.34 3.75 4.22 0.0000 coast
-100 -100 -100 -100 0.0000 coast_none
776.25 527.34 7.50 4.22 0.9948 high
775.62 527.34 8.13 4.22 0.0000 coast
774.82 527.34 8.93 4.22 0.0000 coast
723.75 516.80 71.25 35.86 0.9908 reinit
727.50 516.80 67.50 33.75 0.9736 high
738.75 516.80 75.00 40.08 0.9797 high
750.00 518.91 75.00 42.19 0.9869 high
765.00 525.23 63.75 25.31 0.9720 high
770.84 525.22 66.66 29.09 0.0000 coast
-100 -100 -100 -100 0.0000 coast_none
472.50 392.34 63.75 33.75 0.9481 reinit
472.50 394.45 41.25 27.42 0.9863 high
472.50 394.61 39.58 26.95 0.0000 coast
472.50 395.05 34.93 25.64 0.0000 coast
450.00 386.02 37.50 27.42 0.9742 high
444.28 384.05 34.69 26.90 0.0000 coast
438.23 381.93 31.98 26.42 0.0000 coast
742.50 590.62 120.00 61.17 0.9815 reinit
-100 -100 -100 -100 0.0000 coast_none
742.50 590.62 120.00 61.17 0.0000 coast
798.75 618.05 56.25 16.88 0.9703 high
-100 -100 -100 -100 0.0000 coast_none
-100 -100 -100 -100 0.0000 coast_none
1361.25 569.53 52.50 29.53 0.9899 reinit
1368.75 571.64 60.00 29.53 0.9940 high
1380.00 573.75 60.00 29.53 0.9988 high
1395.00 573.75 63.75 31.64 0.9939 high
1406.25 575.86 75.00 31.64 0.9882 high
1421.25 577.97 71.25 33.75 0.9930 high
1432.50 577.97 71.25 33.75 0.9871 high
1451.25 580.08 82.50 35.86 0.9936 high
1455.00 580.08 97.50 35.86 0.9882 high
1481.25 580.08 86.25 37.97 0.9965 high
1515.00 577.97 93.75 40.08 0.9852 high
1518.66 580.13 97.56 40.43 0.0000 coast
1532.07 580.95 101.28 41.39 0.0000 coast
1627.50 571.64 97.50 42.19 0.9842 reinit
1668.75 567.42 75.00 42.19 0.9860 high
1671.82 567.11 73.33 42.19 0.0000 coast
1680.34 566.24 68.68 42.19 0.0000 coast
1792.50 558.98 86.25 48.52 0.9893 reinit
1792.50 558.98 86.25 48.52 0.0000 coast
-100 -100 -100 -100 0.0000 coast_none
671.25 537.89 187.50 65.39 0.9813 reinit
746.25 537.89 120.00 50.62 0.9653 high
768.75 537.89 97.50 50.62 0.9678 high
789.67 537.89 77.95 47.93 0.0000 coast
812.48 537.89 56.45 45.35 0.0000 coast
656.25 529.45 213.75 80.16 0.9665 reinit
656.25 535.78 198.75 71.72 0.9462 high
720.00 535.78 138.75 73.83 0.9440 high
729.06 537.02 127.29 72.47 0.0000 coast
720.00 533.67 135.00 71.72 0.9608 high
733.61 533.62 119.98 70.93 0.0000 coast
712.50 533.67 142.50 78.05 0.9438 high
721.00 533.48 132.92 78.18 0.0000 coast
726.00 533.31 127.14 79.13 0.0000 coast
656.25 533.67 202.50 75.94 0.9788 reinit
656.25 533.67 202.50 73.83 0.9754 high
656.25 533.67 206.25 78.05 0.9747 high
656.25 533.67 213.75 82.27 0.9801 high
656.25 533.67 213.75 82.27 0.9770 high
656.25 533.67 206.25 75.94 0.9744 high
656.25 531.56 206.25 82.27 0.9744 high
656.25 531.56 206.25 82.27 0.9754 high
656.25 533.67 202.50 80.16 0.9766 high
656.25 533.67 202.50 75.94 0.9789 high
663.75 533.67 195.00 80.16 0.9762 high
671.25 533.67 187.50 73.83 0.9589 high
667.50 533.67 187.50 65.39 0.9524 high
675.00 533.67 183.75 67.50 0.9497 high
716.25 533.67 138.75 54.84 0.9681 high
716.25 533.67 138.75 56.95 0.9707 high
720.56 533.70 133.97 54.63 0.0000 coast
705.00 533.67 165.00 82.27 0.9640 high
708.75 533.67 161.25 82.27 0.9678 high
712.50 533.67 157.50 80.16 0.9617 high
720.00 535.78 131.25 69.61 0.9595 high
712.50 535.78 135.00 69.61 0.9631 high
705.00 535.78 142.50 69.61 0.9670 high
705.00 535.78 150.00 71.72 0.9578 high
720.00 535.78 131.25 71.72 0.9587 high
712.50 535.78 138.75 71.72 0.9596 high
712.50 535.78 146.25 46.41 0.9714 high
716.25 535.78 142.50 69.61 0.9566 high
716.25 535.78 142.50 48.52 0.9737 high
705.00 535.78 150.00 48.52 0.9634 high
712.50 535.78 142.50 46.41 0.9716 high
712.50 535.78 142.50 44.30 0.9650 high
708.75 535.78 142.50 48.52 0.9649 high
710.38 535.88 141.81 44.80 0.0000 coast
710.62 535.94 141.22 43.16 0.0000 coast
656.25 535.78 198.75 54.84 0.9606 high
660.09 535.86 194.34 52.32 0.0000 coast
712.50 535.78 138.75 44.30 0.9610 high
708.75 535.78 142.50 50.62 0.9615 high
704.62 535.83 146.55 48.58 0.0000 coast
704.10 535.86 146.81 48.03 0.0000 coast
768.75 535.78 86.25 46.41 0.9638 reinit
776.25 535.78 82.50 46.41 0.9634 high
776.25 535.78 78.75 46.41 0.9655 high
776.25 535.78 75.00 44.30 0.9601 high
780.00 535.78 71.25 44.30 0.9604 high
768.75 535.78 86.25 46.41 0.9685 high
776.25 535.78 78.75 46.41 0.9648 high
791.25 535.78 67.50 46.41 0.9663 high
791.25 535.78 67.50 44.30 0.9633 high
795.00 535.78 63.75 42.19 0.9556 high
795.00 535.78 63.75 42.19 0.9411 high
806.25 535.78 48.75 29.53 0.9766 high
802.50 535.78 52.50 29.53 0.9811 high
806.25 535.78 48.75 29.53 0.9803 high
806.25 535.78 48.75 29.53 0.9666 high
806.25 535.78 48.75 29.53 0.9762 high
806.25 535.78 45.00 27.42 0.9745 high
806.25 535.78 45.00 27.42 0.9751 high
806.25 537.89 45.00 25.31 0.9796 high
806.25 535.78 45.00 25.31 0.9684 high
810.00 537.89 41.25 21.09 0.9895 high
806.25 537.89 45.00 23.20 0.9822 high
806.25 537.89 45.00 23.20 0.9880 high
-100 -100 -100 -100 0.0000 coast_none
808.16 538.36 42.25 20.58 0.0000 coast
817.50 542.11 22.50 14.77 0.9438 high
-100 -100 -100 -100 0.0000 coast_none
-100 -100 -100 -100 0.0000 coast_none
1668.75 312.19 146.25 63.28 0.9872 reinit
1657.50 312.19 142.50 63.28 0.9862 high
1638.75 314.30 146.25 63.28 0.9892 high
1627.50 314.30 142.50 63.28 0.9885 high
1612.50 316.41 142.50 61.17 0.9894 high
1597.50 316.41 142.50 61.17 0.9917 high
1582.50 318.52 142.50 59.06 0.9931 high
1567.50 318.52 142.50 61.17 0.9897 high
1556.25 318.52 138.75 61.17 0.9884 high
1541.25 318.52 138.75 61.17 0.9923 high
1526.25 318.52 138.75 63.28 0.9911 high
1511.25 320.62 138.75 61.17 0.9906 high
1496.25 322.73 138.75 59.06 0.9884 high
1481.25 322.73 138.75 61.17 0.9904 high
1470.00 324.84 135.00 59.06 0.9900 high
1455.00 324.84 138.75 59.06 0.9889 high
1443.75 326.95 135.00 56.95 0.9896 high
1428.75 326.95 135.00 56.95 0.9913 high
1413.75 326.95 135.00 59.06 0.9883 high
1398.75 326.95 135.00 59.06 0.9897 high
1383.75 329.06 135.00 59.06 0.9944 high
1368.75 329.06 138.75 59.06 0.9906 high
1357.50 329.06 135.00 59.06 0.9903 high
1342.50 331.17 135.00 56.95 0.9905 high
1331.25 331.17 131.25 59.06 0.9926 high
1316.25 333.28 131.25 56.95 0.9894 high
1301.25 333.28 131.25 59.06 0.9914 high
1290.00 335.39 131.25 56.95 0.9918 high
1275.00 335.39 131.25 59.06 0.9873 high
1263.75 337.50 131.25 56.95 0.9903 high
1248.75 337.50 131.25 59.06 0.9894 high
1233.75 339.61 135.00 56.95 0.9911 high
1222.50 341.72 131.25 56.95 0.9921 high
1211.25 343.83 131.25 54.84 0.9886 high
1196.25 343.83 131.25 56.95 0.9916 high
1185.00 345.94 131.25 56.95 0.9875 high
1173.75 345.94 131.25 56.95 0.9915 high
1158.75 345.94 131.25 59.06 0.9891 high
1151.25 345.94 127.50 61.17 0.9928 high
1136.25 345.94 131.25 61.17 0.9878 high
1128.75 345.94 127.50 63.28 0.9916 high
1117.50 348.05 131.25 61.17 0.9901 high
1106.25 348.05 131.25 63.28 0.9887 high
1098.75 350.16 131.25 61.17 0.9922 high
1087.50 350.16 131.25 63.28 0.9924 high
1083.75 352.27 127.50 61.17 0.9915 high
1076.25 352.27 127.50 61.17 0.9905 high
1068.75 352.27 127.50 63.28 0.9891 high
1061.25 352.27 127.50 63.28 0.9917 high
1053.75 354.38 131.25 61.17 0.9919 high
1046.25 354.38 131.25 63.28 0.9912 high
1042.50 354.38 131.25 61.17 0.9872 high
1038.75 356.48 131.25 61.17 0.9898 high
1035.00 356.48 127.50 61.17 0.9884 high
1031.25 358.59 131.25 59.06 0.9893 high
1027.50 358.59 131.25 59.06 0.9921 high
1023.75 358.59 131.25 59.06 0.9905 high
1020.00 358.59 131.25 56.95 0.9893 high
1020.00 358.59 127.50 56.95 0.9842 high
1016.25 358.59 131.25 56.95 0.9939 high
1012.50 358.59 131.25 56.95 0.9917 high
1012.50 360.70 131.25 54.84 0.9930 high
1008.75 358.59 135.00 56.95 0.9861 high
1008.75 358.59 131.25 56.95 0.9852 high
1008.75 358.59 131.25 56.95 0.9835 high
1008.75 358.59 131.25 56.95 0.9897 high
1008.75 360.70 131.25 54.84 0.9865 high
1008.75 360.70 127.50 54.84 0.9879 high
1008.75 360.70 127.50 54.84 0.9906 high
1008.75 360.70 127.50 52.73 0.9921 high
1008.75 360.70 127.50 52.73 0.9932 high
1008.75 360.70 127.50 52.73 0.9949 high
1008.75 360.70 127.50 52.73 0.9891 high
1008.75 358.59 127.50 54.84 0.9915 high
1008.75 358.59 127.50 54.84 0.9912 high
1008.75 358.59 127.50 54.84 0.9888 high
1008.75 358.59 127.50 54.84 0.9910 high
1008.75 358.59 127.50 54.84 0.9854 high
1012.50 358.59 123.75 54.84 0.9920 high
1012.50 360.70 127.50 52.73 0.9919 high
1012.50 360.70 127.50 54.84 0.9879 high
1012.50 360.70 127.50 54.84 0.9908 high
1016.25 360.70 127.50 54.84 0.9934 high
1016.25 360.70 127.50 54.84 0.9899 high
1016.25 362.81 127.50 52.73 0.9875 high
1020.00 360.70 123.75 54.84 0.9920 high
1020.00 362.81 127.50 52.73 0.9878 high
1023.75 362.81 123.75 54.84 0.9933 high
1023.75 362.81 127.50 54.84 0.9924 high
1023.75 362.81 127.50 54.84 0.9862 high
1023.75 362.81 127.50 54.84 0.9913 high
1027.50 362.81 127.50 54.84 0.9895 high
1027.50 364.92 127.50 52.73 0.9914 high
1027.50 364.92 127.50 54.84 0.9920 high
1027.50 364.92 127.50 54.84 0.9908 high
1027.50 364.92 127.50 54.84 0.9895 high
1027.50 367.03 127.50 52.73 0.9914 high
1031.25 367.03 123.75 52.73 0.9915 high
1031.25 367.03 123.75 54.84 0.9946 high
1031.25 367.03 127.50 52.73 0.9877 high
1031.25 367.03 127.50 54.84 0.9881 high
1031.25 369.14 127.50 52.73 0.9900 high
1031.25 369.14 127.50 52.73 0.9898 high
1031.25 371.25 127.50 52.73 0.9925 high
1031.25 371.25 127.50 52.73 0.9882 high
1035.00 375.47 123.75 50.62 0.9907 high
1035.00 377.58 123.75 52.73 0.9873 high
1031.25 379.69 131.25 50.62 0.9902 high
1035.00 381.80 127.50 52.73 0.9900 high
1035.00 383.91 127.50 52.73 0.9877 high
1035.00 388.12 127.50 50.62 0.9939 high
1035.00 390.23 127.50 54.84 0.9901 high
1038.75 394.45 123.75 52.73 0.9904 high
1038.75 398.67 123.75 52.73 0.9918 high
1035.00 402.89 127.50 52.73 0.9890 high
1038.75 405.00 123.75 52.73 0.9870 high
1038.75 409.22 123.75 52.73 0.9873 high
1038.75 413.44 123.75 52.73 0.9883 high
1038.75 417.66 123.75 52.73 0.9859 high
1038.75 421.88 123.75 50.62 0.9922 high
1038.75 426.09 123.75 50.62 0.9907 high
1038.75 428.20 123.75 50.62 0.9873 high
1038.75 432.42 123.75 50.62 0.9933 high
1038.75 436.64 123.75 50.62 0.9884 high
1038.75 438.75 123.75 52.73 0.9883 high
1038.75 442.97 123.75 52.73 0.9926 high
1038.75 445.08 123.75 52.73 0.9911 high
