948.75 386.02 52.50 23.20 0.9845 init
948.75 383.91 52.50 23.20 0.9851 high
948.75 381.80 52.50 21.09 0.9835 high
948.75 377.58 52.50 23.20 0.9895 high
952.50 377.58 52.50 23.20 0.9774 high
952.50 375.47 52.50 23.20 0.9836 high
952.50 375.47 48.75 21.09 0.9882 high
952.50 373.36 52.50 23.20 0.9893 high
952.50 373.36 56.25 23.20 0.9826 high
952.50 373.36 56.25 21.09 0.9783 high
956.25 371.25 52.50 23.20 0.9807 high
956.25 371.25 52.50 23.20 0.9807 high
956.25 371.25 52.50 23.20 0.9846 high
956.25 371.25 52.50 23.20 0.9851 high
956.25 371.25 56.25 23.20 0.9835 high
956.25 371.25 56.25 23.20 0.9844 high
956.25 371.25 56.25 23.20 0.9838 high
956.25 371.25 56.25 23.20 0.9853 high
956.25 369.14 56.25 25.31 0.9684 high
960.00 369.14 52.50 25.31 0.9777 high
960.00 371.25 48.75 21.09 0.9861 high
960.00 369.14 52.50 25.31 0.9869 high
963.75 369.14 48.75 25.31 0.9809 high
960.00 371.25 52.50 23.20 0.9801 high
960.00 371.25 52.50 23.20 0.9884 high
963.75 371.25 48.75 23.20 0.9898 high
963.75 369.14 48.75 25.31 0.9843 high
963.75 369.14 45.00 25.31 0.9876 high
963.75 369.14 41.25 23.20 0.9818 high
963.75 369.14 45.00 23.20 0.9872 high
963.75 369.14 45.00 23.20 0.9856 high
960.00 367.03 52.50 25.31 0.9925 high
960.00 369.14 48.75 23.20 0.9949 high
960.00 367.03 52.50 25.31 0.9741 high
956.25 367.03 52.50 23.20 0.9859 high
956.25 364.92 52.50 25.31 0.9892 high
956.25 364.92 45.00 21.09 0.9678 high
956.25 362.81 48.75 25.31 0.9918 high
952.50 362.81 48.75 25.31 0.9834 high
956.25 360.70 45.00 27.42 0.9875 high
952.50 360.70 48.75 25.31 0.9844 high
948.75 358.59 52.50 25.31 0.9811 high
948.75 358.59 52.50 25.31 0.9930 high
948.75 358.59 52.50 25.31 0.9918 high
948.75 356.48 48.75 23.20 0.9712 high
947.60 356.09 50.30 23.93 0.0000 coast
946.83 355.32 50.42 23.87 0.0000 coast
-100 -100 -100 -100 0.0000 coast_none
-100 -100 -100 -100 0.0000 coast_none
-100 -100 -100 -100 0.0000 coast_none
-100 -100 -100 -100 0.0000 coast_none
-100 -100 -100 -100 0.0000 coast_none
-100 -100 -100 -100 0.0000 coast_none
-100 -100 -100 -100 0.0000 coast_none
-100 -100 -100 -100 0.0000 coast_none
-100 -100 -100 -100 0.0000 miss
-100 -100 -100 -100 0.0000 miss
-100 -100 -100 -100 0.0000 miss
933.75 341.72 41.25 18.98 0.9558 high
933.75 339.61 45.00 23.20 0.9791 high
933.75 341.72 37.50 18.98 0.9764 high
933.75 339.61 30.00 14.77 0.9794 high
932.70 338.80 30.96 15.51 0.0000 coast
932.01 337.91 29.28 14.75 0.0000 coast
922.50 333.28 48.75 25.31 0.9787 reinit
926.25 333.28 41.25 25.31 0.9802 high
926.25 333.28 45.00 25.31 0.9835 high
926.25 329.06 45.00 29.53 0.9773 high
922.50 329.06 48.75 27.42 0.9811 high
922.50 326.95 48.75 29.53 0.9781 high
922.50 329.06 48.75 25.31 0.9815 high
915.00 326.95 56.25 25.31 0.9779 high
922.50 324.84 45.00 27.42 0.9850 high
926.25 324.84 41.25 25.31 0.9671 high
922.50 324.84 45.00 25.31 0.9892 high
926.25 326.95 37.50 21.09 0.9722 high
926.25 326.95 37.50 21.09 0.9789 high
918.75 324.84 48.75 23.20 0.9778 high
915.00 324.84 52.50 25.31 0.9928 high
915.00 322.73 52.50 25.31 0.9881 high
915.00 324.84 52.50 23.20 0.9829 high
918.75 322.73 48.75 25.31 0.9836 high
911.25 322.73 56.25 25.31 0.9854 high
918.75 322.73 48.75 25.31 0.9837 high
918.75 322.73 48.75 25.31 0.9832 high
918.75 322.73 52.50 25.31 0.9827 high
922.50 322.73 45.00 25.31 0.9763 high
926.25 322.73 45.00 23.20 0.9856 high
926.25 322.73 45.00 23.20 0.9786 high
930.00 322.73 41.25 23.20 0.9788 high
926.25 322.73 45.00 23.20 0.9799 high
930.00 322.73 45.00 23.20 0.9845 high
933.75 322.73 41.25 23.20 0.9742 high
933.75 322.73 37.50 23.20 0.9801 high
930.00 322.73 41.25 23.20 0.9745 high
933.75 322.73 37.50 23.20 0.9715 high
933.75 324.84 37.50 18.98 0.9570 high
933.75 322.73 37.50 21.09 0.9711 high
933.75 324.84 37.50 18.98 0.9805 high
937.50 324.84 30.00 12.66 0.9542 high
937.38 324.86 31.07 13.74 0.0000 coast
937.50 324.84 37.50 18.98 0.9689 high
933.75 324.84 45.00 21.09 0.9793 high
933.75 324.84 41.25 18.98 0.9887 high
-100 -100 -100 -100 0.0000 coast_none
-100 -100 -100 -100 0.0000 coast_none
-100 -100 -100 -100 0.0000 coast_none
-100 -100 -100 -100 0.0000 coast_none
-100 -100 -100 -100 0.0000 coast_none
936.09 325.58 43.82 18.85 0.0000 coast
936.35 325.70 44.19 18.78 0.0000 coast
933.75 329.06 30.00 12.66 0.9564 high
933.98 329.22 30.17 12.50 0.0000 coast
934.05 329.55 29.53 12.01 0.0000 coast
926.25 326.95 45.00 23.20 0.9781 reinit
922.50 326.95 48.75 25.31 0.9830 high
922.50 326.95 48.75 27.42 0.9927 high
918.75 326.95 48.75 29.53 0.9885 high
915.00 326.95 48.75 29.53 0.9823 high
915.00 331.17 45.00 27.42 0.9764 high
911.25 331.17 48.75 27.42 0.9752 high
911.25 331.17 41.25 16.88 0.9799 high
903.75 333.28 45.00 18.98 0.9735 high
903.75 335.39 33.75 14.77 0.9723 high
896.25 333.28 45.00 21.09 0.9624 high
894.54 334.64 42.16 18.80 0.0000 coast
891.56 335.31 41.84 18.27 0.0000 coast
888.75 337.50 33.75 21.09 0.9668 high
885.76 338.11 33.74 20.43 0.0000 coast
882.80 338.94 32.62 20.24 0.0000 coast
858.75 339.61 56.25 23.20 0.9871 reinit
858.75 339.61 52.50 23.20 0.9874 high
858.75 339.61 48.75 23.20 0.9834 high
862.50 343.83 33.75 18.98 0.9748 high
858.75 343.83 37.50 18.98 0.9906 high
859.15 345.03 32.65 17.79 0.0000 coast
851.25 352.27 26.25 12.66 0.9503 high
850.08 354.21 22.02 10.99 0.0000 coast
848.15 356.75 17.55 8.94 0.0000 coast
840.00 354.38 7.50 2.11 0.7118 high
-100 -100 -100 -100 0.0000 coast_none
-100 -100 -100 -100 0.0000 coast_none
-100 -100 -100 -100 0.0000 coast_none
-100 -100 -100 -100 0.0000 coast_none
802.50 348.05 41.25 21.09 0.9885 reinit
798.75 345.94 45.00 23.20 0.9807 high
798.75 348.05 41.25 21.09 0.9696 high
798.75 348.05 37.50 21.09 0.9732 high
795.00 348.05 45.00 23.20 0.9780 high
791.25 350.16 45.00 23.20 0.9859 high
791.25 352.27 41.25 18.98 0.9922 high
791.25 352.27 41.25 16.88 0.9763 high
791.25 354.38 37.50 14.77 0.9635 high
787.50 354.38 41.25 14.77 0.9652 high
787.50 354.38 41.25 14.77 0.9553 high
783.75 354.38 41.25 18.98 0.9691 high
780.00 354.38 48.75 21.09 0.9774 high
783.75 354.38 37.50 14.77 0.9329 high
772.50 354.38 52.50 21.09 0.9839 high
772.50 354.38 48.75 21.09 0.9806 high
768.75 354.38 52.50 23.20 0.9777 high
765.00 354.38 60.00 23.20 0.9760 high
768.75 356.48 52.50 18.98 0.9754 high
768.75 354.38 52.50 21.09 0.9877 high
765.00 356.48 56.25 21.09 0.9830 high
768.75 354.38 48.75 21.09 0.9706 high
768.75 354.38 52.50 21.09 0.9773 high
768.75 354.38 48.75 21.09 0.9824 high
768.75 354.38 48.75 21.09 0.9722 high
776.25 354.38 41.25 16.88 0.9632 high
772.50 354.38 45.00 16.88 0.9637 high
772.32 354.51 44.16 16.89 0.0000 coast
-100 -100 -100 -100 0.0000 coast_none
771.69 354.68 43.42 16.17 0.0000 coast
-100 -100 -100 -100 0.0000 coast_none
771.07 354.84 42.68 15.46 0.0000 coast
-100 -100 -100 -100 0.0000 coast_none
776.25 354.38 26.25 14.77 0.9270 high
-100 -100 -100 -100 0.0000 coast_none
772.50 350.16 33.75 16.88 0.9362 high
772.56 350.05 32.38 16.61 0.0000 coast
772.21 349.49 32.06 16.64 0.0000 coast
757.50 350.16 60.00 18.98 0.9784 reinit
753.75 348.05 60.00 21.09 0.9720 high
768.75 350.16 41.25 16.88 0.9674 high
772.50 348.05 30.00 12.66 0.9080 high
776.25 350.16 30.00 8.44 0.8552 high
781.13 350.43 23.04 5.32 0.0000 coast
785.92 350.91 16.81 1.99 0.0000 coast
753.75 345.94 52.50 18.98 0.9725 reinit
753.75 345.94 52.50 18.98 0.0000 coast
761.25 348.05 45.00 14.77 0.9457 high
761.25 345.94 45.00 16.88 0.9381 high
772.50 348.05 33.75 12.66 0.9696 high
-100 -100 -100 -100 0.0000 coast_none
776.25 348.05 26.25 10.55 0.9147 high
776.25 348.05 22.50 10.55 0.9389 high
-100 -100 -100 -100 0.0000 coast_none
-100 -100 -100 -100 0.0000 coast_none
-100 -100 -100 -100 0.0000 coast_none
776.25 352.27 3.75 2.11 0.5216 high
-100 -100 -100 -100 0.0000 coast_none
-100 -100 -100 -100 0.0000 coast_none
772.50 348.05 26.25 12.66 0.9311 reinit
-100 -100 -100 -100 0.0000 coast_none
772.50 352.27 22.50 6.33 0.8925 high
772.50 352.95 21.89 5.31 0.0000 coast
776.25 350.16 26.25 10.55 0.8738 high
776.92 350.48 26.29 10.24 0.0000 coast
777.91 350.48 26.79 10.53 0.0000 coast
761.25 348.05 52.50 21.09 0.9812 reinit
765.00 350.16 48.75 18.98 0.9720 high
757.50 348.05 60.00 25.31 0.9715 high
757.50 348.05 60.00 23.20 0.9804 high
753.75 348.05 63.75 25.31 0.9844 high
753.75 350.16 63.75 23.20 0.9848 high
751.32 349.37 67.36 25.03 0.0000 coast
765.00 350.16 48.75 21.09 0.9688 high
765.00 350.16 48.75 18.98 0.9699 high
764.37 350.26 49.67 19.68 0.0000 coast
-100 -100 -100 -100 0.0000 coast_none
764.86 350.50 49.10 19.38 0.0000 coast
-100 -100 -100 -100 0.0000 coast_none
-100 -100 -100 -100 0.0000 coast_none
787.50 354.38 15.00 8.44 0.7868 high
788.94 354.68 12.90 7.72 0.0000 coast
791.40 355.16 9.26 6.51 0.0000 coast
-100 -100 -100 -100 0.0000 coast_none
-100 -100 -100 -100 0.0000 coast_none
-100 -100 -100 -100 0.0000 coast_none
776.25 356.48 15.00 6.33 0.8627 high
775.90 356.88 13.15 5.72 0.0000 coast
775.49 357.28 11.35 5.12 0.0000 coast
772.50 354.38 26.25 12.66 0.9370 reinit
-100 -100 -100 -100 0.0000 coast_none
-100 -100 -100 -100 0.0000 coast_none
776.25 356.48 15.00 6.33 0.9069 high
-100 -100 -100 -100 0.0000 coast_none
-100 -100 -100 -100 0.0000 coast_none
-100 -100 -100 -100 0.0000 coast_none
-100 -100 -100 -100 0.0000 coast_none
-100 -100 -100 -100 0.0000 coast_none
-100 -100 -100 -100 0.0000 coast_none
772.50 352.27 30.00 16.88 0.9746 reinit
772.50 352.27 30.00 16.88 0.0000 coast
761.25 350.16 45.00 21.09 0.9700 high
753.75 348.05 56.25 23.20 0.9806 high
753.75 348.05 56.25 25.31 0.9905 high
753.75 348.05 56.25 21.09 0.9843 high
750.00 348.05 60.00 23.20 0.9759 high
753.75 348.05 56.25 23.20 0.9698 high
757.50 345.94 52.50 25.31 0.9853 high
757.50 345.94 52.50 25.31 0.9754 high
750.00 345.94 60.00 25.31 0.9699 high
746.25 341.72 63.75 31.64 0.9846 high
745.44 342.16 65.50 30.84 0.0000 coast
743.39 341.35 68.12 31.95 0.0000 coast
750.00 345.94 52.50 21.09 0.9737 high
750.00 343.83 52.50 25.31 0.9809 high
750.00 341.72 56.25 29.53 0.9792 high
750.00 343.83 56.25 29.53 0.9730 high
753.75 345.94 48.75 25.31 0.9874 high
757.50 345.94 45.00 25.31 0.9823 high
757.50 345.94 41.25 21.09 0.9858 high
761.25 345.94 41.25 18.98 0.9766 high
760.70 345.88 40.59 19.38 0.0000 coast
761.37 345.87 39.66 18.76 0.0000 coast
776.25 345.94 18.75 14.77 0.9123 reinit
-100 -100 -100 -100 0.0000 coast_none
776.25 345.94 18.75 14.77 0.0000 coast
761.25 343.83 33.75 18.98 0.9420 reinit
-100 -100 -100 -100 0.0000 coast_none
765.00 343.83 33.75 16.88 0.8931 high
-100 -100 -100 -100 0.0000 coast_none
-100 -100 -100 -100 0.0000 coast_none
767.38 343.83 33.75 15.54 0.0000 coast
-100 -100 -100 -100 0.0000 coast_none
776.25 354.38 11.25 4.22 0.6614 high
-100 -100 -100 -100 0.0000 coast_none
-100 -100 -100 -100 0.0000 coast_none
-100 -100 -100 -100 0.0000 coast_none
-100 -100 -100 -100 0.0000 coast_none
783.75 341.72 7.50 6.33 0.7694 high
783.75 341.72 7.50 4.22 0.7294 high
-100 -100 -100 -100 0.0000 coast_none
-100 -100 -100 -100 0.0000 coast_none
-100 -100 -100 -100 0.0000 coast_none
-100 -100 -100 -100 0.0000 coast_none
-100 -100 -100 -100 0.0000 coast_none
-100 -100 -100 -100 0.0000 coast_none
-100 -100 -100 -100 0.0000 coast_none
-100 -100 -100 -100 0.0000 coast_none
-100 -100 -100 -100 0.0000 coast_none
-100 -100 -100 -100 0.0000 coast_none
-100 -100 -100 -100 0.0000 miss
-100 -100 -100 -100 0.0000 miss
-100 -100 -100 -100 0.0000 miss
-100 -100 -100 -100 0.0000 miss
-100 -100 -100 -100 0.0000 miss
-100 -100 -100 -100 0.0000 miss
783.75 335.39 18.75 10.55 0.9541 reinit
-100 -100 -100 -100 0.0000 coast_none
-100 -100 -100 -100 0.0000 coast_none
-100 -100 -100 -100 0.0000 coast_none
783.75 335.39 22.50 10.55 0.9691 high
783.75 335.39 23.09 10.55 0.0000 coast
-100 -100 -100 -100 0.0000 coast_none
783.75 335.39 24.48 10.55 0.0000 coast
783.75 335.39 25.17 10.55 0.0000 coast
783.75 335.39 15.00 8.44 0.8961 high
-100 -100 -100 -100 0.0000 coast_none
783.75 337.50 11.25 6.33 0.8745 high
783.75 337.50 11.25 4.22 0.8150 high
783.75 337.79 10.26 3.78 0.0000 coast
783.75 338.07 9.38 2.99 0.0000 coast
-100 -100 -100 -100 0.0000 coast_none
-100 -100 -100 -100 0.0000 coast_none
-100 -100 -100 -100 0.0000 coast_none
783.75 337.50 11.25 6.33 0.8571 high
-100 -100 -100 -100 0.0000 coast_none
-100 -100 -100 -100 0.0000 coast_none
-100 -100 -100 -100 0.0000 coast_none
-100 -100 -100 -100 0.0000 coast_none
-100 -100 -100 -100 0.0000 coast_none
783.75 338.38 9.91 5.43 0.0000 coast
783.75 337.50 15.00 6.33 0.8875 high
-100 -100 -100 -100 0.0000 coast_none
783.75 337.67 15.19 6.18 0.0000 coast
783.75 337.73 15.41 6.14 0.0000 coast
-100 -100 -100 -100 0.0000 coast_none
-100 -100 -100 -100 0.0000 coast_none
-100 -100 -100 -100 0.0000 coast_none
-100 -100 -100 -100 0.0000 coast_none
-100 -100 -100 -100 0.0000 coast_none
-100 -100 -100 -100 0.0000 coast_none
-100 -100 -100 -100 0.0000 coast_none
-100 -100 -100 -100 0.0000 miss
-100 -100 -100 -100 0.0000 miss
-100 -100 -100 -100 0.0000 miss
-100 -100 -100 -100 0.0000 miss
-100 -100 -100 -100 0.0000 miss
-100 -100 -100 -100 0.0000 miss
-100 -100 -100 -100 0.0000 miss
-100 -100 -100 -100 0.0000 miss
-100 -100 -100 -100 0.0000 miss
-100 -100 -100 -100 0.0000 miss
813.75 326.95 26.25 12.66 0.9504 reinit
-100 -100 -100 -100 0.0000 coast_none
813.75 326.95 26.25 12.66 0.0000 coast
813.75 324.84 45.00 16.88 0.9707 high
813.75 324.49 48.16 17.59 0.0000 coast
813.75 324.04 52.17 18.49 0.0000 coast
813.75 322.73 48.75 18.98 0.9740 high
817.50 322.73 41.25 16.88 0.9750 high
825.00 320.62 33.75 21.09 0.9654 high
828.75 322.73 30.00 16.88 0.9721 high
828.75 320.62 37.50 21.09 0.9787 high
830.29 320.39 37.04 21.10 0.0000 coast
831.84 319.87 37.84 21.83 0.0000 coast
-100 -100 -100 -100 0.0000 coast_none
834.94 318.82 39.44 23.29 0.0000 coast
-100 -100 -100 -100 0.0000 coast_none
-100 -100 -100 -100 0.0000 coast_none
-100 -100 -100 -100 0.0000 coast_none
-100 -100 -100 -100 0.0000 coast_none
-100 -100 -100 -100 0.0000 coast_none
851.25 318.52 48.75 18.98 0.9767 high
858.75 316.41 45.00 23.20 0.9714 high
858.75 316.41 45.00 25.31 0.9810 high
862.50 316.41 41.25 25.31 0.9947 high
866.25 316.41 37.50 23.20 0.9777 high
866.25 316.41 45.00 23.20 0.9834 high
862.50 314.30 52.50 25.31 0.9829 high
870.00 314.30 41.25 25.31 0.9739 high
870.86 313.91 45.22 25.63 0.0000 coast
877.50 314.30 41.25 23.20 0.9831 high
-100 -100 -100 -100 0.0000 coast_none
881.25 314.30 56.25 23.20 0.9484 high
892.50 316.41 48.75 14.77 0.9569 high
896.25 314.30 56.25 23.20 0.9662 high
888.75 312.19 67.50 27.42 0.9741 high
896.25 314.30 60.00 23.20 0.9742 high
903.75 314.30 52.50 25.31 0.9684 high
904.80 313.76 57.61 25.14 0.0000 coast
918.75 314.30 41.25 23.20 0.9785 high
918.75 314.30 41.25 18.98 0.9912 high
922.73 314.07 41.80 19.91 0.0000 coast
926.25 314.30 30.00 16.88 0.9736 high
930.00 314.30 33.75 16.88 0.9766 high
930.00 314.30 30.00 16.88 0.9828 high
934.29 314.21 29.00 16.13 0.0000 coast
937.48 314.15 27.50 15.58 0.0000 coast
-100 -100 -100 -100 0.0000 coast_none
-100 -100 -100 -100 0.0000 coast_none
-100 -100 -100 -100 0.0000 coast_none
-100 -100 -100 -100 0.0000 coast_none
-100 -100 -100 -100 0.0000 coast_none
975.00 318.52 15.00 6.33 0.8686 high
979.70 318.84 13.21 5.29 0.0000 coast
984.64 319.23 11.38 4.18 0.0000 coast
967.50 320.62 30.00 18.98 0.9801 reinit
967.50 320.62 30.00 18.98 0.0000 coast
975.00 322.73 22.50 12.66 0.9777 high
978.75 322.73 18.75 14.77 0.9793 high
980.97 323.17 16.53 13.81 0.0000 coast
-100 -100 -100 -100 0.0000 coast_none
-100 -100 -100 -100 0.0000 coast_none
-100 -100 -100 -100 0.0000 coast_none
-100 -100 -100 -100 0.0000 coast_none
990.00 329.06 3.75 2.11 0.4431 low
-100 -100 -100 -100 0.0000 coast_none
-100 -100 -100 -100 0.0000 coast_none
-100 -100 -100 -100 0.0000 coast_none
978.75 331.17 18.75 8.44 0.9728 reinit
978.75 329.06 22.50 12.66 0.9688 high
978.75 331.17 18.75 10.55 0.9624 high
-100 -100 -100 -100 0.0000 coast_none
-100 -100 -100 -100 0.0000 coast_none
-100 -100 -100 -100 0.0000 coast_none
-100 -100 -100 -100 0.0000 coast_none
-100 -100 -100 -100 0.0000 coast_none
-100 -100 -100 -100 0.0000 coast_none
-100 -100 -100 -100 0.0000 coast_none
-100 -100 -100 -100 0.0000 coast_none
-100 -100 -100 -100 0.0000 coast_none
-100 -100 -100 -100 0.0000 coast_none
-100 -100 -100 -100 0.0000 miss
-100 -100 -100 -100 0.0000 miss
945.00 352.27 26.25 10.55 0.8304 high
-100 -100 -100 -100 0.0000 coast_none
-100 -100 -100 -100 0.0000 coast_none
-100 -100 -100 -100 0.0000 coast_none
-100 -100 -100 -100 0.0000 coast_none
-100 -100 -100 -100 0.0000 coast_none
911.25 345.94 60.00 33.75 0.9807 reinit
907.50 350.16 56.25 29.53 0.9792 high
907.50 354.38 52.50 27.42 0.9860 high
896.25 352.27 63.75 31.64 0.9780 high
877.50 354.38 78.75 31.64 0.9784 high
877.50 354.38 82.50 31.64 0.9779 high
873.75 356.48 86.25 31.64 0.9826 high
865.91 357.37 91.47 32.02 0.0000 coast
877.50 356.48 63.75 31.64 0.9871 high
873.75 356.48 63.75 31.64 0.9865 high
866.25 356.48 67.50 33.75 0.9865 high
858.75 354.38 71.25 35.86 0.9778 high
855.00 356.48 60.00 35.86 0.9761 high
851.25 367.03 56.25 25.31 0.9895 high
843.75 367.03 56.25 27.42 0.9798 high
836.25 369.14 56.25 27.42 0.9787 high
832.50 371.25 56.25 25.31 0.9888 high
825.00 373.36 56.25 23.20 0.9902 high
813.75 373.36 60.00 25.31 0.9803 high
806.25 373.36 63.75 27.42 0.9884 high
802.50 377.58 60.00 21.09 0.9848 high
795.00 377.58 60.00 23.20 0.9876 high
791.25 379.69 56.25 21.09 0.9901 high
783.75 379.69 60.00 23.20 0.9784 high
772.50 379.69 63.75 23.20 0.9847 high
772.50 381.80 56.25 23.20 0.9846 high
768.75 381.80 56.25 23.20 0.9907 high
761.25 381.80 56.25 23.20 0.9825 high
757.50 381.80 60.00 25.31 0.9840 high
757.50 381.80 52.50 25.31 0.9752 high
753.75 383.91 45.00 21.09 0.9675 high
761.25 390.23 37.50 14.77 0.9219 high
753.54 390.04 38.18 15.90 0.0000 coast
738.75 383.91 41.25 23.20 0.9721 high
-100 -100 -100 -100 0.0000 coast_none
-100 -100 -100 -100 0.0000 coast_none
723.75 383.91 45.00 27.42 0.9771 high
720.00 386.02 48.75 25.31 0.9788 high
716.25 383.91 48.75 27.42 0.9755 high
716.25 386.02 45.00 27.42 0.9807 high
708.75 386.02 52.50 27.42 0.9772 high
708.75 386.02 45.00 27.42 0.9892 high
705.00 386.02 48.75 25.31 0.9686 high
705.00 388.12 48.75 23.20 0.9812 high
701.25 386.02 48.75 25.31 0.9833 high
697.50 386.02 52.50 27.42 0.9785 high
697.50 386.02 48.75 27.42 0.9857 high
697.50 386.02 48.75 27.42 0.9778 high
693.75 386.02 52.50 27.42 0.9770 high
693.75 386.02 52.50 25.31 0.9845 high
693.75 386.02 48.75 25.31 0.9787 high
693.75 386.02 48.75 25.31 0.9922 high
690.00 386.02 52.50 27.42 0.9834 high
690.00 386.02 52.50 27.42 0.9708 high
686.25 386.02 52.50 25.31 0.9903 high
686.25 388.12 56.25 25.31 0.9752 high
686.25 388.12 52.50 25.31 0.9846 high
682.50 390.23 56.25 23.20 0.9907 high
682.50 390.23 56.25 25.31 0.9859 high
682.50 392.34 56.25 25.31 0.9832 high
682.50 394.45 52.50 23.20 0.9774 high
682.50 396.56 52.50 23.20 0.9883 high
686.25 398.67 45.00 21.09 0.9824 high
682.50 398.67 52.50 23.20 0.9845 high
678.75 400.78 60.00 27.42 0.9848 high
671.25 402.89 63.75 25.31 0.9843 high
675.00 405.00 60.00 25.31 0.9752 high
667.50 407.11 67.50 27.42 0.9764 high
675.00 409.22 60.00 23.20 0.9786 high
675.00 411.33 60.00 23.20 0.9797 high
672.39 412.35 61.83 23.64 0.0000 coast
-100 -100 -100 -100 0.0000 coast_none
-100 -100 -100 -100 0.0000 coast_none
-100 -100 -100 -100 0.0000 coast_none
686.25 426.09 26.25 16.88 0.9647 reinit
686.25 426.09 26.25 16.88 0.0000 coast
-100 -100 -100 -100 0.0000 coast_none
690.00 434.53 37.50 18.98 0.9693 high
686.25 436.64 33.75 18.98 0.9619 high
-100 -100 -100 -100 0.0000 coast_none
688.30 440.18 39.13 19.92 0.0000 coast
-100 -100 -100 -100 0.0000 coast_none
678.75 442.97 60.00 27.42 0.9872 high
671.25 440.86 71.25 31.64 0.9805 high
671.25 442.97 71.25 31.64 0.9715 high
678.75 451.41 60.00 25.31 0.9851 high
675.00 455.62 71.25 23.20 0.9839 high
678.75 457.73 56.25 23.20 0.9912 high
678.75 459.84 56.25 23.20 0.9917 high
682.50 464.06 60.00 23.20 0.9926 high
682.50 466.17 52.50 23.20 0.9914 high
682.50 468.28 56.25 23.20 0.9977 high
682.50 468.28 52.50 25.31 0.9803 high
686.25 474.61 52.50 21.09 0.9910 high
690.00 476.72 56.25 21.09 0.9951 high
697.50 478.83 52.50 21.09 0.9855 high
697.50 480.94 48.75 23.20 0.9800 high
693.75 485.16 52.50 23.20 0.9977 high
697.50 487.27 52.50 21.09 0.9867 high
697.50 489.38 48.75 23.20 0.9909 high
697.50 493.59 41.25 21.09 0.9880 high
697.50 495.70 41.25 21.09 0.9816 high
697.50 497.81 45.00 23.20 0.9738 high
701.25 504.14 41.25 18.98 0.9844 high
701.25 506.25 45.00 18.98 0.9837 high
705.00 506.25 41.25 21.09 0.9831 high
697.50 506.25 52.50 23.20 0.9906 high
701.25 510.47 45.00 23.20 0.9872 high
701.25 512.58 48.75 23.20 0.9922 high
705.00 518.91 41.25 18.98 0.9879 high
705.00 521.02 41.25 21.09 0.9857 high
705.00 525.23 48.75 18.98 0.9890 high
708.75 529.45 37.50 16.88 0.9906 high
712.50 531.56 33.75 18.98 0.9847 high
712.50 535.78 33.75 21.09 0.9714 high
712.50 540.00 30.00 18.98 0.9689 high
716.25 544.22 26.25 16.88 0.9799 high
716.98 547.26 25.38 17.18 0.0000 coast
-100 -100 -100 -100 0.0000 coast_none
701.25 548.44 56.25 25.31 0.9686 reinit
701.25 548.44 56.25 29.53 0.9786 high
701.25 554.77 56.25 29.53 0.9901 high
701.25 558.98 56.25 27.42 0.9860 high
701.25 561.09 56.25 29.53 0.9847 high
705.00 565.31 56.25 25.31 0.9872 high
705.00 569.53 56.25 23.20 0.9890 high
705.00 571.64 56.25 25.31 0.9758 high
708.75 575.86 52.50 23.20 0.9898 high
705.00 577.97 60.00 25.31 0.9839 high
705.00 582.19 60.00 23.20 0.9779 high
701.25 584.30 63.75 25.31 0.9733 high
708.75 586.41 56.25 27.42 0.9836 high
708.75 588.52 52.50 27.42 0.9893 high
708.75 592.73 52.50 27.42 0.9931 high
708.75 596.95 56.25 25.31 0.9855 high
712.50 603.28 45.00 21.09 0.9678 high
708.75 605.39 56.25 25.31 0.9844 high
712.50 609.61 45.00 21.09 0.9933 high
712.50 611.72 48.75 21.09 0.9852 high
712.50 613.83 52.50 23.20 0.9811 high
712.50 618.05 52.50 27.42 0.9775 high
-100 -100 -100 -100 0.0000 coast_none
-100 -100 -100 -100 0.0000 coast_none
708.75 628.59 52.50 27.42 0.9807 high
-100 -100 -100 -100 0.0000 coast_none
-100 -100 -100 -100 0.0000 coast_none
709.73 638.57 52.42 27.92 0.0000 coast
-100 -100 -100 -100 0.0000 coast_none
-100 -100 -100 -100 0.0000 coast_none
705.00 643.36 71.25 37.97 0.9773 high
693.75 645.47 86.25 37.97 0.9871 high
693.75 647.58 78.75 35.86 0.9831 high
694.12 650.91 82.34 37.95 0.0000 coast
693.13 653.76 84.34 38.79 0.0000 coast
712.50 664.45 41.25 12.66 0.9513 reinit
705.00 660.23 56.25 23.20 0.9837 high
712.50 664.45 45.00 16.88 0.9769 high
710.34 663.24 49.04 19.60 0.0000 coast
720.00 666.56 30.00 10.55 0.9003 high
721.13 667.02 28.58 10.25 0.0000 coast
723.44 667.88 24.72 8.74 0.0000 coast
705.00 662.34 78.75 33.75 0.9745 reinit
701.25 662.34 86.25 35.86 0.9789 high
701.25 664.45 82.50 31.64 0.9780 high
705.00 666.56 78.75 29.53 0.9782 high
708.75 666.56 67.50 29.53 0.9838 high
708.75 666.56 63.75 27.42 0.9843 high
708.75 668.67 63.75 25.31 0.9737 high
716.25 668.67 48.75 23.20 0.9628 high
712.50 668.67 60.00 25.31 0.9843 high
712.50 668.67 60.00 25.31 0.9714 high
705.00 668.67 71.25 27.42 0.9867 high
705.00 668.67 75.00 27.42 0.9796 high
708.75 668.67 67.50 27.42 0.9868 high
708.75 668.67 63.75 25.31 0.9757 high
705.00 666.56 75.00 31.64 0.9799 high
701.25 666.56 71.25 29.53 0.9799 high
708.75 668.67 63.75 25.31 0.9810 high
705.00 666.56 71.25 27.42 0.9838 high
708.75 668.67 63.75 23.20 0.9834 high
707.56 668.28 65.59 24.13 0.0000 coast
708.75 666.56 56.25 23.20 0.9674 high
708.75 666.56 52.50 21.09 0.9811 high
708.75 668.67 48.75 18.98 0.9772 high
712.50 666.56 45.00 16.88 0.9417 high
-100 -100 -100 -100 0.0000 coast_none
712.48 666.99 41.57 15.41 0.0000 coast
-100 -100 -100 -100 0.0000 coast_none
713.51 666.94 37.25 13.38 0.0000 coast
708.75 664.45 48.75 14.77 0.9521 high
708.91 664.26 47.53 13.92 0.0000 coast
708.83 663.95 46.91 13.17 0.0000 coast
712.50 660.23 52.50 21.09 0.9769 high
712.15 660.18 51.43 19.73 0.0000 coast
716.25 656.02 33.75 18.98 0.9597 high
715.90 655.97 36.33 19.07 0.0000 coast
705.00 653.91 45.00 21.09 0.9801 high
701.25 651.80 48.75 23.20 0.9725 high
-100 -100 -100 -100 0.0000 coast_none
700.73 650.10 47.12 23.07 0.0000 coast
-100 -100 -100 -100 0.0000 coast_none
698.55 647.94 47.42 23.72 0.0000 coast
-100 -100 -100 -100 0.0000 coast_none
-100 -100 -100 -100 0.0000 coast_none
-100 -100 -100 -100 0.0000 coast_none
-100 -100 -100 -100 0.0000 coast_none
693.75 628.59 37.50 18.98 0.9665 high
-100 -100 -100 -100 0.0000 coast_none
697.50 622.27 33.75 18.98 0.9664 high
696.09 620.39 33.34 18.87 0.0000 coast
695.63 618.06 32.45 18.75 0.0000 coast
682.50 613.83 45.00 18.98 0.9758 high
682.50 609.61 45.00 21.09 0.9694 high
682.50 605.39 45.00 23.20 0.9806 high
678.75 601.17 48.75 29.53 0.9835 high
678.75 596.95 48.75 25.31 0.9960 high
678.75 594.84 45.00 29.53 0.9907 high
678.75 590.62 45.00 23.20 0.9942 high
676.42 587.88 46.26 25.57 0.0000 coast
671.25 584.30 52.50 23.20 0.9825 high
678.75 582.19 37.50 21.09 0.9865 high
671.25 577.97 52.50 21.09 0.9861 high
675.00 573.75 41.25 21.09 0.9827 high
675.00 571.64 41.25 21.09 0.9909 high
671.25 565.31 48.75 25.31 0.9753 high
671.25 561.09 41.25 27.42 0.9910 high
667.50 554.77 45.00 29.53 0.9910 high
667.50 554.77 41.25 23.20 0.9831 high
663.75 546.33 41.25 25.31 0.9762 high
663.03 543.67 41.44 25.58 0.0000 coast
656.25 546.33 41.25 18.98 0.9739 high
656.25 542.11 37.50 16.88 0.9758 high
656.25 540.00 30.00 12.66 0.9212 high
653.88 536.40 31.42 13.04 0.0000 coast
648.75 531.56 41.25 18.98 0.9760 high
645.00 529.45 41.25 18.98 0.9723 high
643.55 525.80 40.89 18.35 0.0000 coast
641.25 523.12 41.25 14.77 0.9778 high
648.75 521.02 33.75 14.77 0.9810 high
645.00 516.80 37.50 21.09 0.9798 high
645.00 512.58 33.75 21.09 0.9851 high
648.75 512.58 30.00 16.88 0.9736 high
641.25 508.36 33.75 21.09 0.9897 high
641.33 505.35 32.36 20.41 0.0000 coast
639.98 502.26 31.90 20.64 0.0000 coast
637.50 502.03 33.75 16.88 0.9919 high
641.25 497.81 26.25 16.88 0.9885 high
637.50 495.70 33.75 16.88 0.9860 high
633.75 493.59 33.75 16.88 0.9853 high
633.75 491.48 33.75 14.77 0.9903 high
633.75 487.27 37.50 18.98 0.9867 high
633.75 485.16 37.50 21.09 0.9848 high
633.75 483.05 37.50 18.98 0.9903 high
633.75 478.83 33.75 18.98 0.9854 high
633.75 478.83 33.75 16.88 0.9776 high
626.25 476.72 41.25 18.98 0.9778 high
626.25 474.61 33.75 12.66 0.9765 high
630.00 472.50 30.00 12.66 0.9814 high
630.00 468.28 33.75 16.88 0.9868 high
630.00 468.28 26.25 12.66 0.9947 high
626.25 466.17 30.00 10.55 0.9848 high
626.10 463.58 28.96 10.73 0.0000 coast
625.19 461.28 28.53 10.11 0.0000 coast
-100 -100 -100 -100 0.0000 coast_none
-100 -100 -100 -100 0.0000 coast_none
-100 -100 -100 -100 0.0000 coast_none
-100 -100 -100 -100 0.0000 coast_none
-100 -100 -100 -100 0.0000 coast_none
-100 -100 -100 -100 0.0000 coast_none
-100 -100 -100 -100 0.0000 coast_none
-100 -100 -100 -100 0.0000 coast_none
-100 -100 -100 -100 0.0000 miss
-100 -100 -100 -100 0.0000 miss
-100 -100 -100 -100 0.0000 miss
-100 -100 -100 -100 0.0000 miss
-100 -100 -100 -100 0.0000 miss
-100 -100 -100 -100 0.0000 miss
-100 -100 -100 -100 0.0000 miss
-100 -100 -100 -100 0.0000 miss
-100 -100 -100 -100 0.0000 miss
611.25 417.66 26.25 12.66 0.9604 high
610.45 415.30 26.07 12.57 0.0000 coast
607.50 413.44 22.50 8.44 0.9668 high
607.04 411.00 22.86 9.02 0.0000 coast
606.09 408.68 22.44 8.67 0.0000 coast
596.25 405.00 48.75 18.98 0.9792 reinit
607.50 402.89 33.75 14.77 0.9635 high
603.75 400.78 37.50 14.77 0.9853 high
603.75 398.67 37.50 16.88 0.9852 high
600.00 396.56 41.25 18.98 0.9674 high
596.25 394.45 41.25 23.20 0.9860 high
592.50 392.34 45.00 23.20 0.9885 high
596.25 390.23 41.25 18.98 0.9925 high
596.25 388.12 41.25 18.98 0.9862 high
592.50 386.02 45.00 18.98 0.9813 high
592.50 381.80 45.00 21.09 0.9828 high
592.50 379.69 45.00 21.09 0.9706 high
588.75 377.58 48.75 21.09 0.9766 high
592.50 375.47 41.25 21.09 0.9910 high
588.75 373.36 45.00 21.09 0.9760 high
592.50 373.36 41.25 18.98 0.9781 high
590.20 370.51 42.78 20.10 0.0000 coast
592.50 369.14 37.50 18.98 0.9800 high
592.50 367.03 37.50 18.98 0.9917 high
-100 -100 -100 -100 0.0000 coast_none
-100 -100 -100 -100 0.0000 coast_none
-100 -100 -100 -100 0.0000 coast_none
-100 -100 -100 -100 0.0000 coast_none
-100 -100 -100 -100 0.0000 coast_none
-100 -100 -100 -100 0.0000 coast_none
-100 -100 -100 -100 0.0000 coast_none
-100 -100 -100 -100 0.0000 coast_none
-100 -100 -100 -100 0.0000 coast_none
-100 -100 -100 -100 0.0000 coast_none
-100 -100 -100 -100 0.0000 miss
-100 -100 -100 -100 0.0000 miss
-100 -100 -100 -100 0.0000 miss
-100 -100 -100 -100 0.0000 miss
-100 -100 -100 -100 0.0000 miss
-100 -100 -100 -100 0.0000 miss
-100 -100 -100 -100 0.0000 miss
-100 -100 -100 -100 0.0000 miss
-100 -100 -100 -100 0.0000 miss
-100 -100 -100 -100 0.0000 miss
-100 -100 -100 -100 0.0000 miss
-100 -100 -100 -100 0.0000 miss
-100 -100 -100 -100 0.0000 miss
-100 -100 -100 -100 0.0000 miss
-100 -100 -100 -100 0.0000 miss
581.25 341.72 11.25 4.22 0.9310 high
-100 -100 -100 -100 0.0000 coast_none
-100 -100 -100 -100 0.0000 coast_none
577.50 337.50 18.75 10.55 0.9273 reinit
-100 -100 -100 -100 0.0000 coast_none
-100 -100 -100 -100 0.0000 coast_none
-100 -100 -100 -100 0.0000 coast_none
581.25 339.61 11.25 4.22 0.7575 high
581.84 339.94 10.08 3.23 0.0000 coast
582.53 340.33 8.69 2.06 0.0000 coast
-100 -100 -100 -100 0.0000 coast_none
-100 -100 -100 -100 0.0000 coast_none
-100 -100 -100 -100 0.0000 coast_none
-100 -100 -100 -100 0.0000 coast_none
-100 -100 -100 -100 0.0000 coast_none
-100 -100 -100 -100 0.0000 coast_none
-100 -100 -100 -100 0.0000 coast_none
-100 -100 -100 -100 0.0000 coast_none
-100 -100 -100 -100 0.0000 miss
-100 -100 -100 -100 0.0000 miss
-100 -100 -100 -100 0.0000 miss
-100 -100 -100 -100 0.0000 miss
-100 -100 -100 -100 0.0000 miss
-100 -100 -100 -100 0.0000 miss
-100 -100 -100 -100 0.0000 miss
-100 -100 -100 -100 0.0000 miss
581.25 339.61 11.25 4.22 0.8557 high
581.25 339.61 11.25 4.22 0.9929 high
-100 -100 -100 -100 0.0000 coast_none
-100 -100 -100 -100 0.0000 coast_none
581.25 339.61 11.25 4.22 0.9765 high
581.72 340.14 10.32 3.14 0.0000 coast
582.02 340.49 9.72 2.43 0.0000 coast
577.50 335.39 18.75 14.77 0.9614 reinit
577.50 337.50 22.50 12.66 0.9352 high
577.50 337.50 22.50 18.98 0.9694 high
577.50 335.39 22.50 23.20 0.9882 high
573.75 335.39 30.00 25.31 0.9797 high
574.23 335.28 29.65 27.55 0.0000 coast
573.59 335.02 31.34 30.09 0.0000 coast
-100 -100 -100 -100 0.0000 coast_none
-100 -100 -100 -100 0.0000 coast_none
-100 -100 -100 -100 0.0000 coast_none
-100 -100 -100 -100 0.0000 coast_none
-100 -100 -100 -100 0.0000 coast_none
-100 -100 -100 -100 0.0000 coast_none
-100 -100 -100 -100 0.0000 coast_none
-100 -100 -100 -100 0.0000 coast_none
-100 -100 -100 -100 0.0000 miss
-100 -100 -100 -100 0.0000 miss
-100 -100 -100 -100 0.0000 miss
-100 -100 -100 -100 0.0000 miss
-100 -100 -100 -100 0.0000 miss
-100 -100 -100 -100 0.0000 miss
-100 -100 -100 -100 0.0000 miss
-100 -100 -100 -100 0.0000 miss
-100 -100 -100 -100 0.0000 miss
-100 -100 -100 -100 0.0000 miss
-100 -100 -100 -100 0.0000 miss
-100 -100 -100 -100 0.0000 miss
-100 -100 -100 -100 0.0000 miss
-100 -100 -100 -100 0.0000 miss
-100 -100 -100 -100 0.0000 miss
-100 -100 -100 -100 0.0000 miss
-100 -100 -100 -100 0.0000 miss
-100 -100 -100 -100 0.0000 miss
-100 -100 -100 -100 0.0000 miss
-100 -100 -100 -100 0.0000 miss
-100 -100 -100 -100 0.0000 lost
-100 -100 -100 -100 0.0000 none
-100 -100 -100 -100 0.0000 none
-100 -100 -100 -100 0.0000 none
-100 -100 -100 -100 0.0000 none
-100 -100 -100 -100 0.0000 none
-100 -100 -100 -100 0.0000 none
-100 -100 -100 -100 0.0000 none
-100 -100 -100 -100 0.0000 none
-100 -100 -100 -100 0.0000 none
-100 -100 -100 -100 0.0000 none
-100 -100 -100 -100 0.0000 none
-100 -100 -100 -100 0.0000 none
-100 -100 -100 -100 0.0000 none
-100 -100 -100 -100 0.0000 none
-100 -100 -100 -100 0.0000 none
-100 -100 -100 -100 0.0000 none
-100 -100 -100 -100 0.0000 none
-100 -100 -100 -100 0.0000 none
-100 -100 -100 -100 0.0000 none
-100 -100 -100 -100 0.0000 none
-100 -100 -100 -100 0.0000 none
-100 -100 -100 -100 0.0000 none
-100 -100 -100 -100 0.0000 none
-100 -100 -100 -100 0.0000 none
-100 -100 -100 -100 0.0000 none
-100 -100 -100 -100 0.0000 none
-100 -100 -100 -100 0.0000 none
-100 -100 -100 -100 0.0000 none
-100 -100 -100 -100 0.0000 none
-100 -100 -100 -100 0.0000 none
727.50 335.39 11.25 4.22 0.9090 init
-100 -100 -100 -100 0.0000 coast_none
-100 -100 -100 -100 0.0000 coast_none
-100 -100 -100 -100 0.0000 coast_none
-100 -100 -100 -100 0.0000 coast_none
-100 -100 -100 -100 0.0000 coast_none
-100 -100 -100 -100 0.0000 coast_none
-100 -100 -100 -100 0.0000 coast_none
761.25 337.50 26.25 14.77 0.9525 reinit
761.25 337.50 26.25 14.77 0.0000 coast
768.75 337.50 26.25 16.88 0.9547 high
769.96 337.50 26.25 17.22 0.0000 coast
772.50 339.61 26.25 16.88 0.9144 high
-100 -100 -100 -100 0.0000 coast_none
-100 -100 -100 -100 0.0000 coast_none
-100 -100 -100 -100 0.0000 coast_none
-100 -100 -100 -100 0.0000 coast_none
-100 -100 -100 -100 0.0000 coast_none
-100 -100 -100 -100 0.0000 coast_none
-100 -100 -100 -100 0.0000 coast_none
-100 -100 -100 -100 0.0000 coast_none
-100 -100 -100 -100 0.0000 coast_none
-100 -100 -100 -100 0.0000 coast_none
-100 -100 -100 -100 0.0000 miss
832.50 343.83 15.00 14.77 0.9531 high
836.67 344.24 14.32 14.72 0.0000 coast
841.25 344.63 13.51 14.60 0.0000 coast
832.50 341.72 41.25 21.09 0.9853 reinit
828.75 339.61 48.75 23.20 0.9893 high
836.25 341.72 45.00 21.09 0.9883 high
840.00 341.72 48.75 21.09 0.9855 high
847.50 341.72 45.00 21.09 0.9743 high
849.30 342.03 46.34 20.78 0.0000 coast
858.75 341.72 37.50 21.09 0.9927 high
858.75 341.72 41.25 21.09 0.9849 high
858.75 339.61 45.00 23.20 0.9803 high
858.75 339.61 48.75 25.31 0.9952 high
858.75 339.61 52.50 25.31 0.9870 high
862.50 341.72 52.50 21.09 0.9844 high
865.11 340.84 53.15 22.86 0.0000 coast
867.60 340.80 54.11 23.00 0.0000 coast
888.75 341.72 37.50 18.98 0.9976 high
888.75 341.72 37.50 18.98 0.9815 high
892.50 339.61 41.25 25.31 0.9854 high
896.25 341.72 41.25 21.09 0.9726 high
896.25 339.61 45.00 23.20 0.9841 high
900.00 339.61 45.00 23.20 0.9859 high
903.75 339.61 52.50 25.31 0.9758 high
907.50 339.61 48.75 23.20 0.9739 high
915.00 339.61 41.25 23.20 0.9769 high
918.75 339.61 45.00 23.20 0.9710 high
922.50 339.61 45.00 23.20 0.9746 high
926.25 341.72 41.25 21.09 0.9799 high
933.75 341.72 37.50 18.98 0.9900 high
933.75 339.61 41.25 23.20 0.9711 high
933.75 339.61 48.75 23.20 0.9819 high
938.80 339.68 46.38 23.01 0.0000 coast
-100 -100 -100 -100 0.0000 coast_none
-100 -100 -100 -100 0.0000 coast_none
-100 -100 -100 -100 0.0000 coast_none
-100 -100 -100 -100 0.0000 coast_none
-100 -100 -100 -100 0.0000 coast_none
-100 -100 -100 -100 0.0000 coast_none
-100 -100 -100 -100 0.0000 coast_none
-100 -100 -100 -100 0.0000 coast_none
969.92 338.66 50.79 24.40 0.0000 coast
-100 -100 -100 -100 0.0000 miss
982.50 343.83 18.75 14.77 0.9511 high
978.75 341.72 26.25 18.98 0.9929 high
978.75 341.72 30.00 18.98 0.9767 high
982.10 341.67 28.77 19.06 0.0000 coast
-100 -100 -100 -100 0.0000 coast_none
-100 -100 -100 -100 0.0000 coast_none
-100 -100 -100 -100 0.0000 coast_none
-100 -100 -100 -100 0.0000 coast_none
-100 -100 -100 -100 0.0000 coast_none
-100 -100 -100 -100 0.0000 coast_none
-100 -100 -100 -100 0.0000 coast_none
-100 -100 -100 -100 0.0000 coast_none
-100 -100 -100 -100 0.0000 coast_none
-100 -100 -100 -100 0.0000 miss
1012.50 352.27 11.25 8.44 0.8627 high
1015.04 352.77 10.51 7.97 0.0000 coast
1017.68 353.48 9.38 7.27 0.0000 coast
1012.50 348.05 18.75 14.77 0.9595 reinit
1012.50 348.05 18.75 14.77 0.0000 coast
1008.75 350.16 26.25 14.77 0.9741 high
1008.75 350.16 26.25 14.77 0.9514 high
1008.75 348.05 26.25 16.88 0.9725 high
1005.00 345.94 33.75 18.98 0.9894 high
1005.00 345.94 33.75 18.98 0.9836 high
1008.75 343.83 30.00 21.09 0.9741 high
1005.00 343.83 37.50 23.20 0.9902 high
1005.00 341.72 37.50 25.31 0.9917 high
1008.75 341.72 33.75 25.31 0.9847 high
1008.75 341.72 33.75 23.20 0.9876 high
1008.75 341.72 33.75 23.20 0.9927 high
1005.00 339.61 37.50 25.31 0.9857 high
1008.75 339.61 33.75 25.31 0.9940 high
1008.75 339.61 37.50 25.31 0.9872 high
1008.75 337.50 37.50 27.42 0.9745 high
1008.75 337.50 37.50 25.31 0.9800 high
1008.75 331.17 41.25 31.64 0.9802 high
1008.75 329.06 37.50 31.64 0.9794 high
1008.75 331.17 41.25 25.31 0.9775 high
1012.50 333.28 41.25 21.09 0.9525 high
1011.30 331.06 42.26 23.66 0.0000 coast
1012.50 329.06 48.75 29.53 0.9798 high
1008.75 331.17 52.50 25.31 0.9869 high
1010.17 329.43 52.59 26.76 0.0000 coast
1016.25 329.06 41.25 21.09 0.9802 high
1012.50 326.95 48.75 23.20 0.9858 high
1013.50 326.52 48.69 22.98 0.0000 coast
1016.25 326.95 41.25 23.20 0.9792 high
1023.75 324.84 30.00 21.09 0.9696 high
1016.25 324.84 41.25 23.20 0.9825 high
1020.00 322.73 37.50 23.20 0.9657 high
1020.00 320.62 33.75 23.20 0.9838 high
1023.75 320.62 26.25 18.98 0.9611 high
1023.75 318.52 33.75 23.20 0.9890 high
-100 -100 -100 -100 0.0000 coast_none
1023.75 316.41 30.00 21.09 0.9693 high
1023.75 316.41 33.75 21.09 0.9734 high
1020.00 314.30 33.75 21.09 0.9820 high
1023.75 314.30 26.25 14.77 0.9698 high
1020.00 310.08 33.75 21.09 0.9857 high
-100 -100 -100 -100 0.0000 coast_none
-100 -100 -100 -100 0.0000 coast_none
-100 -100 -100 -100 0.0000 coast_none
1023.75 307.97 26.25 18.98 0.9806 high
-100 -100 -100 -100 0.0000 coast_none
-100 -100 -100 -100 0.0000 coast_none
-100 -100 -100 -100 0.0000 coast_none
-100 -100 -100 -100 0.0000 coast_none
-100 -100 -100 -100 0.0000 coast_none
-100 -100 -100 -100 0.0000 coast_none
-100 -100 -100 -100 0.0000 coast_none
-100 -100 -100 -100 0.0000 coast_none
-100 -100 -100 -100 0.0000 coast_none
-100 -100 -100 -100 0.0000 coast_none
-100 -100 -100 -100 0.0000 miss
-100 -100 -100 -100 0.0000 miss
1023.75 295.31 18.75 12.66 0.9399 high
1023.84 294.32 18.14 12.26 0.0000 coast
-100 -100 -100 -100 0.0000 coast_none
-100 -100 -100 -100 0.0000 coast_none
-100 -100 -100 -100 0.0000 coast_none
-100 -100 -100 -100 0.0000 coast_none
-100 -100 -100 -100 0.0000 coast_none
1016.25 291.09 30.00 16.88 0.9911 reinit
1016.25 288.98 30.00 21.09 0.9884 high
1016.25 288.83 30.00 21.41 0.0000 coast
-100 -100 -100 -100 0.0000 coast_none
-100 -100 -100 -100 0.0000 coast_none
-100 -100 -100 -100 0.0000 coast_none
-100 -100 -100 -100 0.0000 coast_none
-100 -100 -100 -100 0.0000 coast_none
-100 -100 -100 -100 0.0000 coast_none
1016.25 288.98 22.50 10.55 0.9515 high
1016.25 288.98 18.75 10.55 0.9688 high
-100 -100 -100 -100 0.0000 coast_none
-100 -100 -100 -100 0.0000 coast_none
-100 -100 -100 -100 0.0000 coast_none
-100 -100 -100 -100 0.0000 coast_none
-100 -100 -100 -100 0.0000 coast_none
-100 -100 -100 -100 0.0000 coast_none
-100 -100 -100 -100 0.0000 coast_none
-100 -100 -100 -100 0.0000 coast_none
-100 -100 -100 -100 0.0000 coast_none
997.50 280.55 11.25 6.33 0.8961 high
-100 -100 -100 -100 0.0000 coast_none
-100 -100 -100 -100 0.0000 coast_none
-100 -100 -100 -100 0.0000 coast_none
982.50 270.00 22.50 12.66 0.9470 reinit
982.50 270.00 22.50 12.66 0.0000 coast
978.75 267.89 30.00 14.77 0.9725 high
975.00 265.78 26.25 14.77 0.9842 high
975.00 265.78 26.25 12.66 0.9542 high
973.49 264.93 27.36 13.36 0.0000 coast
975.00 263.67 22.50 12.66 0.9843 high
973.55 262.90 23.03 12.64 0.0000 coast
967.50 259.45 30.00 14.77 0.9849 high
966.59 258.62 29.57 14.62 0.0000 coast
963.75 255.23 33.75 16.88 0.9950 high
963.75 253.12 30.00 16.88 0.9757 high
963.75 251.02 30.00 18.98 0.9919 high
961.46 249.81 31.31 18.88 0.0000 coast
956.25 246.80 33.75 18.98 0.9861 high
960.00 246.80 26.25 14.77 0.9551 high
956.25 244.69 30.00 14.77 0.9778 high
954.87 243.11 30.04 15.35 0.0000 coast
952.50 238.36 37.50 21.09 0.9920 high
952.50 234.14 37.50 27.42 0.9863 high
952.50 234.14 41.25 25.31 0.9967 high
952.50 232.03 41.25 23.20 0.9830 high
948.75 229.92 41.25 25.31 0.9799 high
948.75 229.92 41.25 23.20 0.9935 high
948.75 227.81 41.25 23.20 0.9891 high
948.75 223.59 45.00 29.53 0.9832 high
948.75 223.59 41.25 25.31 0.9838 high
952.50 221.48 37.50 25.31 0.9842 high
948.75 221.48 37.50 21.09 0.9962 high
948.75 219.38 37.50 23.20 0.9902 high
948.75 215.16 41.25 25.31 0.9918 high
948.75 213.05 41.25 29.53 0.9913 high
945.00 213.05 41.25 25.31 0.9974 high
941.25 210.94 45.00 29.53 0.9967 high
941.25 208.83 48.75 29.53 0.9771 high
941.25 210.94 45.00 27.42 0.9767 high
941.25 206.72 48.75 29.53 0.9831 high
937.50 208.83 52.50 25.31 0.9777 high
937.50 208.83 48.75 25.31 0.9888 high
937.50 208.83 48.75 23.20 0.9906 high
937.50 208.83 48.75 27.42 0.9919 high
937.50 206.72 48.75 31.64 0.9908 high
937.50 206.72 48.75 25.31 0.9850 high
937.50 206.72 48.75 25.31 0.9893 high
937.50 206.72 48.75 29.53 0.9930 high
937.50 206.72 52.50 31.64 0.9931 high
937.50 206.72 48.75 29.53 0.9777 high
937.50 206.72 52.50 29.53 0.9853 high
941.25 206.72 48.75 25.31 0.9825 high
941.25 206.72 45.00 27.42 0.9954 high
945.00 206.72 48.75 23.20 0.9800 high
945.00 204.61 48.75 27.42 0.9847 high
945.00 204.61 52.50 23.20 0.9897 high
948.75 204.61 48.75 23.20 0.9885 high
952.50 206.72 41.25 23.20 0.9835 high
952.50 206.72 45.00 23.20 0.9847 high
956.25 206.72 41.25 23.20 0.9833 high
956.25 206.72 45.00 25.31 0.9928 high
956.25 204.61 41.25 29.53 0.9884 high
960.00 206.72 48.75 27.42 0.9919 high
960.00 206.72 48.75 27.42 0.9824 high
963.75 208.83 52.50 23.20 0.9867 high
963.75 206.72 48.75 27.42 0.9867 high
967.50 206.72 48.75 29.53 0.9862 high
967.50 206.72 45.00 31.64 0.9891 high
967.50 206.72 52.50 31.64 0.9868 high
971.25 206.72 56.25 27.42 0.9885 high
975.00 210.94 56.25 25.31 0.9864 high
975.00 213.05 56.25 23.20 0.9846 high
978.75 213.05 48.75 23.20 0.9752 high
982.50 213.05 48.75 29.53 0.9969 high
986.25 213.05 45.00 25.31 0.9905 high
990.00 215.16 52.50 25.31 0.9879 high
993.75 213.05 52.50 27.42 0.9918 high
997.50 215.16 45.00 29.53 0.9883 high
997.50 219.38 45.00 25.31 0.9866 high
1001.25 223.59 41.25 25.31 0.9920 high
1005.00 225.70 41.25 25.31 0.9825 high
1008.75 227.81 37.50 27.42 0.9827 high
1012.50 227.81 37.50 25.31 0.9919 high
1012.50 229.92 37.50 25.31 0.9722 high
1016.25 232.03 37.50 25.31 0.9924 high
1016.25 232.03 41.25 23.20 0.9861 high
1023.75 236.25 30.00 21.09 0.9814 high
1027.50 238.36 33.75 18.98 0.9708 high
1027.50 240.47 33.75 18.98 0.9834 high
1027.50 242.58 37.50 18.98 0.9834 high
1027.50 242.58 37.50 18.98 0.9788 high
1031.25 244.69 37.50 21.09 0.9673 high
1035.00 248.91 37.50 18.98 0.9645 high
1031.25 246.80 45.00 25.31 0.9861 high
1031.25 251.02 45.00 21.09 0.9729 high
1038.75 251.02 37.50 21.09 0.9807 high
1038.75 253.12 37.50 21.09 0.9874 high
1038.75 257.34 41.25 18.98 0.9722 high
1042.50 259.45 33.75 18.98 0.9776 high
1046.25 261.56 37.50 21.09 0.9777 high
1050.00 265.78 30.00 16.88 0.9789 high
1046.25 267.89 33.75 25.31 0.9835 high
1050.00 267.89 30.00 18.98 0.9695 high
1050.00 272.11 30.00 14.77 0.9742 high
1052.16 273.86 29.31 15.90 0.0000 coast
1050.00 276.33 33.75 16.88 0.9793 high
1051.98 278.51 32.58 16.15 0.0000 coast
-100 -100 -100 -100 0.0000 coast_none
-100 -100 -100 -100 0.0000 coast_none
-100 -100 -100 -100 0.0000 coast_none
1053.75 286.88 30.00 12.66 0.9725 high
1054.99 289.11 29.81 12.23 0.0000 coast
1055.97 291.30 29.47 11.65 0.0000 coast
1061.25 297.42 15.00 8.44 0.9083 reinit
1061.25 297.42 15.00 8.44 0.0000 coast
1061.25 297.42 15.00 8.44 0.0000 coast
1050.00 291.09 37.50 25.31 0.9765 reinit
1053.75 293.20 30.00 25.31 0.9805 high
1054.03 293.36 29.44 25.31 0.0000 coast
1042.50 291.09 41.25 29.53 0.9799 high
1038.75 293.20 48.75 31.64 0.9715 high
1038.75 305.86 45.00 21.09 0.9656 high
1042.50 307.97 41.25 21.09 0.9742 high
1042.50 312.19 41.25 21.09 0.9791 high
1046.25 316.41 33.75 14.77 0.9684 high
1042.74 318.01 37.97 15.95 0.0000 coast
1041.60 320.66 38.63 15.02 0.0000 coast
1042.50 320.62 41.25 21.09 0.9828 high
1041.30 323.35 41.86 19.99 0.0000 coast
1046.25 324.84 37.50 21.09 0.9729 high
-100 -100 -100 -100 0.0000 coast_none
-100 -100 -100 -100 0.0000 coast_none
-100 -100 -100 -100 0.0000 coast_none
-100 -100 -100 -100 0.0000 coast_none
1042.91 336.46 40.75 20.58 0.0000 coast
-100 -100 -100 -100 0.0000 coast_none
1038.75 335.39 41.25 25.31 0.9834 high
1035.00 337.50 45.00 23.20 0.9789 high
1035.00 339.61 45.00 23.20 0.9758 high
1035.00 341.72 45.00 23.20 0.9873 high
1038.75 343.83 37.50 18.98 0.9817 high
1038.75 343.83 37.50 21.09 0.9709 high
1035.00 343.83 41.25 23.20 0.9834 high
1035.00 345.94 41.25 25.31 0.9818 high
1031.25 345.94 45.00 27.42 0.9812 high
1035.00 348.05 45.00 25.31 0.9828 high
1031.25 350.16 48.75 25.31 0.9861 high
1035.00 352.27 41.25 23.20 0.9864 high
1038.75 352.27 37.50 23.20 0.9827 high
1035.00 354.38 45.00 23.20 0.9816 high
1038.75 356.48 37.50 21.09 0.9827 high
1035.00 356.48 41.25 21.09 0.9866 high
1027.50 356.48 48.75 23.20 0.9882 high
1027.50 356.48 48.75 23.20 0.9898 high
1027.50 356.48 48.75 25.31 0.9884 high
1027.50 356.48 48.75 25.31 0.9896 high
1027.50 358.59 48.75 25.31 0.9888 high
1031.25 358.59 45.00 23.20 0.9901 high
1027.50 358.59 52.50 25.31 0.9771 high
1027.50 358.59 52.50 25.31 0.9789 high
1031.25 358.59 48.75 25.31 0.9802 high
1027.50 358.59 48.75 27.42 0.9788 high
1027.50 358.59 52.50 27.42 0.9789 high
1031.25 358.59 48.75 27.42 0.9786 high
1031.25 358.59 48.75 27.42 0.9743 high
1031.25 358.59 45.00 27.42 0.9839 high
1035.00 360.70 41.25 25.31 0.9738 high
1035.00 362.81 41.25 23.20 0.9879 high
1038.75 362.81 37.50 21.09 0.9737 high
1038.75 362.81 37.50 21.09 0.9722 high
1038.75 364.92 37.50 18.98 0.9876 high
1038.75 364.92 33.75 18.98 0.9918 high
1038.75 364.92 37.50 18.98 0.9750 high
1038.75 364.92 37.50 18.98 0.9696 high
1038.75 364.92 37.50 18.98 0.9909 high
1038.75 364.92 37.50 18.98 0.9802 high
1038.75 364.92 37.50 18.98 0.9949 high
1038.75 364.92 37.50 18.98 0.9838 high
1038.75 364.92 37.50 18.98 0.9759 high
1038.75 367.03 37.50 16.88 0.9834 high
1042.50 367.03 33.75 16.88 0.9571 high
1038.75 364.92 37.50 18.98 0.9935 high
1035.00 364.92 41.25 18.98 0.9914 high
1038.75 364.92 37.50 18.98 0.9708 high
1038.75 364.92 37.50 18.98 0.9843 high
1035.00 364.92 45.00 18.98 0.9854 high
1035.00 362.81 45.00 21.09 0.9723 high
1038.75 364.92 41.25 18.98 0.9836 high
1038.75 364.92 41.25 18.98 0.9889 high
1035.00 362.81 45.00 21.09 0.9733 high
1038.75 364.92 41.25 18.98 0.9929 high
1035.00 364.92 45.00 21.09 0.9804 high
1038.75 364.92 41.25 21.09 0.9845 high
1038.75 364.92 41.25 21.09 0.9834 high
1038.75 364.92 41.25 21.09 0.9689 high
1035.00 360.70 45.00 25.31 0.9712 high
1038.75 360.70 41.25 25.31 0.9744 high
1038.75 360.70 45.00 27.42 0.9716 high
1038.75 358.59 41.25 27.42 0.9845 high
1035.00 358.59 45.00 29.53 0.9764 high
1035.00 358.59 45.00 29.53 0.9801 high
1035.00 358.59 45.00 29.53 0.9784 high
1035.00 360.70 45.00 27.42 0.9733 high
1035.00 358.59 45.00 29.53 0.9679 high
1035.00 364.92 45.00 23.20 0.9796 high
1031.25 367.03 48.75 21.09 0.9789 high
1031.25 367.03 45.00 21.09 0.9732 high
1031.25 367.03 45.00 21.09 0.9693 high
1035.00 367.03 41.25 23.20 0.9716 high
1031.25 369.14 45.00 21.09 0.9851 high
1031.25 369.14 41.25 21.09 0.9834 high
1031.25 369.14 41.25 21.09 0.9852 high
1031.25 369.14 41.25 21.09 0.9852 high
1031.25 369.14 41.25 21.09 0.9804 high
1027.50 369.14 45.00 21.09 0.9736 high
1027.50 369.14 41.25 21.09 0.9844 high
1027.50 369.14 41.25 23.20 0.9826 high
1026.82 369.58 41.37 22.44 0.0000 coast
1027.50 369.14 37.50 23.20 0.9767 high
1023.75 369.14 45.00 23.20 0.9828 high
1023.75 369.14 41.25 21.09 0.9905 high
1023.75 371.25 41.25 18.98 0.9822 high
1023.75 371.25 41.25 18.98 0.9886 high
1023.75 371.25 41.25 18.98 0.9791 high
1023.75 371.25 37.50 18.98 0.9931 high
1020.00 371.25 41.25 18.98 0.9820 high
1020.00 371.25 41.25 21.09 0.9596 high
1020.00 371.25 41.25 21.09 0.9871 high
1016.25 371.25 41.25 21.09 0.9846 high
1016.25 371.25 41.25 21.09 0.9888 high
1016.25 371.25 37.50 21.09 0.9872 high
1016.25 371.25 41.25 21.09 0.9810 high
1016.25 371.25 41.25 21.09 0.9809 high
1016.25 371.25 41.25 21.09 0.9843 high
1016.25 371.25 37.50 23.20 0.9819 high
1016.25 371.25 37.50 21.09 0.9871 high
1016.25 371.25 37.50 21.09 0.9764 high
1012.50 371.25 41.25 23.20 0.9785 high
1012.50 373.36 41.25 21.09 0.9752 high
1012.50 373.36 41.25 21.09 0.9791 high
1012.50 373.36 41.25 21.09 0.9809 high
1012.50 373.36 37.50 21.09 0.9796 high
1012.50 373.36 37.50 21.09 0.9893 high
1012.50 373.36 37.50 21.09 0.9963 high
1012.50 373.36 37.50 21.09 0.9871 high
1012.50 373.36 37.50 21.09 0.9951 high
1012.50 375.47 33.75 18.98 0.9937 high
1012.50 375.47 33.75 18.98 0.9804 high
1012.50 375.47 37.50 18.98 0.9939 high
1012.50 375.47 33.75 18.98 0.9898 high
1012.50 375.47 33.75 18.98 0.9932 high
1012.50 375.47 33.75 18.98 0.9869 high
1008.75 375.47 37.50 18.98 0.9807 high
1008.75 375.47 37.50 18.98 0.9878 high
1008.75 375.47 37.50 18.98 0.9932 high
1008.75 375.47 37.50 18.98 0.9942 high
1008.75 375.47 37.50 18.98 0.9901 high
1008.75 375.47 37.50 18.98 0.9785 high
1008.75 375.47 37.50 18.98 0.9936 high
1008.75 375.47 37.50 18.98 0.9926 high
1008.75 375.47 37.50 18.98 0.9895 high
1012.50 375.47 30.00 18.98 0.9880 high
1008.75 375.47 37.50 18.98 0.9892 high
1008.75 375.47 37.50 18.98 0.9838 high
1008.75 375.47 37.50 18.98 0.9979 high
1008.75 375.47 37.50 18.98 0.9812 high
1008.75 375.47 37.50 18.98 0.9970 high
1012.50 375.47 33.75 18.98 0.9906 high
1008.75 375.47 37.50 18.98 0.9888 high
1008.75 375.47 37.50 18.98 0.9911 high
1008.75 375.47 37.50 18.98 0.9943 high
1008.75 375.47 37.50 18.98 0.9834 high
1008.75 375.47 37.50 21.09 0.9894 high
1008.75 377.58 37.50 18.98 0.9828 high
1012.50 377.58 33.75 18.98 0.9876 high
1016.25 377.58 30.00 18.98 0.9682 high
1015.22 377.78 31.02 19.02 0.0000 coast
1008.75 377.58 41.25 21.09 0.9806 high
1012.50 377.58 37.50 18.98 0.9826 high
1012.50 377.58 33.75 18.98 0.9891 high
1008.75 377.58 41.25 21.09 0.9855 high
1012.50 377.58 33.75 18.98 0.9838 high
1012.50 377.58 37.50 18.98 0.9922 high
1008.75 377.58 41.25 18.98 0.9648 high
1016.25 377.58 30.00 18.98 0.9800 high
1016.25 377.58 30.00 16.88 0.9439 high
1008.75 377.58 37.50 18.98 0.9854 high
1012.50 377.58 33.75 16.88 0.9859 high
1012.50 377.58 37.50 18.98 0.9909 high
1012.50 377.58 41.25 16.88 0.9781 high
1012.50 375.47 41.25 18.98 0.9884 high
1012.50 375.47 41.25 18.98 0.9735 high
1012.50 375.47 41.25 18.98 0.9868 high
1016.25 375.47 37.50 18.98 0.9841 high
1016.25 375.47 41.25 18.98 0.9854 high
1012.50 375.47 45.00 18.98 0.9807 high
1016.25 373.36 41.25 21.09 0.9802 high
1016.25 373.36 41.25 21.09 0.9882 high
1016.25 373.36 41.25 21.09 0.9811 high
1016.25 373.36 41.25 21.09 0.9879 high
1016.25 371.25 45.00 23.20 0.9804 high
1016.25 371.25 45.00 21.09 0.9849 high
1016.25 369.14 45.00 25.31 0.9804 high
1016.25 369.14 45.00 23.20 0.9845 high
1016.48 368.69 45.72 23.99 0.0000 coast
1016.25 367.03 48.75 23.20 0.9820 high
1020.00 367.03 45.00 23.20 0.9859 high
1020.00 367.03 45.00 23.20 0.9816 high
1023.75 367.03 45.00 23.20 0.9782 high
1023.75 358.59 48.75 29.53 0.9833 high
1023.75 358.59 52.50 29.53 0.9778 high
1023.75 356.48 56.25 31.64 0.9706 high
1027.50 358.59 41.25 27.42 0.9643 high
1027.50 358.59 48.75 27.42 0.9822 high
1027.50 358.59 52.50 27.42 0.9830 high
1027.50 358.59 48.75 27.42 0.9824 high
1023.75 358.59 56.25 25.31 0.9865 high
1023.75 358.59 52.50 25.31 0.9843 high
1027.50 358.59 48.75 25.31 0.9884 high
1027.50 358.59 48.75 23.20 0.9870 high
1027.50 358.59 48.75 23.20 0.9750 high
1023.75 356.48 52.50 25.31 0.9833 high
1031.25 358.59 41.25 23.20 0.9959 high
1027.50 358.59 48.75 25.31 0.9829 high
1023.75 358.59 52.50 25.31 0.9932 high
1027.50 358.59 48.75 25.31 0.9879 high
1031.25 358.59 45.00 25.31 0.9876 high
1035.00 360.70 41.25 25.31 0.9740 high
1031.25 358.59 48.75 27.42 0.9825 high
1035.00 362.81 41.25 23.20 0.9779 high
1035.00 362.81 41.25 25.31 0.9821 high
1031.25 358.59 48.75 31.64 0.9753 high
1031.25 358.59 48.75 31.64 0.9759 high
1035.00 367.03 45.00 25.31 0.9798 high
1035.00 367.03 45.00 25.31 0.9918 high
1035.00 367.03 45.00 25.31 0.9828 high
1038.75 369.14 41.25 25.31 0.9886 high
1035.00 371.25 45.00 23.20 0.9686 high
1038.75 373.36 41.25 21.09 0.9871 high
1038.75 373.36 37.50 21.09 0.9814 high
1038.75 375.47 41.25 21.09 0.9884 high
1035.00 375.47 48.75 23.20 0.9824 high
1038.75 375.47 41.25 23.20 0.9820 high
1035.00 377.58 45.00 21.09 0.9781 high
1038.75 377.58 41.25 23.20 0.9740 high
1038.75 379.69 41.25 23.20 0.9766 high
1035.00 379.69 41.25 23.20 0.9762 high
1038.75 381.80 37.50 21.09 0.9841 high
1038.75 383.91 37.50 18.98 0.9903 high
1035.00 383.91 41.25 18.98 0.9859 high
1035.00 383.91 41.25 21.09 0.9822 high
1035.00 386.02 41.25 21.09 0.9740 high
1038.75 386.02 37.50 21.09 0.9770 high
1035.00 386.02 41.25 23.20 0.9732 high
1038.75 388.12 41.25 21.09 0.9901 high
1038.75 390.23 37.50 21.09 0.9888 high
1038.75 390.23 37.50 21.09 0.9838 high
1038.75 392.34 37.50 18.98 0.9839 high
1035.00 392.34 45.00 21.09 0.9745 high
1031.25 392.34 48.75 23.20 0.9771 high
1035.00 394.45 41.25 21.09 0.9858 high
1038.75 394.45 37.50 21.09 0.9732 high
1035.00 396.56 45.00 18.98 0.9761 high
1038.75 396.56 37.50 21.09 0.9867 high
1037.65 397.76 39.66 20.44 0.0000 coast
1038.75 398.67 37.50 21.09 0.9835 high
1035.00 398.67 45.00 23.20 0.9618 high
1031.25 400.78 52.50 21.09 0.9720 high
1031.25 400.78 52.50 23.20 0.9690 high
1031.25 402.89 48.75 23.20 0.9818 high
1035.00 402.89 41.25 21.09 0.9774 high
1031.25 405.00 48.75 21.09 0.9737 high
1035.00 405.00 41.25 23.20 0.9721 high
1038.75 407.11 33.75 18.98 0.9813 high
1035.00 407.11 41.25 23.20 0.9776 high
1035.00 409.22 45.00 21.09 0.9791 high
1031.25 409.22 52.50 23.20 0.9653 high
1035.00 411.33 41.25 21.09 0.9648 high
1035.00 411.33 45.00 21.09 0.9646 high
1038.75 413.44 41.25 18.98 0.9747 high
1038.75 413.44 37.50 21.09 0.9727 high
1038.61 414.67 38.99 20.56 0.0000 coast
1038.89 415.65 38.73 20.51 0.0000 coast
-100 -100 -100 -100 0.0000 coast_none
-100 -100 -100 -100 0.0000 coast_none
-100 -100 -100 -100 0.0000 coast_none
-100 -100 -100 -100 0.0000 coast_none
-100 -100 -100 -100 0.0000 coast_none
-100 -100 -100 -100 0.0000 coast_none
-100 -100 -100 -100 0.0000 coast_none
-100 -100 -100 -100 0.0000 coast_none
-100 -100 -100 -100 0.0000 miss
-100 -100 -100 -100 0.0000 miss
-100 -100 -100 -100 0.0000 miss
-100 -100 -100 -100 0.0000 miss
-100 -100 -100 -100 0.0000 miss
-100 -100 -100 -100 0.0000 miss
-100 -100 -100 -100 0.0000 miss
-100 -100 -100 -100 0.0000 miss
-100 -100 -100 -100 0.0000 miss
-100 -100 -100 -100 0.0000 miss
-100 -100 -100 -100 0.0000 miss
-100 -100 -100 -100 0.0000 miss
-100 -100 -100 -100 0.0000 miss
-100 -100 -100 -100 0.0000 miss
-100 -100 -100 -100 0.0000 miss
-100 -100 -100 -100 0.0000 miss
-100 -100 -100 -100 0.0000 miss
-100 -100 -100 -100 0.0000 miss
-100 -100 -100 -100 0.0000 miss
1057.50 468.28 7.50 4.22 0.8850 high
1058.15 470.13 6.42 3.66 0.0000 coast
1058.82 472.02 5.28 3.06 0.0000 coast
1053.75 470.39 15.00 8.44 0.9265 reinit
1053.75 470.39 15.00 8.44 0.0000 coast
1053.75 470.39 15.00 8.44 0.0000 coast
1035.00 468.28 52.50 25.31 0.9794 reinit
1038.75 470.39 48.75 23.20 0.9796 high
1042.50 470.39 41.25 23.20 0.9751 high
1038.75 472.50 41.25 21.09 0.9826 high
1035.00 474.61 52.50 18.98 0.9833 high
1038.75 474.61 48.75 21.09 0.9837 high
1038.75 476.72 45.00 18.98 0.9849 high
1038.75 478.83 48.75 18.98 0.9943 high
1038.75 480.94 41.25 16.88 0.9881 high
1035.00 483.05 48.75 16.88 0.9817 high
1035.00 483.05 48.75 18.98 0.9947 high
1031.25 485.16 48.75 16.88 0.9724 high
1031.25 487.27 48.75 16.88 0.9872 high
1030.54 488.57 49.18 16.18 0.0000 coast
1038.75 489.38 37.50 18.98 0.9655 high
1042.50 491.48 33.75 16.88 0.9734 high
1042.50 491.48 37.50 18.98 0.9730 high
1038.75 493.59 37.50 18.98 0.9926 high
1040.23 494.88 36.27 18.70 0.0000 coast
1046.25 497.81 26.25 14.77 0.9900 high
1045.91 499.07 26.44 15.07 0.0000 coast
1046.71 500.64 24.78 14.60 0.0000 coast
1038.75 502.03 37.50 18.98 0.9853 reinit
1038.75 502.03 33.75 16.88 0.9850 high
1038.75 502.03 33.47 16.72 0.0000 coast
1038.75 502.03 32.70 16.28 0.0000 coast
1031.25 502.03 48.75 18.98 0.9850 high
1029.76 502.03 51.31 19.17 0.0000 coast
1027.95 502.03 54.60 19.49 0.0000 coast
1042.50 504.14 30.00 18.98 0.9776 reinit
1046.25 506.25 26.25 16.88 0.9776 high
1042.50 506.25 33.75 16.88 0.9833 high
1042.57 506.66 34.33 16.47 0.0000 coast
1038.75 506.25 33.75 16.88 0.9783 high
1042.50 508.36 30.00 16.88 0.9627 high
1042.50 508.36 30.00 16.88 0.9876 high
1038.75 508.36 33.75 16.88 0.9830 high
1035.00 508.36 37.50 18.98 0.9905 high
1042.50 508.36 30.00 18.98 0.9620 high
1042.50 510.47 30.00 14.77 0.9758 high
1041.25 510.43 31.19 15.89 0.0000 coast
1038.75 508.36 37.50 18.98 0.9819 high
1038.75 508.36 37.50 18.98 0.9849 high
1038.75 508.36 37.50 18.98 0.9830 high
1038.75 508.36 37.50 18.98 0.9776 high
1038.12 508.57 38.62 19.21 0.0000 coast
1038.75 508.36 37.50 21.09 0.9871 high
1035.00 508.36 41.25 23.20 0.9826 high
1038.75 508.36 37.50 21.09 0.9684 high
1031.25 508.36 45.00 21.09 0.9685 high
1031.25 510.47 45.00 16.88 0.9779 high
1027.50 508.36 48.75 23.20 0.9808 high
1023.75 508.36 52.50 25.31 0.9863 high
1023.75 508.36 52.50 23.20 0.9787 high
1022.60 508.51 53.87 24.03 0.0000 coast
1021.36 508.55 55.25 24.40 0.0000 coast
1038.75 510.47 33.75 21.09 0.9692 reinit
1042.50 512.58 26.25 16.88 0.9948 high
1042.50 512.58 26.25 18.98 0.9774 high
1038.75 510.47 30.00 21.09 0.9914 high
1038.75 510.47 33.75 21.09 0.9756 high
1035.00 510.47 37.50 21.09 0.9809 high
1031.25 510.47 41.25 23.20 0.9765 high
1031.25 510.47 41.25 23.20 0.9833 high
1031.25 512.58 41.25 21.09 0.9882 high
1027.50 512.58 45.00 21.09 0.9888 high
1023.75 510.47 45.00 23.20 0.9783 high
1023.75 510.47 48.75 23.20 0.9679 high
1023.75 510.47 45.00 23.20 0.9861 high
1020.00 510.47 52.50 23.20 0.9850 high
1023.75 510.47 45.00 23.20 0.9918 high
1023.75 510.47 48.75 23.20 0.9894 high
1023.75 508.36 48.75 23.20 0.9904 high
1023.75 508.36 52.50 25.31 0.9856 high
1023.75 508.36 48.75 21.09 0.9917 high
1023.75 506.25 48.75 23.20 0.9814 high
1022.53 506.47 50.66 23.23 0.0000 coast
1023.75 504.14 41.25 21.09 0.9702 high
1020.00 504.14 48.75 18.98 0.9869 high
1023.75 502.03 45.00 18.98 0.9801 high
1031.25 499.92 37.50 18.98 0.9799 high
1028.32 499.79 40.13 18.72 0.0000 coast
1035.00 493.59 30.00 16.88 0.9856 high
1034.62 493.27 30.55 16.77 0.0000 coast
1035.47 491.92 29.21 16.36 0.0000 coast
1031.25 485.16 41.25 18.98 0.9908 high
1027.50 483.05 45.00 16.88 0.9810 high
1023.75 480.94 48.75 18.98 0.9876 high
1031.25 478.83 41.25 18.98 0.9813 high
1027.50 476.72 48.75 18.98 0.9784 high
1027.50 474.61 48.75 21.09 0.9755 high
1027.50 474.61 45.00 21.09 0.9904 high
1027.50 474.61 45.00 18.98 0.9855 high
1031.25 472.50 37.50 21.09 0.9928 high
1031.25 472.50 41.25 21.09 0.9793 high
1031.25 472.50 41.25 21.09 0.9781 high
1031.25 470.39 41.25 23.20 0.9911 high
1031.25 472.50 41.25 21.09 0.9828 high
1031.25 472.50 37.50 21.09 0.9857 high
1031.25 470.39 37.50 23.20 0.9846 high
1031.25 472.50 37.50 18.98 0.9771 high
1031.25 472.50 33.75 18.98 0.9859 high
1031.25 470.39 41.25 23.20 0.9932 high
1031.25 470.39 33.75 23.20 0.9874 high
1027.50 470.39 41.25 23.20 0.9587 high
1031.25 470.39 33.75 21.09 0.9780 high
1031.25 470.39 33.75 23.20 0.9893 high
1031.25 470.39 37.50 23.20 0.9830 high
1031.25 470.39 37.50 23.20 0.9870 high
1027.50 470.39 37.50 23.20 0.9862 high
1031.25 472.50 33.75 18.98 0.9887 high
1027.50 472.50 33.75 18.98 0.9827 high
1027.50 472.50 33.75 18.98 0.9928 high
1023.75 472.50 41.25 18.98 0.9811 high
1023.75 472.50 41.25 18.98 0.9823 high
1023.75 472.50 37.50 21.09 0.9816 high
1023.75 472.50 33.75 21.09 0.9794 high
1023.75 472.50 37.50 21.09 0.9814 high
1020.00 472.50 37.50 21.09 0.9731 high
1020.00 472.50 37.50 21.09 0.9890 high
1019.36 472.50 37.58 21.11 0.0000 coast
1020.00 472.50 37.50 18.98 0.9806 high
1020.00 472.50 33.75 18.98 0.9840 high
1016.25 472.50 33.75 18.98 0.9552 high
1020.00 472.50 30.00 18.98 0.9922 high
1016.25 470.39 33.75 23.20 0.9673 high
1016.25 472.50 30.00 18.98 0.9835 high
1008.75 472.50 37.50 18.98 0.9867 high
1008.75 472.50 33.75 18.98 0.9860 high
1008.75 472.50 33.75 18.98 0.9706 high
1008.75 472.50 30.00 18.98 0.9735 high
1005.00 472.50 33.75 16.88 0.9678 high
1004.33 472.52 32.79 17.23 0.0000 coast
1005.00 472.50 26.25 18.98 0.9755 high
1001.25 472.50 30.00 18.98 0.9794 high
1000.49 472.52 28.82 18.79 0.0000 coast
999.14 472.53 28.46 18.75 0.0000 coast
1001.25 474.61 22.50 14.77 0.9832 high
999.75 474.53 22.38 14.89 0.0000 coast
998.73 474.75 21.47 14.46 0.0000 coast
990.00 472.50 37.50 18.98 0.9783 reinit
990.00 474.61 26.25 14.77 0.9714 high
990.00 474.61 26.25 14.77 0.9855 high
-100 -100 -100 -100 0.0000 coast_none
993.75 478.83 11.25 8.44 0.9059 high
-100 -100 -100 -100 0.0000 coast_none
-100 -100 -100 -100 0.0000 coast_none
993.75 480.94 7.50 4.22 0.8608 high
994.71 481.92 3.72 2.49 0.0000 coast
995.17 482.77 1.00 1.00 0.0000 coast
-100 -100 -100 -100 0.0000 coast_none
-100 -100 -100 -100 0.0000 coast_none
982.50 478.83 15.00 10.55 0.9233 reinit
978.75 483.05 15.00 6.33 0.9516 high
978.47 483.36 15.00 6.01 0.0000 coast
978.75 480.94 15.00 8.44 0.9134 high
978.16 481.22 15.00 8.15 0.0000 coast
977.68 481.17 15.00 8.21 0.0000 coast
971.25 483.05 7.50 6.33 0.9542 reinit
-100 -100 -100 -100 0.0000 coast_none
-100 -100 -100 -100 0.0000 coast_none
-100 -100 -100 -100 0.0000 coast_none
-100 -100 -100 -100 0.0000 coast_none
-100 -100 -100 -100 0.0000 coast_none
963.75 485.16 7.50 6.33 0.9898 high
962.80 485.42 7.50 6.33 0.0000 coast
961.74 485.72 7.50 6.33 0.0000 coast
956.25 485.16 7.50 6.33 0.9340 reinit
956.25 485.16 7.50 6.33 0.0000 coast
956.25 485.16 7.50 6.33 0.0000 coast
945.00 483.05 22.50 14.77 0.9864 reinit
945.00 483.05 22.50 12.66 0.9633 high
941.25 485.16 22.50 10.55 0.9635 high
940.87 485.37 22.50 9.91 0.0000 coast
939.66 486.05 22.50 8.85 0.0000 coast
926.25 485.16 30.00 12.66 0.9607 high
926.25 485.16 33.75 16.88 0.9663 high
918.75 485.16 41.25 18.98 0.9907 high
915.00 487.27 45.00 18.98 0.9826 high
922.50 487.27 33.75 18.98 0.9684 high
922.50 489.38 30.00 16.88 0.9857 high
918.75 489.38 37.50 21.09 0.9657 high
918.75 491.48 37.50 21.09 0.9883 high
918.75 495.70 30.00 14.77 0.9751 high
915.00 497.81 26.25 12.66 0.9638 high
915.00 497.81 30.00 16.88 0.9702 high
912.33 498.95 30.05 16.15 0.0000 coast
907.50 502.03 41.25 16.88 0.9837 high
907.50 504.14 33.75 16.88 0.9861 high
907.50 504.14 30.00 16.88 0.9822 high
-100 -100 -100 -100 0.0000 coast_none
911.25 508.36 22.50 12.66 0.9801 high
908.06 509.48 24.56 13.43 0.0000 coast
906.77 510.88 24.20 13.21 0.0000 coast
903.75 510.47 37.50 23.20 0.9846 reinit
903.75 510.47 41.25 21.09 0.9848 high
903.75 510.47 33.75 23.20 0.9857 high
900.00 510.47 41.25 23.20 0.9756 high
903.75 516.80 33.75 18.98 0.9592 high
900.00 518.91 33.75 16.88 0.9938 high
900.00 518.91 33.75 16.88 0.9887 high
900.00 521.02 33.75 16.88 0.9701 high
900.00 521.02 30.00 16.88 0.9569 high
899.28 522.87 29.78 15.82 0.0000 coast
903.75 523.12 18.75 12.66 0.9540 high
-100 -100 -100 -100 0.0000 coast_none
-100 -100 -100 -100 0.0000 coast_none
-100 -100 -100 -100 0.0000 coast_none
-100 -100 -100 -100 0.0000 coast_none
-100 -100 -100 -100 0.0000 coast_none
-100 -100 -100 -100 0.0000 coast_none
-100 -100 -100 -100 0.0000 coast_none
-100 -100 -100 -100 0.0000 coast_none
-100 -100 -100 -100 0.0000 coast_none
-100 -100 -100 -100 0.0000 coast_none
-100 -100 -100 -100 0.0000 miss
-100 -100 -100 -100 0.0000 miss
-100 -100 -100 -100 0.0000 miss
-100 -100 -100 -100 0.0000 miss
-100 -100 -100 -100 0.0000 miss
-100 -100 -100 -100 0.0000 miss
-100 -100 -100 -100 0.0000 miss
-100 -100 -100 -100 0.0000 miss
-100 -100 -100 -100 0.0000 miss
-100 -100 -100 -100 0.0000 miss
-100 -100 -100 -100 0.0000 miss
-100 -100 -100 -100 0.0000 miss
-100 -100 -100 -100 0.0000 miss
-100 -100 -100 -100 0.0000 miss
-100 -100 -100 -100 0.0000 miss
-100 -100 -100 -100 0.0000 miss
-100 -100 -100 -100 0.0000 miss
-100 -100 -100 -100 0.0000 miss
-100 -100 -100 -100 0.0000 miss
-100 -100 -100 -100 0.0000 miss
-100 -100 -100 -100 0.0000 lost
-100 -100 -100 -100 0.0000 none
-100 -100 -100 -100 0.0000 none
-100 -100 -100 -100 0.0000 none
-100 -100 -100 -100 0.0000 none
-100 -100 -100 -100 0.0000 none
-100 -100 -100 -100 0.0000 none
-100 -100 -100 -100 0.0000 none
-100 -100 -100 -100 0.0000 none
-100 -100 -100 -100 0.0000 none
-100 -100 -100 -100 0.0000 none
-100 -100 -100 -100 0.0000 none
-100 -100 -100 -100 0.0000 none
-100 -100 -100 -100 0.0000 none
-100 -100 -100 -100 0.0000 none
-100 -100 -100 -100 0.0000 none
-100 -100 -100 -100 0.0000 none
-100 -100 -100 -100 0.0000 none
-100 -100 -100 -100 0.0000 none
-100 -100 -100 -100 0.0000 none
-100 -100 -100 -100 0.0000 none
-100 -100 -100 -100 0.0000 none
-100 -100 -100 -100 0.0000 none
-100 -100 -100 -100 0.0000 none
-100 -100 -100 -100 0.0000 none
-100 -100 -100 -100 0.0000 none
-100 -100 -100 -100 0.0000 none
-100 -100 -100 -100 0.0000 none
945.00 521.02 18.75 10.55 0.9736 init
948.75 521.02 11.25 6.33 0.7961 high
949.03 521.02 10.69 6.01 0.0000 coast
945.00 518.91 15.00 10.55 0.9644 high
944.23 518.23 15.34 11.42 0.0000 coast
943.30 517.48 15.86 12.45 0.0000 coast
945.00 514.69 26.25 14.77 0.9610 reinit
952.50 516.80 15.00 10.55 0.9266 high
953.06 516.95 14.16 10.23 0.0000 coast
956.25 516.80 7.50 2.11 0.6922 high
958.34 515.95 3.74 1.00 0.0000 coast
959.91 514.45 1.00 1.00 0.0000 coast
952.50 512.58 22.50 14.77 0.9505 reinit
952.50 512.58 22.50 14.77 0.9339 high
956.25 514.69 15.00 12.66 0.9839 high
952.50 514.69 18.75 10.55 0.9789 high
952.77 515.32 17.36 9.44 0.0000 coast
956.25 514.69 15.00 10.55 0.9508 high
956.25 516.80 11.25 6.33 0.8569 high
-100 -100 -100 -100 0.0000 coast_none
-100 -100 -100 -100 0.0000 coast_none
-100 -100 -100 -100 0.0000 coast_none
-100 -100 -100 -100 0.0000 coast_none
-100 -100 -100 -100 0.0000 coast_none
-100 -100 -100 -100 0.0000 coast_none
948.75 504.14 26.25 14.77 0.9487 reinit
952.50 502.03 18.75 14.77 0.9536 high
-100 -100 -100 -100 0.0000 coast_none
-100 -100 -100 -100 0.0000 coast_none
-100 -100 -100 -100 0.0000 coast_none
948.75 491.48 30.00 16.88 0.9813 high
948.26 489.23 31.74 17.30 0.0000 coast
947.68 486.87 33.69 17.74 0.0000 coast
-100 -100 -100 -100 0.0000 coast_none
956.25 485.16 22.50 10.55 0.9658 reinit
960.00 483.05 15.00 10.55 0.9627 high
956.25 480.94 15.00 10.55 0.9382 high
955.80 479.91 13.62 10.55 0.0000 coast
960.00 476.72 15.00 8.44 0.8884 high
960.33 474.98 14.35 7.92 0.0000 coast
960.99 473.12 13.87 7.26 0.0000 coast
-100 -100 -100 -100 0.0000 coast_none
-100 -100 -100 -100 0.0000 coast_none
-100 -100 -100 -100 0.0000 coast_none
-100 -100 -100 -100 0.0000 coast_none
-100 -100 -100 -100 0.0000 coast_none
-100 -100 -100 -100 0.0000 coast_none
-100 -100 -100 -100 0.0000 coast_none
-100 -100 -100 -100 0.0000 coast_none
-100 -100 -100 -100 0.0000 miss
-100 -100 -100 -100 0.0000 miss
-100 -100 -100 -100 0.0000 miss
-100 -100 -100 -100 0.0000 miss
-100 -100 -100 -100 0.0000 miss
-100 -100 -100 -100 0.0000 miss
-100 -100 -100 -100 0.0000 miss
-100 -100 -100 -100 0.0000 miss
-100 -100 -100 -100 0.0000 miss
-100 -100 -100 -100 0.0000 miss
-100 -100 -100 -100 0.0000 miss
-100 -100 -100 -100 0.0000 miss
-100 -100 -100 -100 0.0000 miss
-100 -100 -100 -100 0.0000 miss
-100 -100 -100 -100 0.0000 miss
-100 -100 -100 -100 0.0000 miss
-100 -100 -100 -100 0.0000 miss
-100 -100 -100 -100 0.0000 miss
-100 -100 -100 -100 0.0000 miss
-100 -100 -100 -100 0.0000 miss
-100 -100 -100 -100 0.0000 lost
-100 -100 -100 -100 0.0000 none
-100 -100 -100 -100 0.0000 none
-100 -100 -100 -100 0.0000 none
-100 -100 -100 -100 0.0000 none
-100 -100 -100 -100 0.0000 none
-100 -100 -100 -100 0.0000 none
-100 -100 -100 -100 0.0000 none
-100 -100 -100 -100 0.0000 none
-100 -100 -100 -100 0.0000 none
-100 -100 -100 -100 0.0000 none
-100 -100 -100 -100 0.0000 none
-100 -100 -100 -100 0.0000 none
-100 -100 -100 -100 0.0000 none
-100 -100 -100 -100 0.0000 none
-100 -100 -100 -100 0.0000 none
-100 -100 -100 -100 0.0000 none
-100 -100 -100 -100 0.0000 none
-100 -100 -100 -100 0.0000 none
-100 -100 -100 -100 0.0000 none
-100 -100 -100 -100 0.0000 none
-100 -100 -100 -100 0.0000 none
-100 -100 -100 -100 0.0000 none
-100 -100 -100 -100 0.0000 none
-100 -100 -100 -100 0.0000 none
-100 -100 -100 -100 0.0000 none
-100 -100 -100 -100 0.0000 none
-100 -100 -100 -100 0.0000 none
-100 -100 -100 -100 0.0000 none
-100 -100 -100 -100 0.0000 none
-100 -100 -100 -100 0.0000 none
-100 -100 -100 -100 0.0000 none
-100 -100 -100 -100 0.0000 none
-100 -100 -100 -100 0.0000 none
-100 -100 -100 -100 0.0000 none
-100 -100 -100 -100 0.0000 none
-100 -100 -100 -100 0.0000 none
-100 -100 -100 -100 0.0000 none
-100 -100 -100 -100 0.0000 none
-100 -100 -100 -100 0.0000 none
-100 -100 -100 -100 0.0000 none
-100 -100 -100 -100 0.0000 none
-100 -100 -100 -100 0.0000 none
-100 -100 -100 -100 0.0000 none
-100 -100 -100 -100 0.0000 none
-100 -100 -100 -100 0.0000 none
-100 -100 -100 -100 0.0000 none
-100 -100 -100 -100 0.0000 none
-100 -100 -100 -100 0.0000 none
-100 -100 -100 -100 0.0000 none
-100 -100 -100 -100 0.0000 none
-100 -100 -100 -100 0.0000 none
-100 -100 -100 -100 0.0000 none
-100 -100 -100 -100 0.0000 none
-100 -100 -100 -100 0.0000 none
993.75 419.77 30.00 14.77 0.9729 init
993.75 417.66 33.75 18.98 0.9688 high
990.00 417.66 45.00 21.09 0.9802 high
993.75 415.55 41.25 25.31 0.9744 high
990.00 415.55 48.75 27.42 0.9840 high
990.00 415.55 52.50 25.31 0.9873 high
989.30 414.70 55.70 28.42 0.0000 coast
1001.25 415.55 41.25 23.20 0.9805 high
998.46 414.71 47.85 26.11 0.0000 coast
998.86 414.24 49.90 27.26 0.0000 coast
1012.50 415.55 33.75 21.09 0.9723 high
1012.15 414.97 36.83 22.66 0.0000 coast
-100 -100 -100 -100 0.0000 coast_none
-100 -100 -100 -100 0.0000 coast_none
1017.05 414.05 37.89 24.06 0.0000 coast
-100 -100 -100 -100 0.0000 coast_none
1020.31 413.44 38.60 24.99 0.0000 coast
1023.75 413.44 45.00 23.20 0.9696 high
1031.25 413.44 37.50 21.09 0.9725 high
1031.40 413.07 40.70 22.06 0.0000 coast
1031.25 413.44 45.00 21.09 0.9602 high
1031.25 413.44 48.75 21.09 0.9751 high
1031.25 413.44 52.50 23.20 0.9782 high
1035.00 413.44 52.50 23.20 0.9738 high
1038.75 411.33 48.75 23.20 0.9781 high
1038.75 411.33 56.25 23.20 0.9769 high
1038.75 411.33 52.50 23.20 0.9745 high
1038.75 411.33 56.25 23.20 0.9682 high
1042.50 411.33 60.00 25.31 0.9685 high
1042.50 411.33 67.50 25.31 0.9604 high
1046.25 411.33 67.50 25.31 0.9695 high
1046.25 411.33 67.50 27.42 0.9632 high
1046.25 411.33 63.75 27.42 0.9773 high
1046.25 413.44 63.75 23.20 0.9691 high
1050.00 413.44 60.00 25.31 0.9657 high
1050.00 413.44 60.00 25.31 0.9688 high
1053.75 413.44 56.25 25.31 0.9730 high
1053.75 413.44 48.75 25.31 0.9618 high
1053.75 413.44 52.50 25.31 0.9453 high
1057.50 413.44 52.50 25.31 0.9719 high
1057.50 415.55 52.50 23.20 0.9709 high
1061.25 413.44 48.75 25.31 0.9733 high
1061.25 413.44 52.50 27.42 0.9779 high
1061.25 413.44 52.50 25.31 0.9776 high
1065.00 413.44 56.25 25.31 0.9785 high
1068.75 415.55 48.75 23.20 0.9584 high
1068.75 415.55 56.25 21.09 0.9751 high
1072.50 415.55 48.75 21.09 0.9773 high
1072.50 415.55 60.00 23.20 0.9763 high
1072.50 413.44 67.50 25.31 0.9801 high
1072.50 413.44 60.00 25.31 0.9732 high
1072.50 413.44 67.50 25.31 0.9670 high
1076.25 413.44 63.75 27.42 0.9672 high
1076.25 413.44 63.75 25.31 0.9685 high
1076.25 413.44 63.75 25.31 0.9690 high
1076.25 413.44 56.25 23.20 0.9770 high
1080.00 413.44 60.00 23.20 0.9733 high
1080.00 413.44 60.00 23.20 0.9830 high
1083.75 413.44 60.00 25.31 0.9702 high
1083.75 413.44 56.25 23.20 0.9787 high
1083.75 413.44 60.00 25.31 0.9816 high
1083.75 413.44 60.00 23.20 0.9839 high
1087.50 411.33 56.25 25.31 0.9767 high
1087.50 411.33 56.25 25.31 0.9752 high
1091.25 411.33 60.00 25.31 0.9716 high
1091.25 411.33 52.50 23.20 0.9866 high
1091.25 411.33 60.00 23.20 0.9865 high
1091.25 409.22 60.00 25.31 0.9844 high
1095.00 409.22 56.25 23.20 0.9702 high
1095.00 407.11 56.25 25.31 0.9774 high
1095.00 407.11 67.50 25.31 0.9654 high
1098.75 407.11 63.75 23.20 0.9702 high
1098.75 407.11 67.50 25.31 0.9768 high
1098.75 405.00 67.50 25.31 0.9792 high
1102.50 405.00 63.75 25.31 0.9806 high
1102.50 405.00 63.75 25.31 0.9832 high
1102.50 402.89 67.50 25.31 0.9794 high
1106.25 402.89 63.75 23.20 0.9828 high
1106.25 400.78 63.75 23.20 0.9951 high
1106.25 398.67 71.25 25.31 0.9822 high
