386.25 274.22 52.50 23.20 0.9826 init
390.00 276.33 52.50 23.20 0.9871 high
393.75 278.44 48.75 23.20 0.9886 high
393.75 280.55 52.50 21.09 0.9906 high
393.75 280.55 52.50 23.20 0.9887 high
397.50 282.66 48.75 23.20 0.9857 high
397.50 282.66 48.75 23.20 0.9912 high
397.50 284.77 56.25 23.20 0.9875 high
397.50 284.77 56.25 25.31 0.9841 high
401.25 284.77 52.50 25.31 0.9824 high
401.25 284.77 52.50 25.31 0.9860 high
401.25 284.77 52.50 27.42 0.9884 high
405.00 284.77 48.75 29.53 0.9904 high
408.75 286.88 41.25 29.53 0.9852 high
412.50 288.98 41.25 29.53 0.9847 high
416.25 291.09 37.50 29.53 0.9857 high
416.25 291.09 41.25 33.75 0.9715 high
423.75 291.09 37.50 33.75 0.9884 high
427.50 295.31 41.25 31.64 0.9874 high
435.00 299.53 41.25 27.42 0.9801 high
438.75 299.53 41.25 29.53 0.9807 high
442.50 299.53 45.00 31.64 0.9835 high
450.00 301.64 41.25 31.64 0.9806 high
457.50 305.86 45.00 29.53 0.9919 high
461.25 307.97 45.00 27.42 0.9950 high
472.50 310.08 45.00 27.42 0.9821 high
476.25 314.30 45.00 25.31 0.9836 high
487.50 316.41 41.25 25.31 0.9975 high
491.25 318.52 45.00 25.31 0.9933 high
502.50 322.73 41.25 21.09 0.9977 high
510.00 324.84 41.25 21.09 0.9923 high
517.50 326.95 45.00 21.09 0.9923 high
525.00 329.06 41.25 21.09 0.9902 high
532.50 329.06 41.25 23.20 0.9853 high
536.25 331.17 45.00 21.09 0.9915 high
543.75 331.17 45.00 25.31 0.9944 high
551.25 333.28 41.25 25.31 0.9929 high
555.00 335.39 45.00 23.20 0.9948 high
558.75 337.50 45.00 23.20 0.9954 high
562.50 337.50 45.00 25.31 0.9881 high
566.25 341.72 45.00 21.09 0.9903 high
573.75 341.72 41.25 23.20 0.9981 high
577.50 343.83 41.25 21.09 0.9943 high
577.50 345.94 45.00 21.09 0.9887 high
581.25 348.05 45.00 21.09 0.9945 high
585.00 348.05 45.00 21.09 0.9891 high
585.00 350.16 45.00 21.09 0.9986 high
588.75 350.16 45.00 21.09 0.9931 high
588.75 352.27 48.75 21.09 0.9899 high
592.50 354.38 45.00 18.98 0.9955 high
592.50 354.38 48.75 21.09 0.9890 high
596.25 354.38 45.00 23.20 0.9896 high
596.25 356.48 45.00 21.09 0.9972 high
600.00 356.48 45.00 21.09 0.9944 high
600.00 358.59 45.00 18.98 0.9930 high
600.00 358.59 45.00 21.09 0.9869 high
603.75 358.59 41.25 23.20 0.9945 high
603.75 360.70 41.25 21.09 0.9948 high
603.75 362.81 45.00 18.98 0.9741 high
603.75 362.81 45.00 21.09 0.9923 high
603.75 364.92 45.00 18.98 0.9864 high
607.50 364.92 41.25 18.98 0.9904 high
607.50 364.92 41.25 18.98 0.9926 high
607.50 364.92 45.00 21.09 0.9768 high
607.50 364.92 41.25 21.09 0.9920 high
607.50 364.92 41.25 21.09 0.9845 high
611.25 364.92 41.25 21.09 0.9841 high
611.25 364.92 45.00 21.09 0.9987 high
611.25 364.92 45.00 21.09 0.9965 high
611.25 364.92 45.00 21.09 0.9907 high
615.00 364.92 41.25 18.98 0.9944 high
615.00 362.81 45.00 21.09 0.9819 high
615.00 362.81 48.75 18.98 0.9878 high
618.75 360.70 45.00 21.09 0.9941 high
618.75 360.70 48.75 21.09 0.9888 high
622.50 358.59 45.00 21.09 0.9869 high
622.50 358.59 48.75 18.98 0.9838 high
626.25 356.48 45.00 21.09 0.9798 high
626.25 356.48 48.75 18.98 0.9859 high
626.25 354.38 48.75 18.98 0.9831 high
630.00 352.27 45.00 18.98 0.9917 high
633.75 350.16 45.00 18.98 0.9875 high
637.50 348.05 41.25 18.98 0.9883 high
637.50 348.05 45.00 16.88 0.9894 high
641.25 343.83 41.25 18.98 0.9938 high
641.25 341.72 45.00 18.98 0.9817 high
645.00 339.61 41.25 18.98 0.9874 high
641.25 337.50 48.75 18.98 0.9969 high
645.00 333.28 48.75 21.09 0.9838 high
648.75 329.06 45.00 23.20 0.9924 high
648.75 324.84 52.50 23.20 0.9800 high
648.75 322.73 48.75 23.20 0.9874 high
648.75 316.41 52.50 27.42 0.9901 high
648.75 316.41 52.50 25.31 0.9881 high
652.50 310.08 52.50 29.53 0.9897 high
652.50 310.08 52.50 29.53 0.9878 high
656.25 305.86 48.75 31.64 0.9794 high
652.50 305.86 56.25 29.53 0.9878 high
656.25 303.75 52.50 31.64 0.9931 high
656.25 303.75 52.50 29.53 0.9854 high
656.25 303.75 52.50 29.53 0.9900 high
660.00 301.64 52.50 31.64 0.9838 high
656.25 303.75 56.25 29.53 0.9848 high
656.25 303.75 56.25 29.53 0.9859 high
656.25 305.86 56.25 29.53 0.9873 high
660.00 307.97 52.50 27.42 0.9892 high
656.25 310.08 56.25 27.42 0.9820 high
660.00 312.19 56.25 27.42 0.9933 high
656.25 312.19 56.25 29.53 0.9907 high
656.25 316.41 56.25 27.42 0.9876 high
656.25 318.52 60.00 29.53 0.9834 high
660.00 322.73 52.50 29.53 0.9913 high
660.00 324.84 52.50 29.53 0.9911 high
660.00 326.95 52.50 31.64 0.9904 high
656.25 331.17 56.25 29.53 0.9837 high
656.25 333.28 56.25 29.53 0.9866 high
656.25 339.61 52.50 27.42 0.9940 high
656.25 341.72 56.25 27.42 0.9872 high
656.25 343.83 52.50 27.42 0.9859 high
656.25 348.05 52.50 25.31 0.9911 high
656.25 348.05 52.50 27.42 0.9917 high
656.25 350.16 52.50 27.42 0.9883 high
656.25 352.27 52.50 25.31 0.9846 high
652.50 354.38 56.25 25.31 0.9819 high
652.50 356.48 56.25 23.20 0.9928 high
652.50 356.48 56.25 25.31 0.9918 high
652.50 356.48 52.50 25.31 0.9968 high
652.50 358.59 52.50 25.31 0.9942 high
652.50 358.59 48.75 25.31 0.9962 high
648.75 360.70 52.50 23.20 0.9921 high
648.75 360.70 52.50 25.31 0.9915 high
648.75 360.70 52.50 25.31 0.9826 high
648.75 360.70 48.75 25.31 0.9931 high
645.00 360.70 52.50 25.31 0.9905 high
645.00 360.70 52.50 25.31 0.9955 high
645.00 360.70 52.50 25.31 0.9889 high
641.25 362.81 52.50 23.20 0.9894 high
641.25 362.81 52.50 25.31 0.9822 high
641.25 362.81 52.50 25.31 0.9779 high
641.25 362.81 52.50 27.42 0.9872 high
641.25 362.81 52.50 27.42 0.9920 high
641.25 362.81 52.50 27.42 0.9838 high
641.25 362.81 52.50 29.53 0.9868 high
645.00 362.81 48.75 29.53 0.9928 high
645.00 364.92 48.75 29.53 0.9849 high
645.00 367.03 48.75 25.31 0.9913 high
648.75 369.14 45.00 25.31 0.9989 high
648.75 369.14 48.75 27.42 0.9942 high
648.75 369.14 48.75 27.42 0.9837 high
648.75 371.25 48.75 25.31 0.9916 high
648.75 373.36 52.50 25.31 0.9882 high
652.50 375.47 48.75 25.31 0.9962 high
652.50 377.58 48.75 23.20 0.9884 high
656.25 379.69 45.00 23.20 0.9910 high
656.25 379.69 48.75 23.20 0.9897 high
656.25 381.80 52.50 23.20 0.9861 high
660.00 383.91 48.75 23.20 0.9845 high
660.00 383.91 48.75 23.20 0.9908 high
663.75 386.02 45.00 23.20 0.9877 high
663.75 388.12 48.75 21.09 0.9825 high
663.75 388.12 48.75 23.20 0.9937 high
663.75 390.23 48.75 21.09 0.9888 high
667.50 392.34 45.00 21.09 0.9917 high
667.50 392.34 45.00 23.20 0.9830 high
667.50 392.34 45.00 23.20 0.9974 high
667.50 394.45 48.75 23.20 0.9918 high
667.50 394.45 48.75 23.20 0.9811 high
671.25 396.56 45.00 21.09 0.9913 high
671.25 396.56 45.00 23.20 0.9876 high
667.50 396.56 48.75 23.20 0.9913 high
671.25 398.67 45.00 23.20 0.9848 high
671.25 398.67 45.00 23.20 0.9888 high
671.25 400.78 45.00 21.09 0.9933 high
671.25 400.78 45.00 23.20 0.9775 high
671.25 400.78 45.00 23.20 0.9952 high
671.25 402.89 45.00 21.09 0.9982 high
671.25 402.89 48.75 23.20 0.9892 high
671.25 405.00 48.75 21.09 0.9927 high
675.00 405.00 45.00 21.09 0.9926 high
671.25 407.11 52.50 21.09 0.9925 high
671.25 407.11 52.50 23.20 0.9946 high
675.00 409.22 45.00 21.09 0.9855 high
671.25 411.33 52.50 23.20 0.9873 high
671.25 413.44 52.50 23.20 0.9824 high
671.25 417.66 48.75 21.09 0.9853 high
671.25 419.77 52.50 21.09 0.9882 high
671.25 421.88 52.50 21.09 0.9872 high
671.25 423.98 52.50 21.09 0.9909 high
675.00 426.09 48.75 21.09 0.9832 high
675.00 428.20 48.75 21.09 0.9945 high
671.25 430.31 52.50 21.09 0.9918 high
671.25 432.42 52.50 18.98 0.9855 high
675.00 434.53 45.00 18.98 0.9913 high
678.75 434.53 37.50 21.09 0.9860 high
675.00 436.64 48.75 18.98 0.9905 high
675.00 436.64 45.00 18.98 0.9975 high
675.00 436.64 48.75 21.09 0.9807 high
675.00 436.64 48.75 21.09 0.9878 high
675.00 436.64 48.75 21.09 0.9768 high
675.00 436.64 48.75 21.09 0.9904 high
675.00 436.64 48.75 21.09 0.9807 high
675.00 434.53 52.50 23.20 0.9769 high
678.75 434.53 48.75 23.20 0.9801 high
678.75 434.53 48.75 21.09 0.9924 high
678.75 434.53 48.75 21.09 0.9926 high
678.75 432.42 48.75 23.20 0.9942 high
678.75 432.42 48.75 21.09 0.9895 high
682.50 430.31 48.75 23.20 0.9900 high
682.50 430.31 48.75 21.09 0.9872 high
682.50 428.20 52.50 21.09 0.9804 high
682.50 426.09 52.50 21.09 0.9771 high
686.25 423.98 48.75 21.09 0.9719 high
693.75 423.98 37.50 21.09 0.9830 high
690.00 421.88 45.00 21.09 0.9903 high
690.00 419.77 48.75 21.09 0.9872 high
690.00 417.66 48.75 21.09 0.9866 high
693.75 413.44 45.00 23.20 0.9943 high
693.75 409.22 45.00 25.31 0.9874 high
697.50 407.11 37.50 23.20 0.9875 high
701.25 409.22 30.00 18.98 0.9743 high
701.69 406.70 31.22 20.23 0.0000 coast
703.17 405.19 29.63 20.00 0.0000 coast
761.25 326.95 26.25 21.09 0.9680 reinit
757.50 326.95 30.00 21.09 0.9848 high
761.25 326.95 26.25 18.98 0.9750 high
757.50 326.95 30.00 21.09 0.9630 high
757.50 326.95 30.00 21.09 0.9860 high
757.09 326.95 30.41 21.01 0.0000 coast
756.62 326.95 30.88 21.07 0.0000 coast
746.25 326.95 41.25 29.53 0.9829 high
746.25 326.95 41.25 29.53 0.9722 high
746.25 326.95 41.25 23.20 0.9790 high
742.50 326.95 45.00 31.64 0.9653 high
746.25 326.95 41.25 23.20 0.9764 high
746.25 326.95 41.25 25.31 0.9696 high
746.25 326.95 41.25 25.31 0.9725 high
746.25 326.95 41.25 23.20 0.9768 high
746.25 326.95 41.25 21.09 0.9658 high
746.25 326.95 41.25 21.09 0.9576 high
746.25 326.95 41.25 21.09 0.9581 high
746.25 326.95 41.25 29.53 0.9664 high
742.50 326.95 45.00 31.64 0.9732 high
742.50 326.95 45.00 31.64 0.9790 high
742.50 326.95 45.00 27.42 0.9696 high
742.50 326.95 45.00 23.20 0.9760 high
742.50 326.95 45.00 27.42 0.9872 high
742.50 326.95 45.00 23.20 0.9837 high
741.61 326.95 45.89 24.54 0.0000 coast
741.06 326.95 46.44 24.54 0.0000 coast
708.75 326.95 78.75 50.62 0.9890 reinit
708.75 326.95 78.75 44.30 0.9889 high
708.75 326.95 78.75 42.19 0.9897 high
708.75 326.95 78.75 40.08 0.9910 high
708.75 326.95 78.75 42.19 0.9902 high
708.75 326.95 78.75 40.08 0.9918 high
708.75 326.95 78.75 37.97 0.9934 high
705.00 326.95 82.50 40.08 0.9908 high
705.00 324.84 86.25 40.08 0.9872 high
701.25 324.84 90.00 40.08 0.9882 high
705.00 324.84 86.25 40.08 0.9895 high
705.00 324.84 86.25 40.08 0.9933 high
705.00 324.84 86.25 37.97 0.9920 high
701.25 324.84 90.00 37.97 0.9961 high
701.25 324.84 90.00 37.97 0.9947 high
701.25 324.84 90.00 37.97 0.9958 high
701.25 324.84 90.00 37.97 0.9910 high
701.25 324.84 90.00 37.97 0.9882 high
701.25 324.84 90.00 37.97 0.9927 high
701.25 324.84 90.00 37.97 0.9891 high
701.25 324.84 90.00 37.97 0.9896 high
701.25 324.84 90.00 35.86 0.9897 high
701.25 324.84 90.00 35.86 0.9918 high
697.50 324.84 90.00 35.86 0.9902 high
697.50 324.84 90.00 37.97 0.9895 high
697.50 324.84 90.00 33.75 0.9902 high
697.50 324.84 93.75 35.86 0.9883 high
697.50 324.84 90.00 37.97 0.9892 high
697.50 324.84 93.75 40.08 0.9906 high
697.50 324.84 93.75 37.97 0.9863 high
697.50 324.84 93.75 40.08 0.9897 high
697.50 324.84 93.75 40.08 0.9896 high
697.50 324.84 93.75 40.08 0.9869 high
697.50 324.84 93.75 40.08 0.9829 high
697.50 324.84 90.00 37.97 0.9852 high
697.50 324.84 90.00 37.97 0.9868 high
697.50 326.95 90.00 35.86 0.9906 high
697.50 324.84 90.00 37.97 0.9846 high
697.50 324.84 90.00 37.97 0.9846 high
701.25 324.84 86.25 40.08 0.9918 high
697.50 326.95 90.00 37.97 0.9913 high
697.50 326.95 90.00 37.97 0.9958 high
701.25 326.95 86.25 37.97 0.9905 high
701.25 324.84 86.25 42.19 0.9908 high
708.75 326.95 78.75 37.97 0.9948 high
708.75 326.95 78.75 37.97 0.9920 high
712.50 326.95 75.00 40.08 0.9907 high
712.50 326.95 75.00 37.97 0.9927 high
712.50 326.95 75.00 37.97 0.9818 high
712.50 326.95 75.00 37.97 0.9859 high
716.25 326.95 71.25 37.97 0.9922 high
716.25 326.95 71.25 37.97 0.9890 high
716.25 326.95 71.25 37.97 0.9878 high
720.00 326.95 67.50 37.97 0.9846 high
720.00 326.95 67.50 37.97 0.9858 high
723.75 324.84 63.75 40.08 0.9871 high
723.75 326.95 63.75 37.97 0.9909 high
723.75 326.95 63.75 37.97 0.9900 high
723.75 324.84 63.75 40.08 0.9899 high
723.75 326.95 63.75 37.97 0.9902 high
727.50 324.84 60.00 40.08 0.9876 high
727.50 324.84 60.00 40.08 0.9872 high
727.50 324.84 60.00 40.08 0.9891 high
727.50 324.84 60.00 37.97 0.9810 high
731.25 324.84 56.25 37.97 0.9835 high
731.25 324.84 56.25 40.08 0.9831 high
727.50 326.95 60.00 37.97 0.9921 high
727.50 326.95 60.00 37.97 0.9862 high
731.25 326.95 56.25 35.86 0.9936 high
727.50 326.95 60.00 37.97 0.9884 high
727.50 326.95 60.00 37.97 0.9864 high
727.50 326.95 60.00 37.97 0.9854 high
731.25 326.95 56.25 37.97 0.9865 high
731.25 326.95 56.25 37.97 0.9901 high
731.25 326.95 56.25 35.86 0.9890 high
731.25 326.95 56.25 35.86 0.9877 high
731.25 326.95 56.25 37.97 0.9879 high
731.25 326.95 56.25 37.97 0.9852 high
731.25 326.95 56.25 37.97 0.9814 high
731.25 326.95 56.25 37.97 0.9869 high
731.25 326.95 56.25 37.97 0.9886 high
735.00 326.95 52.50 37.97 0.9781 high
735.00 326.95 52.50 37.97 0.9832 high
735.00 326.95 52.50 35.86 0.9861 high
735.00 326.95 52.50 35.86 0.9833 high
735.00 326.95 52.50 35.86 0.9850 high
738.75 326.95 48.75 35.86 0.9851 high
735.00 326.95 52.50 37.97 0.9794 high
738.75 326.95 48.75 35.86 0.9926 high
738.75 326.95 48.75 35.86 0.9865 high
742.50 326.95 45.00 35.86 0.9729 high
738.75 326.95 48.75 35.86 0.9791 high
738.75 326.95 48.75 35.86 0.9940 high
738.75 326.95 48.75 35.86 0.9784 high
742.50 326.95 45.00 35.86 0.9838 high
742.50 326.95 45.00 35.86 0.9894 high
738.75 326.95 48.75 35.86 0.9801 high
738.75 326.95 48.75 35.86 0.9849 high
738.75 326.95 48.75 35.86 0.9829 high
738.75 326.95 48.75 35.86 0.9790 high
742.50 326.95 45.00 33.75 0.9738 high
742.50 326.95 45.00 33.75 0.9694 high
742.50 326.95 45.00 33.75 0.9653 high
742.50 326.95 45.00 33.75 0.9757 high
742.50 326.95 45.00 31.64 0.9593 high
746.25 326.95 41.25 31.64 0.9555 high
750.00 326.95 37.50 21.09 0.9800 high
753.75 326.95 33.75 18.98 0.9701 high
753.75 326.95 33.75 21.09 0.9849 high
761.25 326.95 26.25 18.98 0.9819 high
761.34 326.95 26.16 17.64 0.0000 coast
763.30 326.95 24.20 16.29 0.0000 coast
727.50 326.95 60.00 33.75 0.9839 reinit
750.00 326.95 37.50 21.09 0.9615 high
757.50 326.95 30.00 18.98 0.9860 high
764.07 326.95 23.43 15.98 0.0000 coast
771.27 326.95 16.23 12.86 0.0000 coast
753.75 326.95 33.75 31.64 0.9747 reinit
753.75 326.95 33.75 31.64 0.0000 coast
753.75 326.95 33.75 31.64 0.0000 coast
731.25 326.95 56.25 40.08 0.9845 high
731.25 324.84 60.00 42.19 0.9912 high
735.00 324.84 56.25 42.19 0.9903 high
735.00 324.84 56.25 40.08 0.9895 high
729.55 324.56 62.21 42.99 0.0000 coast
726.59 324.29 65.65 44.35 0.0000 coast
746.25 329.06 41.25 25.31 0.9678 reinit
738.75 324.84 52.50 37.97 0.9884 high
742.50 326.95 52.50 35.86 0.9930 high
742.50 324.84 52.50 37.97 0.9774 high
742.50 322.73 56.25 40.08 0.9740 high
742.50 318.52 60.00 40.08 0.9649 high
742.50 312.19 67.50 40.08 0.9856 high
742.50 307.97 67.50 48.52 0.9591 high
742.50 301.64 75.00 54.84 0.9844 high
742.50 297.42 78.75 61.17 0.9839 high
742.50 297.42 78.75 61.17 0.9817 high
742.53 293.91 82.71 64.04 0.0000 coast
742.55 291.04 85.79 66.77 0.0000 coast
780.00 291.09 48.75 29.53 0.9838 reinit
783.75 291.09 48.75 27.42 0.9847 high
783.75 291.09 52.50 29.53 0.9899 high
784.50 291.09 52.88 29.33 0.0000 coast
785.18 291.09 54.09 29.62 0.0000 coast
742.50 295.31 101.25 63.28 0.9680 reinit
742.50 299.53 101.25 61.17 0.9815 high
742.50 301.64 105.00 59.06 0.9855 high
742.50 305.86 105.00 52.73 0.9799 high
742.50 307.34 106.21 51.62 0.0000 coast
742.50 309.60 107.32 49.09 0.0000 coast
813.75 314.30 48.75 29.53 0.9833 reinit
-100 -100 -100 -100 0.0000 coast_none
-100 -100 -100 -100 0.0000 coast_none
738.75 326.95 48.75 35.86 0.9830 reinit
738.75 326.95 48.75 35.86 0.0000 coast
738.75 326.95 48.75 35.86 0.0000 coast
742.50 326.95 45.00 31.64 0.9699 high
742.50 326.95 45.00 31.64 0.9752 high
742.50 326.95 45.00 31.64 0.9720 high
746.25 326.95 41.25 31.64 0.9654 high
742.50 326.95 45.00 33.75 0.9856 high
750.00 324.84 41.25 33.75 0.9465 high
746.25 326.95 41.25 33.75 0.9581 high
738.75 324.84 48.75 35.86 0.9793 high
738.75 324.84 48.75 35.86 0.9795 high
738.75 324.84 48.75 35.86 0.9805 high
738.75 324.84 48.75 35.86 0.9877 high
738.75 324.84 48.75 35.86 0.9874 high
738.75 324.84 48.75 35.86 0.9859 high
738.75 324.84 48.75 35.86 0.9914 high
738.75 324.84 48.75 35.86 0.9855 high
738.75 324.84 48.75 35.86 0.9893 high
738.75 324.84 48.75 35.86 0.9923 high
738.75 324.84 48.75 35.86 0.9912 high
738.75 324.84 48.75 35.86 0.9884 high
738.75 324.84 48.75 37.97 0.9891 high
738.75 324.84 48.75 37.97 0.9861 high
738.75 324.84 48.75 35.86 0.9903 high
738.75 324.84 48.75 35.86 0.9890 high
738.75 324.84 48.75 35.86 0.9874 high
738.75 324.84 48.75 35.86 0.9884 high
738.75 324.84 48.75 35.86 0.9931 high
738.75 324.84 48.75 35.86 0.9929 high
738.75 324.84 48.75 35.86 0.9932 high
738.75 324.84 48.75 35.86 0.9821 high
738.75 324.84 48.75 35.86 0.9865 high
738.75 324.84 48.75 35.86 0.9916 high
738.75 324.84 48.75 35.86 0.9861 high
738.75 324.84 48.75 35.86 0.9898 high
738.75 324.84 48.75 35.86 0.9933 high
738.75 324.84 48.75 35.86 0.9861 high
738.75 324.84 48.75 35.86 0.9859 high
738.75 324.84 48.75 35.86 0.9907 high
738.75 326.95 48.75 35.86 0.9872 high
738.75 326.95 48.75 35.86 0.9911 high
738.75 326.95 48.75 35.86 0.9841 high
738.75 326.95 48.75 35.86 0.9844 high
738.75 326.95 48.75 35.86 0.9808 high
738.75 326.95 48.75 35.86 0.9851 high
738.75 326.95 48.75 35.86 0.9873 high
738.75 326.95 48.75 35.86 0.9822 high
742.50 326.95 45.00 33.75 0.9847 high
738.75 326.95 48.75 35.86 0.9820 high
742.50 326.95 45.00 35.86 0.9716 high
738.75 326.95 48.75 35.86 0.9878 high
742.50 326.95 45.00 35.86 0.9786 high
742.50 326.95 45.00 35.86 0.9831 high
738.75 326.95 48.75 35.86 0.9882 high
738.75 324.84 48.75 37.97 0.9852 high
738.75 324.84 48.75 37.97 0.9865 high
738.75 324.84 48.75 37.97 0.9828 high
738.75 324.84 48.75 37.97 0.9918 high
738.75 324.84 48.75 37.97 0.9785 high
738.75 324.84 48.75 37.97 0.9747 high
738.75 324.84 48.75 37.97 0.9793 high
738.75 324.84 48.75 37.97 0.9840 high
742.50 326.95 45.00 33.75 0.9831 high
742.50 326.95 45.00 33.75 0.9801 high
742.50 326.95 45.00 33.75 0.9620 high
742.50 326.95 45.00 33.75 0.9769 high
742.50 326.95 45.00 33.75 0.9819 high
746.25 326.95 41.25 27.42 0.9653 high
742.50 326.95 45.00 33.75 0.9824 high
746.25 326.95 41.25 33.75 0.9782 high
746.25 326.95 41.25 21.09 0.9591 high
750.00 326.95 37.50 21.09 0.9745 high
749.64 327.04 37.86 20.64 0.0000 coast
761.25 326.95 26.25 18.98 0.9718 high
760.98 327.02 26.52 17.67 0.0000 coast
762.82 327.06 24.68 16.30 0.0000 coast
742.50 324.84 45.00 35.86 0.9763 reinit
742.50 324.84 45.00 37.97 0.9790 high
742.50 324.84 45.00 37.97 0.9847 high
742.50 324.84 45.00 35.86 0.9845 high
742.50 324.84 45.00 35.86 0.9811 high
746.25 326.95 41.25 33.75 0.9848 high
746.25 326.95 41.25 33.75 0.9814 high
746.25 326.95 41.25 33.75 0.9707 high
742.50 326.95 45.00 33.75 0.9770 high
746.25 326.95 41.25 33.75 0.9782 high
746.25 326.95 41.25 33.75 0.9710 high
746.25 326.95 41.25 33.75 0.9616 high
742.50 326.95 45.00 33.75 0.9811 high
742.50 326.95 45.00 33.75 0.9789 high
746.25 326.95 41.25 33.75 0.9692 high
750.00 326.95 37.50 23.20 0.9711 high
742.50 326.95 45.00 33.75 0.9808 high
742.50 326.95 45.00 33.75 0.9721 high
746.25 326.95 41.25 33.75 0.9775 high
746.25 326.95 41.25 33.75 0.9657 high
742.50 326.95 45.00 33.75 0.9796 high
742.50 326.95 45.00 33.75 0.9760 high
746.25 326.95 41.25 33.75 0.9822 high
742.50 326.95 45.00 33.75 0.9857 high
742.50 326.95 45.00 33.75 0.9775 high
742.50 326.95 45.00 33.75 0.9836 high
742.50 326.95 45.00 33.75 0.9807 high
746.25 326.95 41.25 33.75 0.9724 high
746.25 326.95 41.25 33.75 0.9706 high
742.50 326.95 45.00 33.75 0.9800 high
742.50 326.95 45.00 33.75 0.9730 high
742.50 326.95 45.00 33.75 0.9727 high
742.50 326.95 45.00 33.75 0.9672 high
742.50 326.95 45.00 33.75 0.9784 high
742.50 326.95 45.00 33.75 0.9809 high
742.50 326.95 45.00 33.75 0.9742 high
742.50 326.95 45.00 33.75 0.9788 high
742.50 326.95 45.00 35.86 0.9778 high
742.33 326.96 45.17 35.30 0.0000 coast
742.23 326.97 45.27 35.46 0.0000 coast
757.50 326.95 30.00 21.09 0.9811 reinit
761.25 326.95 26.25 18.98 0.9780 high
761.25 326.95 26.25 18.98 0.9809 high
761.25 326.95 26.25 18.98 0.9662 high
765.00 326.95 22.50 16.88 0.9790 high
765.00 326.95 22.50 16.88 0.9657 high
765.00 326.95 22.50 18.98 0.9723 high
765.00 326.95 22.50 16.88 0.9853 high
765.00 326.95 22.50 16.88 0.9919 high
765.00 326.95 22.50 16.88 0.9749 high
765.00 326.95 22.50 16.88 0.9646 high
765.00 326.95 22.50 16.88 0.9638 high
765.00 326.95 22.50 18.98 0.9872 high
765.47 326.95 22.03 18.20 0.0000 coast
765.75 326.95 21.75 18.20 0.0000 coast
1027.50 447.19 41.25 27.42 0.9810 reinit
1027.50 447.19 41.25 27.42 0.9887 high
1027.50 449.30 41.25 25.31 0.9862 high
1027.50 449.30 41.25 25.31 0.9864 high
1031.25 451.41 37.50 21.09 0.9730 high
1027.50 451.41 41.25 23.20 0.9785 high
1027.50 451.41 37.50 23.20 0.9838 high
1027.50 451.41 37.50 23.20 0.9829 high
1027.50 453.52 33.75 21.09 0.9931 high
1027.50 451.41 37.50 23.20 0.9936 high
1027.50 451.41 37.50 23.20 0.9916 high
1031.25 451.41 33.75 23.20 0.9907 high
1035.00 453.52 26.25 21.09 0.9847 high
1034.31 453.41 27.32 21.23 0.0000 coast
1035.07 453.81 25.96 20.85 0.0000 coast
1020.00 451.41 45.00 25.31 0.9924 reinit
1020.00 451.41 48.75 25.31 0.9800 high
1016.25 451.41 52.50 25.31 0.9910 high
1016.25 451.41 52.50 25.31 0.9807 high
1012.50 451.41 56.25 25.31 0.9911 high
1016.25 451.41 52.50 25.31 0.9912 high
1020.00 451.41 45.00 25.31 0.9903 high
1023.75 451.41 41.25 25.31 0.9800 high
1020.00 451.41 45.00 25.31 0.9838 high
1020.00 451.41 45.00 25.31 0.9883 high
1023.75 453.52 41.25 23.20 0.9938 high
1020.00 453.52 45.00 23.20 0.9827 high
1023.75 453.52 41.25 23.20 0.9890 high
1020.00 453.52 45.00 23.20 0.9853 high
1023.75 453.52 37.50 23.20 0.9734 high
1016.25 453.52 48.75 23.20 0.9896 high
1016.25 455.62 45.00 21.09 0.9821 high
1012.50 453.52 45.00 25.31 0.9845 high
1016.25 453.52 41.25 23.20 0.9789 high
1008.75 453.52 48.75 25.31 0.9853 high
1012.50 453.52 48.75 25.31 0.9807 high
1008.75 453.52 48.75 25.31 0.9867 high
1016.25 453.52 41.25 25.31 0.9922 high
1016.25 455.62 37.50 21.09 0.9894 high
1008.75 453.52 48.75 23.20 0.9855 high
1008.75 453.52 41.25 23.20 0.9844 high
1008.75 453.52 41.25 25.31 0.9826 high
1008.75 453.52 41.25 23.20 0.9749 high
1007.72 453.54 41.17 23.63 0.0000 coast
1008.75 455.62 33.75 21.09 0.9796 high
1007.81 455.37 34.42 21.36 0.0000 coast
997.50 453.52 45.00 25.31 0.9753 high
997.57 453.83 43.39 24.77 0.0000 coast
995.97 453.80 43.75 24.96 0.0000 coast
1001.25 457.73 26.25 18.98 0.9940 high
993.75 455.62 33.75 21.09 0.9886 high
990.00 453.52 33.75 23.20 0.9611 high
990.00 451.41 37.50 25.31 0.9719 high
987.87 451.92 36.11 24.73 0.0000 coast
986.25 453.52 30.00 21.09 0.9846 high
986.25 457.73 22.50 16.88 0.9178 high
984.06 456.55 23.72 17.88 0.0000 coast
982.40 456.75 22.54 17.43 0.0000 coast
765.00 326.95 22.50 16.88 0.9929 reinit
761.25 326.95 26.25 18.98 0.9808 high
761.25 326.95 26.25 18.98 0.9791 high
761.25 326.95 26.25 16.88 0.9908 high
761.25 326.95 26.25 18.98 0.9739 high
757.50 326.95 30.00 18.98 0.9748 high
757.50 326.95 30.00 18.98 0.9775 high
761.25 326.95 26.25 18.98 0.9892 high
757.50 326.95 30.00 18.98 0.9735 high
765.00 326.95 22.50 18.98 0.9735 high
761.25 326.95 26.25 18.98 0.9838 high
761.25 326.95 26.25 18.98 0.9887 high
765.00 326.95 22.50 16.88 0.9910 high
765.00 326.95 22.50 16.88 0.9378 high
765.00 326.95 22.50 16.88 0.9816 high
761.25 326.95 26.25 16.88 0.9775 high
761.25 326.95 26.25 16.88 0.9831 high
765.00 326.95 22.50 16.88 0.9809 high
765.00 326.95 22.50 16.88 0.9831 high
761.25 326.95 26.25 18.98 0.9828 high
761.25 326.95 30.00 18.98 0.9779 high
761.25 326.95 26.25 18.98 0.9818 high
765.00 326.95 22.50 16.88 0.9939 high
763.71 326.95 24.21 17.62 0.0000 coast
763.75 326.95 24.21 17.61 0.0000 coast
761.25 326.95 26.25 18.98 0.9851 high
761.25 326.95 26.25 18.98 0.9942 high
765.00 326.95 22.50 16.88 0.9844 high
765.00 326.95 22.50 16.88 0.9822 high
765.00 326.95 22.50 16.88 0.9948 high
765.11 326.95 22.38 16.82 0.0000 coast
765.30 326.95 22.18 16.72 0.0000 coast
780.00 428.20 48.75 25.31 0.9833 reinit
772.50 428.20 52.50 27.42 0.9891 high
768.75 426.09 48.75 27.42 0.9799 high
768.75 423.98 48.75 25.31 0.9857 high
-100 -100 -100 -100 0.0000 coast_none
757.50 423.98 37.50 23.20 0.9795 high
-100 -100 -100 -100 0.0000 coast_none
-100 -100 -100 -100 0.0000 coast_none
742.50 326.95 45.00 35.86 0.9778 reinit
746.25 326.95 41.25 35.86 0.9847 high
746.25 326.95 41.25 33.75 0.9613 high
750.00 326.95 37.50 33.75 0.9576 high
750.88 326.95 36.62 33.04 0.0000 coast
-100 -100 -100 -100 0.0000 coast_none
678.75 417.66 60.00 29.53 0.9935 reinit
671.25 415.55 63.75 31.64 0.9941 high
663.75 415.55 67.50 31.64 0.9872 high
656.25 415.55 71.25 31.64 0.9923 high
648.75 415.55 71.25 29.53 0.9942 high
641.25 415.55 71.25 29.53 0.9918 high
633.75 413.44 71.25 31.64 0.9890 high
626.25 413.44 71.25 29.53 0.9918 high
618.75 413.44 71.25 29.53 0.9917 high
611.25 411.33 71.25 31.64 0.9973 high
607.50 411.33 71.25 31.64 0.9919 high
600.00 411.33 71.25 29.53 0.9926 high
592.50 409.22 71.25 31.64 0.9927 high
585.00 409.22 67.50 31.64 0.9965 high
577.50 409.22 71.25 29.53 0.9955 high
570.00 407.11 71.25 31.64 0.9902 high
562.50 407.11 67.50 31.64 0.9936 high
555.00 405.00 71.25 31.64 0.9919 high
547.50 405.00 71.25 31.64 0.9896 high
540.00 405.00 71.25 31.64 0.9900 high
532.50 402.89 71.25 31.64 0.9903 high
525.00 402.89 71.25 31.64 0.9819 high
517.50 402.89 71.25 31.64 0.9916 high
510.00 402.89 71.25 31.64 0.9881 high
502.50 402.89 71.25 29.53 0.9935 high
495.00 400.78 71.25 31.64 0.9947 high
487.50 398.67 71.25 33.75 0.9932 high
476.25 398.67 75.00 31.64 0.9937 high
468.75 396.56 75.00 33.75 0.9926 high
461.25 396.56 75.00 33.75 0.9911 high
450.00 396.56 78.75 31.64 0.9925 high
446.25 394.45 75.00 33.75 0.9941 high
438.75 394.45 75.00 31.64 0.9940 high
431.25 392.34 75.00 33.75 0.9878 high
423.75 392.34 75.00 31.64 0.9935 high
416.25 390.23 78.75 33.75 0.9867 high
408.75 388.12 75.00 35.86 0.9908 high
401.25 388.12 75.00 35.86 0.9885 high
390.00 388.12 78.75 33.75 0.9882 high
382.50 386.02 82.50 33.75 0.9873 high
375.00 386.02 82.50 33.75 0.9885 high
367.50 383.91 78.75 35.86 0.9895 high
360.00 383.91 78.75 33.75 0.9896 high
352.50 381.80 78.75 35.86 0.9914 high
345.00 379.69 82.50 35.86 0.9877 high
337.50 379.69 78.75 35.86 0.9863 high
330.00 379.69 78.75 33.75 0.9889 high
322.50 377.58 78.75 35.86 0.9900 high
315.00 375.47 78.75 35.86 0.9878 high
303.75 375.47 78.75 33.75 0.9872 high
296.25 373.36 78.75 35.86 0.9859 high
288.75 373.36 78.75 33.75 0.9903 high
281.25 369.14 78.75 37.97 0.9887 high
273.75 369.14 78.75 35.86 0.9902 high
266.25 367.03 78.75 35.86 0.9891 high
258.75 364.92 78.75 37.97 0.9859 high
251.25 364.92 75.00 35.86 0.9897 high
243.75 364.92 78.75 33.75 0.9894 high
232.50 360.70 78.75 35.86 0.9917 high
225.00 358.59 78.75 37.97 0.9883 high
213.75 358.59 78.75 35.86 0.9928 high
202.50 356.48 86.25 35.86 0.9859 high
198.75 354.38 82.50 37.97 0.9857 high
191.25 352.27 82.50 37.97 0.9850 high
183.75 348.05 82.50 42.19 0.9923 high
176.25 348.05 82.50 40.08 0.9933 high
168.75 345.94 82.50 44.30 0.9911 high
161.25 343.83 78.75 44.30 0.9904 high
157.50 343.83 78.75 42.19 0.9924 high
150.00 343.83 78.75 42.19 0.9888 high
142.50 343.83 78.75 44.30 0.9882 high
135.00 341.72 82.50 46.41 0.9856 high
131.25 343.83 78.75 44.30 0.9936 high
123.75 343.83 82.50 46.41 0.9910 high
120.00 345.94 82.50 46.41 0.9894 high
112.50 345.94 82.50 46.41 0.9863 high
108.75 348.05 82.50 46.41 0.9859 high
101.25 350.16 90.00 46.41 0.9870 high
97.50 354.38 90.00 44.30 0.9828 high
93.75 356.48 90.00 44.30 0.9879 high
90.00 358.59 93.75 44.30 0.9836 high
86.25 360.70 97.50 46.41 0.9784 high
78.75 360.70 108.75 48.52 0.9787 high
71.25 360.70 131.25 50.62 0.9698 high
71.25 360.70 131.25 54.84 0.9757 high
75.00 362.81 116.25 54.84 0.9821 high
78.75 373.36 123.75 46.41 0.9818 high
75.00 371.25 127.50 52.73 0.9728 high
68.96 372.57 130.11 52.17 0.0000 coast
64.82 373.92 132.89 52.66 0.0000 coast
71.25 386.02 86.25 42.19 0.9854 high
71.25 386.02 86.25 46.41 0.9890 high
71.25 386.02 86.25 46.41 0.9898 high
67.49 388.47 85.09 46.25 0.0000 coast
78.75 383.91 78.75 50.62 0.9876 high
82.50 381.80 75.00 54.84 0.9832 high
80.34 383.66 73.53 54.60 0.0000 coast
80.24 384.26 71.28 55.62 0.0000 coast
93.75 373.36 108.75 69.61 0.9747 reinit
101.25 371.25 105.00 73.83 0.9802 high
108.75 371.25 93.75 75.94 0.9763 high
108.75 371.25 93.75 75.94 0.9862 high
112.50 373.36 90.00 71.72 0.9756 high
138.75 392.34 75.00 54.84 0.9876 high
150.00 396.56 75.00 52.73 0.9891 high
161.25 396.56 75.00 52.73 0.9793 high
176.25 398.67 75.00 50.62 0.9879 high
191.25 405.00 71.25 46.41 0.9897 high
206.25 407.11 71.25 46.41 0.9913 high
217.50 409.22 75.00 44.30 0.9955 high
232.50 411.33 75.00 42.19 0.9915 high
247.50 415.55 75.00 40.08 0.9885 high
262.50 415.55 75.00 42.19 0.9972 high
281.25 417.66 67.50 40.08 0.9865 high
292.50 417.66 71.25 42.19 0.9891 high
311.25 419.77 67.50 42.19 0.9863 high
326.25 419.77 67.50 42.19 0.9860 high
341.25 423.98 67.50 40.08 0.9913 high
356.25 423.98 71.25 42.19 0.9893 high
371.25 426.09 71.25 42.19 0.9925 high
386.25 428.20 71.25 42.19 0.9961 high
405.00 428.20 67.50 44.30 0.9879 high
423.75 432.42 63.75 44.30 0.9918 high
438.75 434.53 67.50 44.30 0.9887 high
453.75 440.86 67.50 40.08 0.9896 high
468.75 440.86 67.50 40.08 0.9945 high
487.50 442.97 63.75 40.08 0.9948 high
502.50 447.19 67.50 40.08 0.9912 high
517.50 449.30 67.50 37.97 0.9854 high
536.25 453.52 67.50 37.97 0.9944 high
555.00 457.73 63.75 35.86 0.9947 high
573.75 457.73 63.75 37.97 0.9915 high
592.50 461.95 60.00 37.97 0.9945 high
607.50 464.06 63.75 37.97 0.9930 high
626.25 468.28 63.75 35.86 0.9918 high
641.25 472.50 67.50 33.75 0.9802 high
656.25 478.83 67.50 29.53 0.9903 high
671.25 483.05 67.50 27.42 0.9934 high
690.00 487.27 56.25 25.31 0.9942 high
706.01 490.19 59.46 24.71 0.0000 coast
-100 -100 -100 -100 0.0000 coast_none
761.25 326.95 30.00 16.88 0.9885 reinit
761.25 326.95 26.25 16.88 0.9927 high
761.25 326.95 26.25 16.88 0.9622 high
761.25 326.95 26.25 16.88 0.9753 high
765.00 326.95 22.50 16.88 0.9887 high
765.00 326.95 22.50 16.88 0.9697 high
765.00 326.95 22.50 16.88 0.9884 high
761.25 326.95 26.25 16.88 0.9944 high
761.25 326.95 26.25 16.88 0.9748 high
761.25 326.95 30.00 16.88 0.9853 high
761.25 326.95 30.00 16.88 0.9743 high
761.25 324.84 30.00 18.98 0.9835 high
761.25 326.95 26.25 16.88 0.9907 high
761.25 326.95 26.25 16.88 0.9805 high
761.08 326.76 26.87 17.06 0.0000 coast
761.25 326.95 26.25 16.88 0.9974 high
761.25 326.95 26.25 16.88 0.9721 high
761.25 326.95 26.25 16.88 0.9868 high
761.25 326.95 26.25 16.88 0.9830 high
761.25 326.95 26.25 16.88 0.9900 high
765.00 326.95 22.50 16.88 0.9615 high
765.00 326.95 22.50 16.88 0.9821 high
765.00 326.95 22.50 16.88 0.9725 high
765.00 326.95 22.50 16.88 0.9848 high
765.00 326.95 22.50 16.88 0.9793 high
761.25 324.84 26.25 18.98 0.9945 high
761.25 324.84 26.25 18.98 0.9888 high
757.50 324.84 33.75 18.98 0.9669 high
758.48 324.63 31.66 19.20 0.0000 coast
761.25 324.84 26.25 18.98 0.9825 high
761.25 324.84 26.25 18.98 0.9867 high
761.25 324.84 26.25 18.98 0.9819 high
761.25 324.84 26.25 18.98 0.9875 high
761.25 324.84 26.25 18.98 0.9784 high
761.25 324.84 26.25 18.98 0.9844 high
761.25 326.95 26.25 16.88 0.9863 high
761.25 326.95 26.25 16.88 0.9957 high
761.25 326.95 26.25 16.88 0.9916 high
765.00 326.95 22.50 14.77 0.9747 high
765.00 326.95 22.50 14.77 0.9679 high
765.00 326.95 22.50 14.77 0.9684 high
765.00 326.95 22.50 14.77 0.9604 high
765.00 326.95 22.50 14.77 0.9907 high
765.00 326.95 22.50 14.77 0.9814 high
765.00 326.95 22.50 16.88 0.9871 high
765.00 326.95 22.50 16.88 0.9762 high
765.00 326.95 22.50 14.77 0.9865 high
765.00 326.95 22.50 14.77 0.9881 high
765.00 326.95 22.50 14.77 0.9693 high
765.00 326.95 22.50 14.77 0.9876 high
765.00 326.95 22.50 14.77 0.9786 high
765.00 326.95 22.50 14.77 0.9754 high
765.00 326.95 22.50 14.77 0.9677 high
765.00 326.95 22.50 16.88 0.9726 high
765.00 326.95 22.50 16.88 0.9766 high
761.25 326.95 26.25 16.88 0.9784 high
761.25 326.95 26.25 16.88 0.9630 high
761.25 326.95 26.25 16.88 0.9917 high
761.25 326.95 26.25 16.88 0.9829 high
765.00 326.95 22.50 16.88 0.9783 high
765.00 326.95 22.50 16.88 0.9938 high
765.00 326.95 22.50 16.88 0.9919 high
765.00 326.95 22.50 16.88 0.9924 high
765.00 326.95 22.50 16.88 0.9827 high
765.00 326.95 22.50 16.88 0.9847 high
765.00 326.95 22.50 16.88 0.9853 high
765.00 326.95 22.50 16.88 0.9848 high
765.00 326.95 22.50 16.88 0.9736 high
765.00 326.95 22.50 14.77 0.9809 high
765.00 326.95 22.50 16.88 0.9674 high
765.08 326.96 22.42 16.35 0.0000 coast
765.00 326.95 22.50 14.77 0.9690 high
765.00 326.95 22.50 16.88 0.9784 high
765.00 326.95 22.50 16.88 0.9799 high
761.25 326.95 26.25 16.88 0.9872 high
765.00 326.95 22.50 16.88 0.9765 high
761.25 326.95 26.25 16.88 0.9668 high
765.00 326.95 22.50 16.88 0.9806 high
761.25 326.95 26.25 16.88 0.9933 high
761.25 326.95 26.25 16.88 0.9797 high
765.00 326.95 22.50 16.88 0.9743 high
761.25 326.95 26.25 16.88 0.9725 high
761.25 326.95 26.25 16.88 0.9962 high
765.00 326.95 22.50 16.88 0.9909 high
765.00 326.95 22.50 16.88 0.9815 high
761.25 326.95 26.25 16.88 0.9786 high
765.00 326.95 22.50 16.88 0.9713 high
765.00 326.95 22.50 16.88 0.9865 high
765.00 326.95 22.50 16.88 0.9828 high
765.00 326.95 22.50 16.88 0.9625 high
768.75 326.95 18.75 14.77 0.9583 high
768.75 326.95 18.75 14.77 0.9860 high
768.75 326.95 18.75 14.77 0.9654 high
-100 -100 -100 -100 0.0000 coast_none
768.75 329.06 18.75 12.66 0.9423 high
769.29 328.88 18.21 12.59 0.0000 coast
765.00 326.95 22.50 14.77 0.9693 high
765.80 327.39 21.70 14.13 0.0000 coast
765.00 326.95 22.50 16.88 0.9631 high
761.25 326.95 26.25 16.88 0.9827 high
765.00 326.95 22.50 16.88 0.9624 high
765.00 326.95 22.50 16.88 0.9882 high
765.00 326.95 22.50 16.88 0.9933 high
765.00 326.95 22.50 16.88 0.9694 high
761.25 326.95 26.25 16.88 0.9664 high
761.25 326.95 26.25 16.88 0.9719 high
761.25 326.95 26.25 16.88 0.9856 high
761.25 326.95 26.25 16.88 0.9966 high
761.25 326.95 26.25 16.88 0.9822 high
761.25 326.95 26.25 16.88 0.9928 high
765.00 326.95 22.50 16.88 0.9818 high
765.00 326.95 22.50 14.77 0.9771 high
761.25 326.95 26.25 16.88 0.9845 high
761.25 326.95 30.00 16.88 0.9719 high
761.25 326.95 30.00 16.88 0.9873 high
761.25 326.95 30.00 16.88 0.9740 high
761.25 326.95 26.25 16.88 0.9971 high
761.25 326.95 26.25 16.88 0.9879 high
761.25 326.95 26.25 16.88 0.9890 high
765.00 326.95 26.25 16.88 0.9753 high
765.00 326.95 22.50 14.77 0.9848 high
765.00 326.95 22.50 16.88 0.9932 high
765.00 326.95 22.50 14.77 0.9875 high
761.25 326.95 26.25 16.88 0.9744 high
761.25 326.95 26.25 16.88 0.9734 high
765.00 326.95 22.50 16.88 0.9808 high
765.00 326.95 22.50 16.88 0.9798 high
764.72 326.95 22.69 16.94 0.0000 coast
765.00 326.95 26.25 16.88 0.9785 high
765.00 326.95 26.25 16.88 0.9710 high
765.00 326.95 26.25 16.88 0.9839 high
765.00 326.95 26.25 14.77 0.9703 high
765.16 326.95 26.52 15.42 0.0000 coast
765.26 326.95 26.72 15.32 0.0000 coast
768.75 326.95 18.75 14.77 0.9891 high
768.75 326.95 18.75 14.77 0.9514 high
772.50 326.95 15.00 14.77 0.9690 high
768.75 326.95 18.75 14.77 0.9859 high
768.75 326.95 18.75 14.77 0.9919 high
768.75 326.95 18.75 14.77 0.9792 high
768.75 326.95 18.75 14.77 0.9727 high
768.75 326.95 22.50 14.77 0.9790 high
772.50 326.95 15.00 14.77 0.9703 high
768.75 326.95 18.75 14.77 0.9601 high
768.75 326.95 18.75 14.77 0.9587 high
765.00 326.95 22.50 14.77 0.9716 high
768.75 326.95 18.75 14.77 0.9693 high
768.75 326.95 18.75 14.77 0.9949 high
765.00 326.95 22.50 14.77 0.9685 high
768.75 326.95 18.75 14.77 0.9739 high
768.75 326.95 18.75 14.77 0.9722 high
768.75 326.95 18.75 14.77 0.9805 high
768.75 326.95 18.75 14.77 0.9709 high
772.50 326.95 15.00 14.77 0.9727 high
772.50 326.95 15.00 14.77 0.9553 high
772.50 329.06 15.00 10.55 0.9436 high
772.50 326.95 15.00 14.77 0.9708 high
772.97 327.52 14.51 13.62 0.0000 coast
773.31 327.56 14.15 13.52 0.0000 coast
765.00 326.95 22.50 16.88 0.9772 reinit
761.25 326.95 26.25 16.88 0.9858 high
761.25 326.95 26.25 16.88 0.9931 high
761.25 326.95 26.25 16.88 0.9640 high
765.00 326.95 22.50 16.88 0.9880 high
765.00 326.95 22.50 16.88 0.9879 high
765.00 326.95 22.50 16.88 0.9927 high
768.75 326.95 18.75 14.77 0.9804 high
768.75 326.95 18.75 14.77 0.9870 high
768.75 326.95 18.75 14.77 0.9743 high
772.50 329.06 15.00 12.66 0.9818 high
768.75 326.95 18.75 14.77 0.9848 high
768.75 326.95 18.75 14.77 0.9869 high
769.65 327.08 17.85 14.37 0.0000 coast
772.50 329.06 15.00 12.66 0.9468 high
768.75 326.95 18.75 14.77 0.9794 high
768.75 326.95 18.75 14.77 0.9796 high
772.50 326.95 15.00 14.77 0.9757 high
772.50 326.95 15.00 14.77 0.9656 high
772.71 326.88 14.79 14.73 0.0000 coast
776.25 329.06 11.25 10.55 0.9437 high
776.25 329.06 11.25 10.55 0.9783 high
777.02 329.20 10.48 10.15 0.0000 coast
777.76 329.40 9.74 9.67 0.0000 coast
1162.50 301.64 48.75 16.88 0.9903 reinit
1158.75 295.31 60.00 18.98 0.9835 high
1158.75 288.98 52.50 23.20 0.9817 high
1158.75 284.77 56.25 25.31 0.9825 high
1162.50 280.55 48.75 35.86 0.9897 high
1162.50 278.44 48.75 33.75 0.9882 high
1158.75 276.33 52.50 33.75 0.9830 high
1158.75 274.22 48.75 35.86 0.9938 high
1166.25 274.22 41.25 35.86 0.9888 high
1162.50 274.22 52.50 35.86 0.9871 high
1162.50 274.22 56.25 37.97 0.9887 high
1162.50 276.33 52.50 37.97 0.9860 high
1166.25 278.44 52.50 35.86 0.9899 high
1162.50 282.66 63.75 35.86 0.9932 high
1162.50 284.77 63.75 40.08 0.9875 high
1166.25 291.09 60.00 35.86 0.9855 high
1166.25 295.31 60.00 35.86 0.9823 high
1170.00 299.53 60.00 37.97 0.9936 high
1173.75 305.86 56.25 35.86 0.9840 high
1173.75 310.08 60.00 37.97 0.9892 high
1173.75 318.52 56.25 40.08 0.9922 high
1173.75 329.06 52.50 29.53 0.9929 high
1173.75 335.39 56.25 33.75 0.9915 high
1173.75 339.61 56.25 29.53 0.9915 high
1173.75 350.16 52.50 23.20 0.9844 high
1170.00 354.38 60.00 29.53 0.9772 high
-100 -100 -100 -100 0.0000 coast_none
-100 -100 -100 -100 0.0000 coast_none
761.25 326.95 26.25 16.88 0.9856 reinit
761.25 326.95 26.25 16.88 0.9920 high
765.00 326.95 22.50 16.88 0.9848 high
765.00 326.95 22.50 16.88 0.9848 high
765.00 326.95 22.50 16.88 0.9935 high
765.00 326.95 22.50 14.77 0.9595 high
761.25 326.95 26.25 16.88 0.9864 high
765.00 326.95 22.50 16.88 0.9985 high
761.25 326.95 26.25 16.88 0.9730 high
765.00 326.95 22.50 16.88 0.9963 high
765.00 326.95 22.50 16.88 0.9877 high
761.25 326.95 26.25 16.88 0.9807 high
765.00 326.95 22.50 16.88 0.9784 high
761.25 326.95 26.25 16.88 0.9870 high
761.25 326.95 26.25 16.88 0.9710 high
765.00 326.95 22.50 16.88 0.9886 high
765.00 326.95 26.25 16.88 0.9807 high
765.00 326.95 26.25 16.88 0.9799 high
761.25 326.95 26.25 16.88 0.9821 high
761.25 326.95 26.25 16.88 0.9637 high
761.25 326.95 26.25 16.88 0.9968 high
765.00 326.95 22.50 16.88 0.9890 high
761.25 326.95 26.25 16.88 0.9927 high
761.25 326.95 26.25 16.88 0.9935 high
757.50 324.84 30.00 18.98 0.9671 high
757.50 326.95 30.00 16.88 0.9763 high
761.25 326.95 26.25 16.88 0.9849 high
761.25 326.95 26.25 16.88 0.9889 high
761.25 326.95 26.25 16.88 0.9882 high
761.25 326.95 26.25 16.88 0.9917 high
761.25 326.95 26.25 16.88 0.9739 high
765.00 326.95 22.50 16.88 0.9870 high
761.25 326.95 26.25 16.88 0.9913 high
765.00 326.95 22.50 16.88 0.9832 high
765.00 326.95 22.50 14.77 0.9874 high
761.25 326.95 26.25 16.88 0.9882 high
761.25 326.95 26.25 16.88 0.9883 high
765.00 326.95 22.50 16.88 0.9342 high
768.75 326.95 18.75 14.77 0.9822 high
765.00 326.95 22.50 16.88 0.9709 high
768.75 326.95 18.75 16.88 0.9751 high
768.75 326.95 18.75 14.77 0.9805 high
768.75 326.95 18.75 14.77 0.9924 high
765.00 326.95 22.50 16.88 0.9909 high
765.00 326.95 22.50 16.88 0.9733 high
765.00 326.95 22.50 16.88 0.9935 high
761.25 326.95 26.25 16.88 0.9904 high
765.00 326.95 22.50 16.88 0.9888 high
765.00 326.95 22.50 16.88 0.9690 high
765.00 326.95 22.50 16.88 0.9708 high
765.00 326.95 22.50 16.88 0.9811 high
765.00 326.95 22.50 16.88 0.9531 high
765.00 326.95 22.50 16.88 0.9838 high
765.00 326.95 22.50 16.88 0.9927 high
768.75 326.95 18.75 14.77 0.9810 high
765.00 326.95 22.50 14.77 0.9808 high
765.84 326.95 21.66 14.78 0.0000 coast
768.75 326.95 18.75 14.77 0.9784 high
772.50 329.06 15.00 12.66 0.9350 high
768.75 326.95 18.75 14.77 0.9807 high
768.75 326.95 18.75 14.77 0.9703 high
765.00 326.95 22.50 16.88 0.9762 high
765.00 326.95 22.50 16.88 0.9664 high
765.00 326.95 22.50 14.77 0.9695 high
765.00 326.95 22.50 16.88 0.9666 high
764.64 326.89 22.86 16.55 0.0000 coast
768.75 326.95 18.75 14.77 0.9953 high
767.75 326.89 19.75 15.22 0.0000 coast
-100 -100 -100 -100 0.0000 coast_none
772.50 329.06 15.00 12.66 0.9702 high
776.25 329.06 11.25 10.55 0.9819 high
776.13 329.21 11.37 10.64 0.0000 coast
776.25 331.17 11.25 6.33 0.9188 high
777.08 331.40 10.42 5.76 0.0000 coast
-100 -100 -100 -100 0.0000 coast_none
682.50 442.97 101.25 31.64 0.9918 reinit
675.00 442.97 105.00 33.75 0.9841 high
663.75 442.97 116.25 33.75 0.9842 high
661.33 442.97 117.92 34.17 0.0000 coast
656.44 442.97 122.12 34.56 0.0000 coast
637.50 445.08 71.25 33.75 0.9875 high
626.25 447.19 75.00 31.64 0.9955 high
618.75 449.30 75.00 31.64 0.9948 high
607.50 449.30 78.75 33.75 0.9889 high
600.00 449.30 75.00 33.75 0.9947 high
592.50 449.30 75.00 33.75 0.9917 high
581.25 451.41 75.00 31.64 0.9910 high
573.75 449.30 78.75 33.75 0.9930 high
566.25 449.30 75.00 33.75 0.9943 high
562.50 449.30 75.00 31.64 0.9940 high
555.00 445.08 71.25 33.75 0.9909 high
547.50 442.97 71.25 33.75 0.9930 high
540.00 440.86 75.00 33.75 0.9937 high
532.50 436.64 75.00 35.86 0.9937 high
525.00 434.53 75.00 33.75 0.9863 high
521.25 430.31 75.00 33.75 0.9932 high
517.50 426.09 71.25 33.75 0.9925 high
510.00 421.88 75.00 33.75 0.9862 high
506.25 415.55 75.00 35.86 0.9964 high
502.50 411.33 71.25 33.75 0.9907 high
498.75 405.00 71.25 35.86 0.9953 high
495.00 396.56 71.25 37.97 0.9889 high
491.25 392.34 71.25 35.86 0.9948 high
487.50 386.02 75.00 35.86 0.9874 high
483.75 377.58 75.00 37.97 0.9863 high
483.75 371.25 75.00 35.86 0.9921 high
480.00 362.81 71.25 35.86 0.9954 high
476.25 356.48 75.00 35.86 0.9957 high
476.25 348.05 75.00 35.86 0.9926 high
476.25 341.72 75.00 35.86 0.9881 high
476.25 333.28 71.25 33.75 0.9926 high
476.25 326.95 71.25 33.75 0.9937 high
472.50 318.52 75.00 33.75 0.9908 high
472.50 312.19 71.25 33.75 0.9905 high
472.50 301.64 71.25 35.86 0.9955 high
472.50 295.31 71.25 33.75 0.9893 high
472.50 286.88 71.25 35.86 0.9924 high
468.75 278.44 75.00 35.86 0.9848 high
465.00 267.89 78.75 40.08 0.9874 high
465.00 261.56 82.50 37.97 0.9804 high
468.75 259.45 75.00 33.75 0.9939 high
465.00 253.12 75.00 35.86 0.9838 high
468.75 248.91 75.00 33.75 0.9895 high
468.75 242.58 75.00 35.86 0.9893 high
468.75 238.36 78.75 37.97 0.9836 high
465.00 236.25 78.75 35.86 0.9856 high
465.00 234.14 78.75 33.75 0.9854 high
468.75 229.92 75.00 35.86 0.9799 high
465.00 227.81 78.75 37.97 0.9859 high
465.00 225.70 75.00 40.08 0.9794 high
465.00 229.92 75.00 35.86 0.9795 high
461.25 227.81 78.75 37.97 0.9912 high
461.25 229.92 75.00 35.86 0.9879 high
461.25 232.03 75.00 37.97 0.9912 high
461.25 236.25 71.25 35.86 0.9887 high
461.25 238.36 71.25 37.97 0.9877 high
457.50 240.47 75.00 37.97 0.9895 high
453.75 246.80 78.75 37.97 0.9835 high
453.75 253.12 78.75 35.86 0.9904 high
446.25 257.34 82.50 37.97 0.9854 high
446.25 261.56 82.50 37.97 0.9891 high
438.75 259.45 90.00 46.41 0.9867 high
453.75 272.11 75.00 40.08 0.9847 high
453.75 280.55 75.00 37.97 0.9844 high
457.50 288.98 71.25 33.75 0.9929 high
457.50 293.20 71.25 35.86 0.9917 high
457.50 299.53 67.50 35.86 0.9916 high
457.50 307.97 71.25 33.75 0.9889 high
453.75 312.19 75.00 33.75 0.9801 high
457.50 318.52 71.25 33.75 0.9932 high
457.50 324.84 67.50 33.75 0.9893 high
457.50 331.17 71.25 31.64 0.9900 high
453.75 335.39 75.00 33.75 0.9925 high
453.75 341.72 75.00 33.75 0.9925 high
453.75 345.94 75.00 33.75 0.9933 high
457.50 352.27 71.25 33.75 0.9894 high
453.75 356.48 75.00 33.75 0.9971 high
453.75 362.81 75.00 33.75 0.9926 high
457.50 367.03 71.25 33.75 0.9901 high
457.50 373.36 71.25 33.75 0.9927 high
457.50 377.58 71.25 33.75 0.9922 high
457.50 381.80 71.25 35.86 0.9920 high
457.50 388.12 71.25 33.75 0.9900 high
457.50 394.45 71.25 31.64 0.9880 high
457.50 398.67 71.25 31.64 0.9933 high
457.50 405.00 75.00 31.64 0.9885 high
457.50 409.22 75.00 33.75 0.9854 high
457.50 413.44 75.00 33.75 0.9909 high
461.25 421.88 71.25 35.86 0.9905 high
461.25 426.09 71.25 33.75 0.9923 high
461.25 430.31 71.25 31.64 0.9890 high
461.25 436.64 71.25 31.64 0.9863 high
461.25 440.86 71.25 31.64 0.9891 high
461.25 445.08 75.00 31.64 0.9886 high
461.25 451.41 75.00 29.53 0.9869 high
461.25 455.62 75.00 31.64 0.9882 high
461.25 459.84 75.00 29.53 0.9884 high
465.00 461.95 71.25 31.64 0.9909 high
461.25 461.95 75.00 33.75 0.9850 high
461.25 464.06 75.00 33.75 0.9863 high
465.00 468.28 75.00 31.64 0.9935 high
465.00 468.28 75.00 33.75 0.9868 high
465.00 474.61 78.75 29.53 0.9915 high
468.75 474.61 75.00 29.53 0.9901 high
468.75 474.61 75.00 31.64 0.9793 high
472.50 472.50 71.25 33.75 0.9866 high
472.50 476.72 75.00 29.53 0.9882 high
472.50 470.39 75.00 35.86 0.9954 high
472.50 464.06 75.00 42.19 0.9867 high
472.50 470.39 75.00 35.86 0.9904 high
472.50 468.28 75.00 37.97 0.9858 high
476.25 466.17 75.00 37.97 0.9931 high
476.25 466.17 71.25 37.97 0.9935 high
472.50 461.95 78.75 40.08 0.9883 high
476.25 461.95 75.00 37.97 0.9843 high
472.50 464.06 75.00 33.75 0.9929 high
468.75 461.95 82.50 33.75 0.9901 high
472.50 461.95 78.75 29.53 0.9916 high
468.75 461.95 82.50 27.42 0.9781 high
472.50 457.73 75.00 29.53 0.9910 high
468.75 455.62 82.50 29.53 0.9800 high
468.75 451.41 78.75 31.64 0.9925 high
465.00 445.08 82.50 33.75 0.9921 high
465.00 440.86 82.50 35.86 0.9835 high
461.25 438.75 86.25 37.97 0.9869 high
461.25 434.53 86.25 40.08 0.9878 high
461.25 434.53 82.50 42.19 0.9910 high
457.50 434.53 86.25 42.19 0.9903 high
457.50 434.53 82.50 44.30 0.9883 high
453.75 436.64 86.25 44.30 0.9941 high
450.00 436.64 90.00 46.41 0.9909 high
450.00 440.86 90.00 46.41 0.9877 high
446.25 442.97 90.00 46.41 0.9928 high
446.25 447.19 90.00 48.52 0.9885 high
446.25 451.41 90.00 48.52 0.9909 high
442.50 457.73 93.75 46.41 0.9896 high
442.50 461.95 93.75 46.41 0.9901 high
442.50 466.17 93.75 48.52 0.9873 high
442.50 470.39 93.75 48.52 0.9849 high
446.25 478.83 90.00 44.30 0.9935 high
446.25 483.05 90.00 42.19 0.9926 high
446.25 487.27 93.75 40.08 0.9947 high
446.25 491.48 93.75 40.08 0.9870 high
446.25 491.48 97.50 42.19 0.9850 high
450.00 493.59 93.75 42.19 0.9915 high
450.00 495.70 93.75 40.08 0.9890 high
450.00 495.70 93.75 40.08 0.9900 high
450.00 495.70 93.75 40.08 0.9877 high
450.00 497.81 93.75 37.97 0.9891 high
450.00 497.81 93.75 37.97 0.9891 high
450.00 497.81 93.75 37.97 0.9917 high
453.75 495.70 90.00 40.08 0.9877 high
453.75 495.70 90.00 40.08 0.9921 high
453.75 491.48 90.00 44.30 0.9901 high
453.75 489.38 90.00 46.41 0.9904 high
453.75 485.16 93.75 48.52 0.9890 high
457.50 480.94 90.00 52.73 0.9899 high
461.25 478.83 86.25 54.84 0.9894 high
461.25 474.61 90.00 59.06 0.9817 high
465.00 470.39 90.00 61.17 0.9814 high
468.75 468.28 86.25 63.28 0.9859 high
476.25 470.39 86.25 61.17 0.9916 high
480.00 470.39 86.25 61.17 0.9869 high
487.50 472.50 86.25 59.06 0.9880 high
498.75 474.61 82.50 56.95 0.9893 high
510.00 476.72 82.50 52.73 0.9856 high
521.25 478.83 78.75 52.73 0.9942 high
528.75 478.83 82.50 52.73 0.9926 high
540.00 478.83 82.50 52.73 0.9940 high
555.00 478.83 78.75 52.73 0.9889 high
566.25 480.94 78.75 50.62 0.9953 high
577.50 483.05 82.50 50.62 0.9899 high
592.50 485.16 78.75 48.52 0.9896 high
607.50 485.16 78.75 48.52 0.9909 high
622.50 485.16 78.75 48.52 0.9929 high
637.50 487.27 75.00 48.52 0.9919 high
652.50 491.48 60.00 44.30 0.9948 high
671.25 489.38 52.50 44.30 0.9803 high
686.25 493.59 56.25 37.97 0.9938 high
697.76 494.03 52.73 38.10 0.0000 coast
-100 -100 -100 -100 0.0000 coast_none
765.00 326.95 22.50 14.77 0.9548 reinit
768.75 326.95 18.75 14.77 0.9701 high
772.50 326.95 15.00 14.77 0.9574 high
768.75 326.95 18.75 14.77 0.9717 high
768.75 326.95 18.75 14.77 0.9578 high
772.50 326.95 15.00 14.77 0.9574 high
772.50 329.06 15.00 12.66 0.9247 high
773.02 328.90 14.48 12.82 0.0000 coast
768.75 326.95 18.75 14.77 0.9662 high
-100 -100 -100 -100 0.0000 coast_none
-100 -100 -100 -100 0.0000 coast_none
1402.50 73.83 15.00 10.55 0.9765 reinit
1402.50 73.83 15.00 10.55 0.0000 coast
-100 -100 -100 -100 0.0000 coast_none
1387.50 50.62 18.75 12.66 0.9992 reinit
1387.50 44.30 15.00 10.55 0.9874 high
1387.50 43.83 14.72 10.39 0.0000 coast
-100 -100 -100 -100 0.0000 coast_none
1368.75 4.22 22.50 25.31 0.9727 reinit
1368.75 4.22 22.50 25.31 0.0000 coast
-100 -100 -100 -100 0.0000 coast_none
768.75 326.95 18.75 14.77 0.9759 reinit
765.00 326.95 22.50 14.77 0.9632 high
768.75 326.95 18.75 14.77 0.9728 high
768.75 326.95 18.75 14.77 0.9776 high
768.75 326.95 18.75 14.77 0.9543 high
772.50 329.06 15.00 12.66 0.9231 high
772.50 329.06 15.00 12.66 0.9567 high
773.52 329.42 13.98 12.30 0.0000 coast
774.50 329.82 13.00 11.89 0.0000 coast
765.00 326.95 22.50 16.88 0.9838 reinit
761.25 326.95 26.25 16.88 0.9688 high
765.00 326.95 22.50 14.77 0.9834 high
765.00 326.95 22.50 14.77 0.9795 high
765.38 326.95 22.12 14.18 0.0000 coast
765.00 326.95 22.50 14.77 0.9840 high
765.00 326.95 22.50 14.77 0.9853 high
765.00 326.95 22.50 14.77 0.9914 high
761.25 326.95 26.25 16.88 0.9687 high
761.25 326.95 26.25 16.88 0.9561 high
765.00 326.95 22.50 14.77 0.9613 high
757.50 326.95 30.00 16.88 0.9789 high
757.50 326.95 30.00 16.88 0.9740 high
761.25 326.95 26.25 16.88 0.9643 high
765.00 326.95 22.50 14.77 0.9962 high
761.25 326.95 26.25 16.88 0.9606 high
761.64 326.95 25.86 16.51 0.0000 coast
-100 -100 -100 -100 0.0000 coast_none
1245.00 130.78 82.50 40.08 0.9934 reinit
1245.00 116.02 78.75 44.30 0.9905 high
1245.00 103.36 82.50 46.41 0.9853 high
1248.75 90.70 78.75 48.52 0.9845 high
1248.75 78.05 78.75 50.62 0.9905 high
1252.50 67.50 75.00 52.73 0.9908 high
1252.50 59.06 71.25 54.84 0.9879 high
1252.50 50.62 71.25 54.84 0.9909 high
1252.50 42.19 71.25 56.95 0.9876 high
1253.91 31.81 69.45 58.70 0.0000 coast
1252.50 31.64 71.25 56.95 0.9803 high
1248.75 33.75 67.50 52.73 0.9954 high
1248.75 23.20 71.25 59.06 0.9857 high
1248.75 23.20 67.50 54.84 0.9871 high
1248.75 21.09 63.75 52.73 0.9871 high
1260.00 18.98 52.50 46.41 0.9786 high
1257.44 11.52 53.83 48.55 0.0000 coast
1258.42 6.01 51.63 48.17 0.0000 coast
1230.00 12.66 71.25 56.95 0.9883 reinit
1226.25 16.88 71.25 52.73 0.9869 high
1218.75 16.88 71.25 50.62 0.9874 high
1215.00 18.98 67.50 48.52 0.9917 high
1207.50 16.88 71.25 50.62 0.9871 high
1203.75 10.55 71.25 56.95 0.9805 high
1192.50 14.77 75.00 52.73 0.9834 high
1188.75 16.88 71.25 50.62 0.9889 high
1181.25 18.98 67.50 48.52 0.9912 high
1170.00 14.77 71.25 52.73 0.9876 high
1158.75 18.98 75.00 48.52 0.9883 high
1151.25 18.98 71.25 48.52 0.9923 high
1140.00 14.77 75.00 52.73 0.9871 high
1128.75 18.98 75.00 48.52 0.9859 high
1121.25 18.98 71.25 46.41 0.9845 high
1110.00 16.88 71.25 48.52 0.9848 high
1098.75 18.98 67.50 46.41 0.9947 high
1087.50 16.88 67.50 48.52 0.9881 high
1072.50 10.55 75.00 52.73 0.9850 high
1061.25 14.77 71.25 48.52 0.9787 high
1050.00 8.44 75.00 54.84 0.9869 high
1035.00 6.33 78.75 54.84 0.9883 high
1023.75 4.22 75.00 54.84 0.9881 high
1008.75 6.33 78.75 52.73 0.9895 high
993.75 2.11 78.75 56.95 0.9844 high
978.75 4.22 82.50 52.73 0.9841 high
967.50 4.22 75.00 52.73 0.9873 high
952.50 2.11 78.75 52.73 0.9826 high
937.50 2.11 75.00 52.73 0.9832 high
922.50 2.11 75.00 50.62 0.9844 high
903.75 4.22 78.75 48.52 0.9807 high
888.75 2.11 75.00 48.52 0.9825 high
870.00 2.11 78.75 46.41 0.9827 high
855.00 2.11 78.75 46.41 0.9918 high
840.00 0.00 75.00 46.41 0.9858 high
821.25 2.11 78.75 44.30 0.9848 high
802.50 0.00 82.50 44.30 0.9851 high
787.50 0.00 78.75 42.19 0.9872 high
776.25 2.11 67.50 40.08 0.9885 high
746.25 0.00 78.75 40.08 0.9881 high
727.50 0.00 82.50 40.08 0.9858 high
716.25 2.11 75.00 35.86 0.9861 high
697.50 0.00 67.50 37.97 0.9874 high
675.00 0.00 78.75 37.97 0.9877 high
660.00 0.00 71.25 37.97 0.9883 high
641.25 0.00 67.50 35.86 0.9838 high
615.00 0.00 82.50 35.86 0.9824 high
600.00 0.00 67.50 35.86 0.9852 high
581.25 2.11 60.00 33.75 0.9874 high
558.75 0.00 75.00 37.97 0.9894 high
536.25 0.00 82.50 40.08 0.9871 high
532.50 6.33 60.00 35.86 0.9820 high
502.50 0.00 75.00 48.52 0.9855 high
483.75 2.11 67.50 48.52 0.9852 high
465.77 1.80 69.23 48.47 0.0000 coast
435.00 2.11 82.50 56.95 0.9890 high
423.75 12.66 71.25 48.52 0.9850 high
405.00 21.09 67.50 48.52 0.9852 high
378.75 23.20 82.50 54.84 0.9863 high
363.75 37.97 78.75 48.52 0.9865 high
348.75 42.19 75.00 52.73 0.9863 high
322.50 46.41 78.75 56.95 0.9894 high
303.75 56.95 82.50 54.84 0.9839 high
285.00 65.39 86.25 56.95 0.9923 high
273.75 78.05 71.25 54.84 0.9911 high
251.25 86.48 86.25 59.06 0.9833 high
251.25 107.58 67.50 50.62 0.9849 high
-100 -100 -100 -100 0.0000 coast_none
206.25 118.12 82.50 61.17 0.9831 high
202.50 141.33 67.50 50.62 0.9894 high
180.66 143.81 71.97 54.42 0.0000 coast
-100 -100 -100 -100 0.0000 coast_none
165.00 175.08 63.75 52.73 0.9845 high
146.97 182.59 63.86 53.14 0.0000 coast
135.00 191.95 82.50 59.06 0.9869 high
127.50 208.83 82.50 54.84 0.9685 high
109.95 216.22 82.66 56.66 0.0000 coast
95.41 226.27 83.77 57.07 0.0000 coast
101.25 248.91 90.00 52.73 0.9856 high
84.63 257.67 90.59 53.63 0.0000 coast
93.75 278.44 97.50 48.52 0.9860 high
90.00 293.20 101.25 46.41 0.9918 high
86.25 303.75 105.00 46.41 0.9914 high
82.50 316.41 105.00 42.19 0.9932 high
78.75 326.95 108.75 42.19 0.9949 high
67.50 339.61 116.25 40.08 0.9897 high
71.25 348.05 105.00 44.30 0.9829 high
52.50 352.27 123.75 48.52 0.9869 high
63.75 362.81 112.50 48.52 0.9887 high
71.25 379.69 105.00 42.19 0.9881 high
71.25 392.34 97.50 37.97 0.9953 high
71.25 400.78 97.50 42.19 0.9896 high
67.50 409.22 101.25 42.19 0.9870 high
67.50 417.66 101.25 42.19 0.9883 high
67.50 426.09 97.50 42.19 0.9897 high
67.50 434.53 97.50 42.19 0.9946 high
67.50 442.97 101.25 40.08 0.9926 high
67.50 451.41 101.25 37.97 0.9903 high
67.50 457.73 101.25 35.86 0.9913 high
67.50 461.95 101.25 35.86 0.9953 high
71.25 468.28 101.25 35.86 0.9900 high
71.25 470.39 101.25 35.86 0.9882 high
75.00 472.50 97.50 37.97 0.9878 high
78.75 472.50 97.50 42.19 0.9852 high
78.75 472.50 97.50 46.41 0.9895 high
86.25 472.50 93.75 48.52 0.9911 high
93.75 472.50 82.50 50.62 0.9927 high
101.25 472.50 82.50 52.73 0.9869 high
105.00 474.61 82.50 52.73 0.9847 high
112.50 476.72 82.50 52.73 0.9932 high
120.00 476.72 82.50 54.84 0.9835 high
127.50 478.83 82.50 54.84 0.9861 high
138.75 480.94 78.75 54.84 0.9920 high
146.25 485.16 82.50 52.73 0.9924 high
161.25 487.27 82.50 52.73 0.9881 high
172.50 491.48 86.25 48.52 0.9900 high
191.25 495.70 78.75 44.30 0.9933 high
202.50 495.70 82.50 46.41 0.9908 high
217.50 499.92 82.50 44.30 0.9879 high
232.50 502.03 82.50 42.19 0.9937 high
247.50 504.14 82.50 40.08 0.9918 high
262.50 504.14 82.50 42.19 0.9874 high
281.25 508.36 82.50 37.97 0.9967 high
296.25 506.25 82.50 42.19 0.9870 high
311.25 508.36 82.50 40.08 0.9868 high
330.00 508.36 78.75 42.19 0.9821 high
345.00 510.47 82.50 42.19 0.9869 high
363.75 512.58 82.50 40.08 0.9930 high
382.50 512.58 78.75 42.19 0.9914 high
401.25 514.69 75.00 42.19 0.9915 high
420.00 514.69 75.00 42.19 0.9859 high
438.75 516.80 75.00 42.19 0.9879 high
457.50 518.91 71.25 40.08 0.9925 high
476.25 518.91 71.25 42.19 0.9914 high
495.00 521.02 67.50 40.08 0.9931 high
513.75 523.12 67.50 40.08 0.9855 high
532.50 525.23 67.50 37.97 0.9941 high
555.00 525.23 67.50 40.08 0.9876 high
573.75 527.34 67.50 37.97 0.9935 high
596.25 529.45 63.75 37.97 0.9894 high
615.00 529.45 63.75 37.97 0.9986 high
637.50 533.67 63.75 35.86 0.9905 high
660.00 535.78 63.75 33.75 0.9965 high
678.75 537.89 56.25 31.64 0.9855 high
701.25 540.00 41.25 27.42 0.9951 high
-100 -100 -100 -100 0.0000 coast_none
-100 -100 -100 -100 0.0000 coast_none
780.00 550.55 33.75 21.09 0.9905 high
806.25 550.55 30.00 23.20 0.9502 high
-100 -100 -100 -100 0.0000 coast_none
-100 -100 -100 -100 0.0000 coast_none
750.00 324.84 37.50 18.98 0.9807 reinit
750.00 324.84 41.25 18.98 0.9711 high
753.75 326.95 33.75 16.88 0.9654 high
761.25 326.95 26.25 14.77 0.9776 high
763.01 327.57 24.02 13.96 0.0000 coast
766.20 328.16 20.24 12.77 0.0000 coast
746.25 324.84 45.00 23.20 0.9783 reinit
750.00 326.95 41.25 16.88 0.9653 high
750.00 326.95 37.50 18.98 0.9779 high
757.50 326.95 30.00 16.88 0.9771 high
753.75 326.95 33.75 16.88 0.9732 high
761.25 326.95 26.25 16.88 0.9477 high
761.25 326.95 30.00 16.88 0.9611 high
761.25 326.95 30.00 14.77 0.9629 high
761.25 326.95 30.00 16.88 0.9772 high
757.50 326.95 30.00 16.88 0.9768 high
753.75 326.95 33.75 16.88 0.9711 high
755.88 327.00 31.84 16.59 0.0000 coast
761.25 326.95 26.25 16.88 0.9835 high
757.50 326.95 30.00 16.88 0.9834 high
753.75 326.95 37.50 16.88 0.9751 high
750.00 324.84 41.25 23.20 0.9536 high
746.25 324.84 45.00 23.20 0.9717 high
746.25 324.84 45.00 25.31 0.9766 high
745.92 324.72 45.65 24.96 0.0000 coast
745.11 324.56 46.70 25.53 0.0000 coast
761.25 326.95 26.25 16.88 0.9788 reinit
761.25 326.95 26.25 16.88 0.9826 high
761.25 326.95 26.25 16.88 0.0000 coast
761.25 326.95 26.25 16.88 0.0000 coast
746.25 326.95 41.25 25.31 0.9769 high
743.66 326.95 43.84 26.77 0.0000 coast
740.21 326.95 47.29 28.71 0.0000 coast
746.25 326.95 45.00 25.31 0.9433 high
741.62 326.95 49.16 27.92 0.0000 coast
746.25 326.95 41.25 23.20 0.9644 high
746.25 326.95 41.25 23.20 0.9738 high
746.25 326.95 41.25 25.31 0.9700 high
746.25 326.95 41.25 27.42 0.9762 high
750.00 326.95 37.50 21.09 0.9755 high
746.25 326.95 41.25 21.09 0.9749 high
750.00 326.95 37.50 21.09 0.9826 high
750.00 326.95 37.50 21.09 0.9802 high
748.75 326.95 38.71 21.40 0.0000 coast
-100 -100 -100 -100 0.0000 coast_none
1158.75 124.45 60.00 33.75 0.9850 reinit
1158.75 116.02 63.75 33.75 0.9872 high
1158.75 105.47 63.75 35.86 0.9863 high
1158.75 97.03 63.75 35.86 0.9848 high
1158.75 90.70 63.75 33.75 0.9881 high
1158.75 82.27 63.75 35.86 0.9862 high
1162.50 73.83 56.25 37.97 0.9906 high
1166.25 63.28 56.25 44.30 0.9895 high
1170.00 59.06 52.50 44.30 0.9902 high
1173.75 54.84 48.75 44.30 0.9900 high
1173.75 50.62 48.75 44.30 0.9866 high
1170.00 48.52 52.50 46.41 0.9816 high
1166.25 46.41 56.25 46.41 0.9841 high
1170.00 44.30 52.50 44.30 0.9927 high
1166.25 44.30 52.50 44.30 0.9866 high
1166.25 42.19 52.50 44.30 0.9892 high
1158.75 44.30 56.25 44.30 0.9851 high
1158.75 42.19 56.25 44.30 0.9908 high
1151.25 42.19 60.00 44.30 0.9932 high
1151.25 42.19 56.25 42.19 0.9885 high
1147.50 44.30 56.25 40.08 0.9928 high
1143.75 42.19 56.25 42.19 0.9872 high
1136.25 42.19 60.00 42.19 0.9900 high
1136.25 44.30 56.25 37.97 0.9892 high
1128.75 42.19 60.00 42.19 0.9818 high
1121.25 42.19 60.00 40.08 0.9949 high
1117.50 42.19 60.00 40.08 0.9919 high
1110.00 42.19 60.00 40.08 0.9928 high
1102.50 44.30 60.00 37.97 0.9922 high
1095.00 44.30 60.00 37.97 0.9899 high
1091.25 44.30 56.25 37.97 0.9914 high
1083.75 44.30 56.25 37.97 0.9945 high
1076.25 44.30 60.00 37.97 0.9920 high
1068.75 42.19 60.00 37.97 0.9929 high
1061.25 42.19 60.00 37.97 0.9894 high
1053.75 42.19 60.00 37.97 0.9936 high
1046.25 40.08 60.00 37.97 0.9922 high
1038.75 37.97 60.00 40.08 0.9909 high
1027.50 40.08 60.00 37.97 0.9884 high
1023.75 35.86 56.25 40.08 0.9916 high
1012.50 35.86 60.00 40.08 0.9829 high
1001.25 35.86 60.00 40.08 0.9917 high
993.75 35.86 60.00 40.08 0.9871 high
986.25 33.75 56.25 42.19 0.9923 high
975.00 33.75 56.25 42.19 0.9948 high
967.50 35.86 56.25 37.97 0.9926 high
956.25 33.75 56.25 40.08 0.9906 high
945.00 33.75 56.25 40.08 0.9915 high
933.75 33.75 60.00 40.08 0.9845 high
926.25 33.75 56.25 40.08 0.9927 high
915.00 33.75 56.25 42.19 0.9895 high
903.75 33.75 60.00 42.19 0.9895 high
892.50 37.97 56.25 40.08 0.9871 high
881.25 40.08 56.25 40.08 0.9930 high
870.00 40.08 56.25 40.08 0.9971 high
858.75 44.30 60.00 40.08 0.9896 high
847.50 46.41 60.00 42.19 0.9808 high
836.25 50.62 56.25 40.08 0.9950 high
825.00 52.73 56.25 42.19 0.9910 high
813.75 59.06 56.25 40.08 0.9830 high
802.50 63.28 56.25 40.08 0.9920 high
791.25 67.50 56.25 40.08 0.9964 high
776.25 73.83 60.00 40.08 0.9891 high
768.75 78.05 56.25 42.19 0.9881 high
753.75 86.48 56.25 37.97 0.9918 high
742.50 94.92 56.25 37.97 0.9902 high
727.50 99.14 60.00 40.08 0.9873 high
712.50 107.58 60.00 40.08 0.9912 high
705.00 113.91 56.25 40.08 0.9919 high
690.00 122.34 56.25 37.97 0.9912 high
678.75 128.67 56.25 40.08 0.9886 high
663.75 137.11 63.75 37.97 0.9839 high
652.50 145.55 63.75 37.97 0.9905 high
637.50 151.88 63.75 37.97 0.9837 high
622.50 160.31 60.00 37.97 0.9897 high
607.50 166.64 63.75 37.97 0.9936 high
592.50 175.08 63.75 37.97 0.9925 high
573.75 183.52 75.00 37.97 0.9826 high
562.50 191.95 67.50 35.86 0.9867 high
547.50 196.17 63.75 40.08 0.9866 high
536.25 204.61 60.00 37.97 0.9931 high
517.50 213.05 71.25 37.97 0.9873 high
506.25 223.59 67.50 33.75 0.9873 high
491.25 229.92 67.50 33.75 0.9817 high
476.25 234.14 67.50 35.86 0.9858 high
457.50 240.47 75.00 37.97 0.9873 high
446.25 246.80 67.50 37.97 0.9893 high
435.00 255.23 63.75 35.86 0.9910 high
420.00 259.45 67.50 37.97 0.9831 high
408.75 261.56 67.50 42.19 0.9834 high
401.25 267.89 60.00 42.19 0.9943 high
393.75 274.22 60.00 42.19 0.9865 high
382.50 276.33 60.00 44.30 0.9863 high
375.00 280.55 56.25 44.30 0.9813 high
371.25 284.77 56.25 46.41 0.9834 high
363.75 291.09 56.25 46.41 0.9888 high
356.25 293.20 60.00 48.52 0.9839 high
352.50 297.42 60.00 50.62 0.9848 high
348.75 301.64 63.75 50.62 0.9908 high
352.50 310.08 56.25 46.41 0.9950 high
348.75 316.41 60.00 44.30 0.9833 high
348.75 320.62 60.00 42.19 0.9869 high
352.50 324.84 60.00 42.19 0.9868 high
356.25 331.17 60.00 40.08 0.9900 high
360.00 335.39 63.75 40.08 0.9864 high
367.50 337.50 60.00 40.08 0.9888 high
367.50 339.61 67.50 37.97 0.9868 high
375.00 341.72 67.50 37.97 0.9923 high
382.50 343.83 67.50 35.86 0.9898 high
393.75 345.94 63.75 35.86 0.9868 high
401.25 345.94 63.75 35.86 0.9833 high
412.50 345.94 63.75 35.86 0.9905 high
420.00 345.94 63.75 35.86 0.9902 high
431.25 348.05 63.75 33.75 0.9941 high
442.50 345.94 63.75 35.86 0.9901 high
453.75 348.05 63.75 31.64 0.9975 high
465.00 345.94 60.00 33.75 0.9920 high
476.25 345.94 60.00 33.75 0.9917 high
487.50 345.94 60.00 33.75 0.9894 high
498.75 343.83 56.25 33.75 0.9949 high
510.00 343.83 60.00 33.75 0.9887 high
521.25 343.83 60.00 33.75 0.9921 high
