62.50 178.59 132.50 54.84 0.9827 init
80.00 184.22 125.00 54.84 0.9783 high
92.50 184.22 127.50 52.03 0.9779 high
137.50 194.06 135.00 49.22 0.9784 high
160.00 206.72 142.50 53.44 0.9802 high
175.00 203.91 132.50 52.03 0.9849 high
207.50 202.50 137.50 53.44 0.9811 high
227.50 210.94 142.50 54.84 0.9821 high
242.50 203.91 140.00 50.62 0.9834 high
260.00 203.91 145.00 53.44 0.9828 high
280.00 203.91 150.00 52.03 0.9825 high
297.50 209.53 147.50 52.03 0.9790 high
302.50 212.34 150.00 50.62 0.9792 high
335.00 202.50 152.50 50.62 0.9772 high
337.50 202.50 150.00 52.03 0.9769 high
320.00 199.69 157.50 49.22 0.9766 high
355.00 184.22 150.00 49.22 0.9809 high
367.50 182.81 150.00 50.62 0.9804 high
355.00 187.03 157.50 50.62 0.9805 high
367.50 172.97 165.00 47.81 0.9763 high
397.50 168.75 155.00 50.62 0.9772 high
382.50 175.78 155.00 50.62 0.9774 high
380.00 170.16 155.00 49.22 0.9815 high
405.00 150.47 155.00 50.62 0.9747 high
400.00 149.06 155.00 50.62 0.9781 high
414.79 147.12 156.11 50.39 0.0000 coast
387.50 142.03 160.00 50.62 0.9786 high
407.50 140.62 160.00 50.62 0.9771 high
385.00 150.47 155.00 52.03 0.9805 high
387.50 143.44 155.00 49.22 0.9814 high
402.50 118.12 157.50 50.62 0.9805 high
370.00 113.91 162.50 52.03 0.9769 high
360.00 113.91 155.00 50.62 0.9811 high
382.50 98.44 152.50 50.62 0.9815 high
370.00 94.22 165.00 52.03 0.9797 high
362.50 104.06 152.50 52.03 0.9808 high
365.00 92.81 152.50 49.22 0.9787 high
355.00 73.12 157.50 52.03 0.9794 high
347.50 74.53 152.50 53.44 0.9822 high
337.50 74.53 152.50 52.03 0.9812 high
317.50 57.66 157.50 52.03 0.9794 high
300.00 54.84 152.50 53.44 0.9750 high
302.50 56.25 152.50 53.44 0.9797 high
295.00 39.38 160.00 54.84 0.9768 high
300.00 28.12 132.50 56.25 0.9774 high
292.50 32.34 135.00 54.84 0.9718 high
292.50 32.34 147.50 54.84 0.9784 high
277.50 28.12 152.50 52.03 0.9728 high
247.50 33.75 165.00 59.06 0.9725 high
272.50 35.16 152.50 53.44 0.9640 high
258.76 28.30 156.10 55.02 0.0000 coast
253.07 24.86 156.76 55.17 0.0000 coast
532.50 278.44 20.00 7.03 0.9582 reinit
532.50 278.44 20.00 7.03 0.0000 coast
532.50 278.44 20.00 7.03 0.0000 coast
272.50 16.88 95.00 33.75 0.9600 reinit
272.50 16.88 95.00 33.75 0.0000 coast
272.50 16.88 95.00 33.75 0.0000 coast
280.00 0.00 72.50 37.97 0.9673 high
-100 -100 -100 -100 0.0000 coast_none
295.00 2.81 52.50 21.09 0.9561 high
295.00 2.81 45.00 32.34 0.9442 high
299.21 1.68 37.32 30.06 0.0000 coast
302.85 0.88 29.51 29.92 0.0000 coast
415.00 278.44 57.50 18.28 0.9546 reinit
397.50 284.06 60.00 25.31 0.9673 high
396.20 284.48 60.19 25.84 0.0000 coast
-100 -100 -100 -100 0.0000 coast_none
155.00 46.41 155.00 54.84 0.9598 reinit
140.00 40.78 155.00 60.47 0.9703 high
137.50 37.97 172.50 35.16 0.9579 high
150.00 42.19 155.00 59.06 0.9693 high
130.00 40.78 165.00 60.47 0.9724 high
130.00 40.78 155.00 61.88 0.9651 high
130.00 43.59 165.00 60.47 0.9716 high
142.50 42.19 132.50 42.19 0.9668 high
105.00 47.81 125.00 53.44 0.9629 high
117.50 32.34 102.50 40.78 0.9604 high
-100 -100 -100 -100 0.0000 coast_none
-100 -100 -100 -100 0.0000 coast_none
222.50 243.28 42.50 12.66 0.9463 reinit
215.00 239.06 37.50 11.25 0.9492 high
214.44 238.75 37.13 11.15 0.0000 coast
-100 -100 -100 -100 0.0000 coast_none
340.00 160.31 40.00 26.72 0.9525 reinit
340.00 160.31 40.00 26.72 0.0000 coast
-100 -100 -100 -100 0.0000 coast_none
7.50 2.81 85.00 26.72 0.9741 reinit
-100 -100 -100 -100 0.0000 coast_none
-100 -100 -100 -100 0.0000 coast_none
80.00 32.34 92.50 42.19 0.9563 reinit
80.00 35.16 95.00 42.19 0.9533 high
80.00 35.37 95.19 42.19 0.0000 coast
80.00 35.95 95.70 42.19 0.0000 coast
72.50 47.81 157.50 59.06 0.9729 high
102.50 54.84 147.50 57.66 0.9537 high
122.50 63.28 160.00 60.47 0.9715 high
122.50 78.75 167.50 60.47 0.9729 high
117.50 92.81 160.00 59.06 0.9755 high
137.50 108.28 167.50 59.06 0.9714 high
152.50 118.12 160.00 57.66 0.9791 high
155.00 126.56 172.50 59.06 0.9728 high
155.00 122.34 160.00 56.25 0.9791 high
145.00 102.66 162.50 59.06 0.9814 high
152.50 102.66 160.00 57.66 0.9785 high
145.00 101.25 170.00 60.47 0.9765 high
157.50 101.25 162.50 57.66 0.9786 high
155.00 99.84 160.00 60.47 0.9751 high
142.50 97.03 170.00 59.06 0.9751 high
130.00 88.59 160.00 59.06 0.9798 high
130.00 87.19 170.00 61.88 0.9808 high
117.50 101.25 162.50 60.47 0.9780 high
92.50 102.66 167.50 63.28 0.9792 high
90.00 109.69 170.00 61.88 0.9835 high
87.50 118.12 162.50 64.69 0.9815 high
77.50 126.56 177.50 63.28 0.9829 high
62.50 120.94 165.00 61.88 0.9763 high
47.50 90.00 172.50 57.66 0.9809 high
40.00 71.72 172.50 61.88 0.9757 high
57.50 80.16 135.00 57.66 0.9774 high
70.00 85.78 130.00 57.66 0.9723 high
62.50 80.16 140.00 59.06 0.9706 high
50.00 80.16 135.00 59.06 0.9736 high
42.50 88.59 127.50 60.47 0.9695 high
57.50 91.41 117.50 60.47 0.9781 high
55.00 87.19 105.00 60.47 0.9724 high
17.50 88.59 120.00 61.88 0.9767 high
30.00 88.59 112.50 59.06 0.9743 high
27.50 75.94 117.50 60.47 0.9719 high
20.00 70.31 100.00 54.84 0.9785 high
12.50 71.72 97.50 63.28 0.9857 high
8.61 69.71 94.96 61.46 0.0000 coast
20.00 74.53 100.00 46.41 0.9700 high
12.50 75.94 85.00 47.81 0.9800 high
12.50 71.72 97.50 63.28 0.9824 high
10.00 71.72 112.50 64.69 0.9829 high
25.00 80.16 85.00 45.00 0.9788 high
17.50 87.19 92.50 49.22 0.9794 high
17.50 87.19 102.50 53.44 0.9719 high
17.50 87.19 72.50 43.59 0.9752 high
7.50 90.00 62.50 40.78 0.9817 high
17.50 91.41 72.50 46.41 0.9751 high
14.19 92.30 67.09 44.27 0.0000 coast
22.50 101.25 82.50 43.59 0.9619 high
21.17 101.94 78.48 42.91 0.0000 coast
21.47 104.03 77.76 42.23 0.0000 coast
20.00 97.03 122.50 52.03 0.9741 reinit
20.00 90.00 105.00 54.84 0.9796 high
10.00 82.97 120.00 52.03 0.9772 high
35.00 75.94 110.00 66.09 0.9761 high
10.00 73.12 125.00 50.62 0.9771 high
10.00 73.12 132.50 47.81 0.9781 high
27.50 66.09 117.50 66.09 0.9789 high
15.00 60.47 130.00 64.69 0.9719 high
17.50 59.06 127.50 50.62 0.9694 high
15.00 59.06 122.50 64.69 0.9699 high
30.00 52.03 122.50 67.50 0.9717 high
35.00 64.69 117.50 68.91 0.9732 high
25.00 68.91 130.00 67.50 0.9717 high
50.00 54.84 102.50 67.50 0.9754 high
42.50 60.47 112.50 64.69 0.9719 high
45.53 57.35 111.35 66.73 0.0000 coast
22.50 59.06 132.50 67.50 0.9781 high
40.00 57.66 110.00 67.50 0.9739 high
32.50 60.47 122.50 67.50 0.9709 high
25.00 52.03 122.50 67.50 0.9767 high
22.50 46.41 122.50 57.66 0.9734 high
27.50 45.00 120.00 67.50 0.9730 high
30.00 35.16 122.50 45.00 0.9725 high
17.50 28.12 102.50 71.72 0.9751 high
17.50 16.88 125.00 53.44 0.9769 high
30.00 14.06 95.00 46.41 0.9766 high
17.50 9.84 107.50 47.81 0.9796 high
18.97 5.85 105.02 46.50 0.0000 coast
10.00 11.25 82.50 35.16 0.9733 high
15.00 11.25 97.50 47.81 0.9685 high
10.00 2.81 70.00 50.62 0.9823 high
15.00 1.41 67.50 50.62 0.9754 high
15.00 16.88 70.00 33.75 0.9680 high
13.95 11.11 64.88 35.94 0.0000 coast
13.50 10.37 61.17 33.82 0.0000 coast
10.00 25.31 97.50 47.81 0.9795 reinit
7.50 25.31 82.50 52.03 0.9759 high
7.50 30.94 75.00 45.00 0.9813 high
10.00 42.19 77.50 50.62 0.9786 high
20.00 52.03 77.50 53.44 0.9620 high
7.50 68.91 97.50 47.81 0.9730 high
10.00 70.31 95.00 59.06 0.9703 high
7.50 66.09 95.00 49.22 0.9778 high
8.64 78.12 97.96 52.22 0.0000 coast
8.64 85.27 100.23 52.63 0.0000 coast
7.50 63.28 52.50 49.22 0.9840 reinit
7.50 63.28 52.50 49.22 0.0000 coast
-100 -100 -100 -100 0.0000 coast_none
1030.00 348.75 32.50 16.88 0.9912 reinit
1022.50 340.31 37.50 15.47 0.9846 high
1021.94 339.68 37.87 15.36 0.0000 coast
1020.39 337.94 38.90 15.07 0.0000 coast
1105.00 333.28 20.00 11.25 0.9894 reinit
1105.00 333.28 20.00 11.25 0.0000 coast
-100 -100 -100 -100 0.0000 coast_none
935.00 285.47 72.50 36.56 0.9852 reinit
935.00 285.47 72.50 36.56 0.0000 coast
955.00 298.12 35.00 18.28 0.9751 high
940.00 303.75 37.50 19.69 0.9888 high
940.00 302.34 37.50 21.09 0.9822 high
-100 -100 -100 -100 0.0000 coast_none
937.50 323.44 27.50 15.47 0.9673 high
935.80 328.24 24.03 14.11 0.0000 coast
934.26 334.48 20.28 12.45 0.0000 coast
887.50 341.72 30.00 14.06 0.9797 reinit
887.50 341.72 30.00 14.06 0.0000 coast
887.50 341.72 30.00 14.06 0.0000 coast
840.00 331.88 32.50 19.69 0.9827 reinit
840.00 331.88 32.50 19.69 0.0000 coast
840.00 331.88 32.50 19.69 0.0000 coast
772.50 336.09 30.00 12.66 0.9794 reinit
772.50 336.09 30.00 12.66 0.0000 coast
772.50 336.09 30.00 12.66 0.0000 coast
757.50 337.50 27.50 14.06 0.9609 high
754.97 337.74 27.08 14.30 0.0000 coast
-100 -100 -100 -100 0.0000 coast_none
15.00 22.50 102.50 53.44 0.9788 reinit
15.00 30.94 105.00 50.62 0.9755 high
17.50 43.59 127.50 53.44 0.9614 high
10.00 54.84 135.00 80.16 0.9770 high
30.00 61.88 137.50 81.56 0.9702 high
40.00 68.91 157.50 80.16 0.9691 high
37.50 81.56 155.00 81.56 0.9749 high
50.00 81.56 135.00 81.56 0.9676 high
52.50 82.97 140.00 82.97 0.9672 high
32.50 98.44 162.50 81.56 0.9747 high
42.50 105.47 160.00 81.56 0.9729 high
42.50 101.25 160.00 82.97 0.9683 high
52.50 104.06 137.50 81.56 0.9687 high
52.50 106.88 157.50 82.97 0.9800 high
37.50 105.47 185.00 81.56 0.9592 high
50.00 95.62 155.00 82.97 0.9726 high
57.50 97.03 125.00 81.56 0.9706 high
52.50 104.06 160.00 84.38 0.9759 high
45.00 104.06 190.00 82.97 0.9667 high
40.00 106.88 165.00 87.19 0.9763 high
52.50 120.94 160.00 84.38 0.9708 high
50.00 127.97 195.00 82.97 0.9719 high
52.50 123.75 175.00 84.38 0.9748 high
45.00 137.81 180.00 85.78 0.9640 high
20.00 147.66 240.00 84.38 0.9671 high
37.50 139.22 212.50 85.78 0.9834 high
32.50 143.44 210.00 85.78 0.9746 high
30.00 142.03 237.50 85.78 0.9719 high
35.00 126.56 237.50 90.00 0.9754 high
37.50 129.38 215.00 88.59 0.9795 high
37.50 129.38 215.00 88.59 0.9799 high
57.50 129.38 245.00 82.97 0.9711 high
55.00 130.78 235.00 91.41 0.9777 high
62.50 142.03 220.00 95.62 0.9808 high
87.50 140.62 242.50 84.38 0.9740 high
112.50 133.59 242.50 92.81 0.9724 high
100.00 156.09 222.50 87.19 0.9784 high
110.00 150.47 247.50 90.00 0.9751 high
132.50 150.47 252.50 88.59 0.9734 high
120.00 163.12 232.50 94.22 0.9762 high
135.00 161.72 227.50 87.19 0.9780 high
142.50 150.47 262.50 90.00 0.9735 high
157.50 158.91 227.50 91.41 0.9703 high
170.00 157.50 225.00 90.00 0.9670 high
195.00 144.84 230.00 90.00 0.9578 high
205.00 160.31 222.50 88.59 0.9636 high
225.00 156.09 182.50 75.94 0.9420 high
231.39 157.92 193.24 79.33 0.0000 coast
242.07 159.04 189.81 78.32 0.0000 coast
292.50 172.97 42.50 35.16 0.9743 reinit
292.50 172.97 42.50 35.16 0.0000 coast
292.50 172.97 42.50 35.16 0.0000 coast
322.50 172.97 50.00 30.94 0.9771 high
327.56 172.97 51.26 30.23 0.0000 coast
333.97 172.97 52.87 29.32 0.0000 coast
370.00 156.09 37.50 26.72 0.9752 reinit
-100 -100 -100 -100 0.0000 coast_none
-100 -100 -100 -100 0.0000 coast_none
395.00 127.97 12.50 18.28 0.9920 reinit
395.00 127.97 12.50 18.28 0.0000 coast
395.00 127.97 12.50 18.28 0.0000 coast
350.00 53.44 192.50 91.41 0.9578 reinit
360.00 61.88 222.50 91.41 0.9597 high
370.00 60.47 267.50 73.12 0.9591 high
362.50 78.75 260.00 92.81 0.9701 high
375.00 75.94 247.50 94.22 0.9681 high
385.00 61.88 262.50 94.22 0.9762 high
382.50 63.28 280.00 98.44 0.9704 high
357.50 56.25 255.00 95.62 0.9787 high
360.00 50.62 250.00 87.19 0.9744 high
365.00 46.41 277.50 92.81 0.9750 high
370.00 50.62 285.00 94.22 0.9750 high
377.50 63.28 250.00 101.25 0.9715 high
375.00 77.34 270.00 92.81 0.9800 high
380.00 78.75 282.50 99.84 0.9742 high
370.00 94.22 252.50 94.22 0.9766 high
362.50 104.06 260.00 97.03 0.9756 high
342.50 95.62 285.00 99.84 0.9786 high
332.50 111.09 275.00 94.22 0.9721 high
330.00 112.50 255.00 101.25 0.9768 high
332.50 123.75 267.50 94.22 0.9752 high
287.50 120.94 295.00 97.03 0.9750 high
277.50 118.12 282.50 95.62 0.9705 high
320.00 111.09 257.50 94.22 0.9735 high
337.50 77.34 260.00 95.62 0.9751 high
340.00 54.84 280.00 94.22 0.9758 high
350.00 50.62 292.50 91.41 0.9689 high
340.00 22.50 275.00 99.84 0.9747 high
307.50 16.88 267.50 98.44 0.9673 high
317.30 13.56 273.22 98.35 0.0000 coast
315.29 6.92 274.03 98.63 0.0000 coast
632.50 375.47 37.50 26.72 0.9701 reinit
632.50 375.47 37.50 26.72 0.0000 coast
632.50 375.47 37.50 26.72 0.0000 coast
620.00 378.28 45.00 19.69 0.8947 high
-100 -100 -100 -100 0.0000 coast_none
-100 -100 -100 -100 0.0000 coast_none
650.00 296.72 55.00 35.16 0.9597 reinit
-100 -100 -100 -100 0.0000 coast_none
-100 -100 -100 -100 0.0000 coast_none
515.00 172.97 27.50 14.06 0.9820 reinit
-100 -100 -100 -100 0.0000 coast_none
-100 -100 -100 -100 0.0000 coast_none
350.00 220.78 27.50 12.66 0.9810 reinit
350.00 220.78 27.50 12.66 0.0000 coast
350.00 220.78 27.50 12.66 0.0000 coast
247.50 246.09 22.50 12.66 0.9908 reinit
-100 -100 -100 -100 0.0000 coast_none
-100 -100 -100 -100 0.0000 coast_none
65.00 392.34 20.00 7.03 0.9129 reinit
65.00 392.34 20.00 7.03 0.0000 coast
-100 -100 -100 -100 0.0000 coast_none
290.00 264.38 20.00 12.66 0.9666 reinit
-100 -100 -100 -100 0.0000 coast_none
-100 -100 -100 -100 0.0000 coast_none
160.00 367.03 42.50 18.28 0.9880 reinit
160.00 367.03 42.50 18.28 0.0000 coast
-100 -100 -100 -100 0.0000 coast_none
272.50 388.12 25.00 15.47 0.9896 reinit
-100 -100 -100 -100 0.0000 coast_none
-100 -100 -100 -100 0.0000 coast_none
715.00 22.50 15.00 14.06 0.9775 reinit
-100 -100 -100 -100 0.0000 coast_none
-100 -100 -100 -100 0.0000 coast_none
685.00 25.31 180.00 74.53 0.9637 reinit
687.50 19.69 230.00 85.78 0.9703 high
687.50 19.69 230.00 85.78 0.9702 high
700.00 57.66 210.00 70.31 0.9754 high
707.50 56.25 205.00 71.72 0.9735 high
707.50 56.25 205.00 71.72 0.9742 high
695.00 92.81 172.50 59.06 0.9826 high
697.50 90.00 182.50 61.88 0.9799 high
697.50 90.00 182.50 61.88 0.9802 high
690.00 106.88 160.00 59.06 0.9854 high
685.00 111.09 160.00 57.66 0.9836 high
685.00 111.09 160.00 57.66 0.9854 high
684.07 121.35 153.34 55.07 0.0000 coast
665.00 158.91 125.00 43.59 0.9869 high
657.50 157.50 132.50 45.00 0.9877 high
657.50 157.50 132.50 45.00 0.9885 high
652.85 169.84 124.44 41.72 0.0000 coast
652.50 201.09 95.00 33.75 0.9862 high
655.00 202.50 95.00 32.34 0.9861 high
657.50 206.72 90.00 32.34 0.9853 high
660.00 209.53 85.00 30.94 0.9849 high
660.00 209.53 87.50 30.94 0.9913 high
652.50 212.34 95.00 32.34 0.9871 high
645.00 216.56 95.00 30.94 0.9902 high
645.00 212.34 87.50 32.34 0.9848 high
642.50 209.53 87.50 30.94 0.9891 high
645.00 210.94 87.50 32.34 0.9903 high
650.00 210.94 95.00 32.34 0.9880 high
657.50 205.31 90.00 30.94 0.9879 high
665.00 199.69 85.00 32.34 0.9894 high
670.00 199.69 85.00 32.34 0.9824 high
675.00 198.28 92.50 32.34 0.9873 high
680.00 199.69 92.50 32.34 0.9871 high
680.00 196.88 87.50 32.34 0.9875 high
682.50 195.47 85.00 32.34 0.9889 high
680.00 196.88 92.50 30.94 0.9881 high
675.00 199.69 90.00 30.94 0.9903 high
675.00 196.88 82.50 30.94 0.9865 high
675.00 192.66 87.50 30.94 0.9889 high
667.50 196.88 95.00 32.34 0.9861 high
665.00 199.69 85.00 30.94 0.9858 high
660.00 199.69 85.00 30.94 0.9877 high
657.50 195.47 92.50 29.53 0.9887 high
657.50 192.66 85.00 30.94 0.9890 high
650.00 191.25 90.00 29.53 0.9842 high
650.00 191.25 90.00 30.94 0.9841 high
645.00 188.44 85.00 30.94 0.9896 high
637.50 184.22 90.00 32.34 0.9830 high
632.50 184.22 82.50 30.94 0.9868 high
627.50 182.81 90.00 30.94 0.9868 high
622.50 180.00 82.50 32.34 0.9851 high
615.00 180.00 82.50 33.75 0.9939 high
610.00 180.00 90.00 33.75 0.9851 high
605.00 180.00 87.50 33.75 0.9879 high
602.50 178.59 80.00 33.75 0.9894 high
600.00 177.19 85.00 33.75 0.9861 high
597.50 175.78 85.00 32.34 0.9903 high
595.00 171.56 80.00 33.75 0.9929 high
590.00 167.34 82.50 32.34 0.9884 high
585.00 167.34 80.00 33.75 0.9888 high
580.00 168.75 80.00 33.75 0.9887 high
577.50 164.53 85.00 36.56 0.9865 high
575.00 163.12 77.50 36.56 0.9909 high
577.50 160.31 82.50 36.56 0.9817 high
577.50 156.09 72.50 36.56 0.9930 high
577.50 156.09 80.00 36.56 0.9899 high
580.00 154.69 77.50 35.16 0.9844 high
582.50 151.88 72.50 36.56 0.9860 high
582.50 153.28 77.50 37.97 0.9867 high
580.00 156.09 72.50 35.16 0.9891 high
580.00 150.47 70.00 35.16 0.9862 high
582.50 147.66 67.50 33.75 0.9858 high
582.50 147.66 70.00 36.56 0.9810 high
582.50 150.47 72.50 33.75 0.9916 high
587.50 151.88 70.00 33.75 0.9854 high
590.00 158.91 67.50 33.75 0.9907 high
595.00 157.50 65.00 35.16 0.9911 high
600.00 157.50 65.00 33.75 0.9908 high
602.50 160.31 65.00 32.34 0.9817 high
605.00 163.12 65.00 32.34 0.9880 high
612.50 163.12 62.50 32.34 0.9884 high
625.00 163.12 60.00 32.34 0.9878 high
632.50 160.31 62.50 32.34 0.9852 high
637.50 163.12 65.00 32.34 0.9902 high
647.50 160.31 62.50 32.34 0.9912 high
652.50 160.31 62.50 30.94 0.9892 high
655.00 158.91 67.50 32.34 0.9931 high
660.00 157.50 65.00 33.75 0.9885 high
662.50 157.50 67.50 32.34 0.9892 high
660.00 158.91 67.50 30.94 0.9870 high
670.00 158.91 62.50 30.94 0.9892 high
680.00 157.50 62.50 30.94 0.9882 high
682.50 157.50 67.50 32.34 0.9894 high
697.50 165.94 65.00 30.94 0.9864 high
705.00 168.75 67.50 30.94 0.9864 high
707.50 171.56 65.00 29.53 0.9928 high
712.50 172.97 60.00 30.94 0.9896 high
712.50 174.38 60.00 29.53 0.9846 high
715.00 171.56 62.50 30.94 0.9871 high
720.00 171.56 62.50 29.53 0.9914 high
720.00 171.56 65.00 29.53 0.9880 high
725.00 171.56 60.00 29.53 0.9878 high
727.50 167.34 62.50 29.53 0.9909 high
732.50 165.94 62.50 29.53 0.9871 high
732.50 164.53 62.50 30.94 0.9858 high
730.00 164.53 62.50 28.12 0.9891 high
730.00 161.72 60.00 29.53 0.9896 high
727.50 160.31 62.50 29.53 0.9862 high
730.00 164.53 60.00 29.53 0.9908 high
730.00 164.53 62.50 30.94 0.9853 high
735.00 164.53 62.50 28.12 0.9868 high
735.00 165.94 62.50 29.53 0.9917 high
740.00 171.56 60.00 29.53 0.9876 high
740.00 180.00 65.00 29.53 0.9858 high
750.00 180.00 60.00 29.53 0.9922 high
745.00 181.41 67.50 28.12 0.9815 high
755.00 181.41 57.50 29.53 0.9863 high
757.50 184.22 60.00 28.12 0.9899 high
760.00 187.03 62.50 28.12 0.9898 high
760.00 192.66 62.50 26.72 0.9924 high
760.00 189.84 60.00 28.12 0.9852 high
767.50 188.44 57.50 28.12 0.9849 high
770.00 188.44 60.00 28.12 0.9869 high
775.00 184.22 60.00 28.12 0.9868 high
775.00 181.41 62.50 28.12 0.9825 high
780.00 181.41 57.50 26.72 0.9888 high
777.50 177.19 62.50 28.12 0.9864 high
782.50 175.78 60.00 28.12 0.9842 high
785.00 175.78 60.00 26.72 0.9865 high
790.00 174.38 60.00 26.72 0.9893 high
795.00 174.38 57.50 26.72 0.9919 high
795.00 174.38 62.50 26.72 0.9925 high
802.50 172.97 60.00 26.72 0.9838 high
802.50 170.16 62.50 26.72 0.9873 high
807.50 170.16 60.00 26.72 0.9948 high
802.50 168.75 65.00 28.12 0.9794 high
810.00 168.75 60.00 26.72 0.9897 high
815.00 167.34 60.00 26.72 0.9900 high
817.50 164.53 60.00 26.72 0.9880 high
817.50 167.34 60.00 26.72 0.9937 high
817.50 165.94 62.50 26.72 0.9882 high
820.00 163.12 60.00 26.72 0.9875 high
820.00 161.72 62.50 26.72 0.9920 high
825.00 160.31 60.00 26.72 0.9925 high
822.50 163.12 62.50 26.72 0.9833 high
822.50 161.72 62.50 26.72 0.9889 high
827.50 160.31 62.50 25.31 0.9931 high
827.50 158.91 62.50 26.72 0.9878 high
827.50 160.31 65.00 25.31 0.9868 high
825.00 157.50 70.00 26.72 0.9849 high
832.50 156.09 65.00 25.31 0.9920 high
835.00 157.50 65.00 25.31 0.9886 high
842.50 153.28 65.00 25.31 0.9940 high
842.50 150.47 70.00 25.31 0.9886 high
845.00 153.28 67.50 25.31 0.9851 high
847.50 154.69 67.50 25.31 0.9946 high
845.00 157.50 70.00 25.31 0.9879 high
840.00 160.31 72.50 23.91 0.9909 high
845.00 160.31 70.00 25.31 0.9883 high
850.00 160.31 70.00 25.31 0.9889 high
855.00 160.31 70.00 25.31 0.9896 high
855.00 161.72 72.50 25.31 0.9892 high
855.00 163.12 72.50 23.91 0.9897 high
855.00 160.31 72.50 23.91 0.9898 high
855.00 160.31 72.50 23.91 0.9878 high
857.50 157.50 72.50 23.91 0.9893 high
855.00 154.69 72.50 25.31 0.9891 high
852.50 157.50 72.50 22.50 0.9928 high
850.00 157.50 72.50 23.91 0.9867 high
847.50 157.50 72.50 22.50 0.9876 high
845.00 160.31 72.50 22.50 0.9790 high
842.50 161.72 70.00 22.50 0.9880 high
837.50 161.72 72.50 21.09 0.9863 high
835.00 165.94 70.00 22.50 0.9892 high
835.00 167.34 70.00 23.91 0.9874 high
832.50 165.94 72.50 23.91 0.9889 high
835.00 167.34 70.00 22.50 0.9891 high
830.00 167.34 72.50 23.91 0.9911 high
830.00 163.12 70.00 23.91 0.9900 high
830.00 163.12 67.50 23.91 0.9886 high
827.50 163.12 67.50 23.91 0.9900 high
825.00 164.53 67.50 22.50 0.9885 high
825.00 164.53 67.50 23.91 0.9903 high
825.00 165.94 65.00 23.91 0.9931 high
825.00 168.75 65.00 23.91 0.9862 high
825.00 170.16 62.50 22.50 0.9922 high
825.00 174.38 62.50 22.50 0.9890 high
822.50 178.59 62.50 22.50 0.9914 high
825.00 178.59 60.00 23.91 0.9885 high
825.00 181.41 60.00 22.50 0.9869 high
827.50 184.22 57.50 22.50 0.9870 high
827.50 184.22 57.50 22.50 0.9885 high
827.50 188.44 55.00 22.50 0.9875 high
832.50 191.25 52.50 22.50 0.9907 high
830.00 191.25 55.00 22.50 0.9928 high
832.50 198.28 50.00 22.50 0.9901 high
830.00 206.72 50.00 22.50 0.9864 high
827.50 210.94 47.50 22.50 0.9885 high
822.50 216.56 47.50 22.50 0.9901 high
817.50 222.19 50.00 22.50 0.9903 high
815.00 225.00 52.50 22.50 0.9921 high
815.00 227.81 50.00 22.50 0.9931 high
812.50 232.03 52.50 22.50 0.9921 high
812.50 234.84 50.00 22.50 0.9895 high
810.00 237.66 57.50 22.50 0.9876 high
810.00 240.47 52.50 21.09 0.9892 high
807.50 244.69 55.00 21.09 0.9900 high
810.00 247.50 52.50 21.09 0.9924 high
807.50 247.50 57.50 21.09 0.9857 high
810.00 250.31 55.00 21.09 0.9942 high
810.00 251.72 55.00 19.69 0.9936 high
807.50 251.72 60.00 21.09 0.9885 high
807.50 257.34 55.00 21.09 0.9929 high
805.00 260.16 57.50 19.69 0.9846 high
805.00 260.16 57.50 21.09 0.9884 high
807.50 262.97 57.50 19.69 0.9818 high
805.00 261.56 60.00 19.69 0.9811 high
810.00 261.56 60.00 19.69 0.9856 high
810.00 262.97 60.00 19.69 0.9852 high
812.50 264.38 55.00 18.28 0.9864 high
807.50 268.59 57.50 18.28 0.9892 high
805.00 270.00 57.50 19.69 0.9875 high
805.00 272.81 57.50 19.69 0.9926 high
805.00 274.22 57.50 19.69 0.9854 high
807.50 274.22 57.50 19.69 0.9851 high
807.50 277.03 55.00 19.69 0.9965 high
810.00 278.44 52.50 18.28 0.9979 high
807.50 278.44 55.00 19.69 0.9915 high
807.50 281.25 55.00 19.69 0.9931 high
807.50 278.44 55.00 21.09 0.9915 high
805.00 279.84 55.00 21.09 0.9926 high
805.00 281.25 52.50 19.69 0.9913 high
805.00 281.25 50.00 19.69 0.9941 high
802.50 281.25 50.00 19.69 0.9861 high
802.50 282.66 50.00 19.69 0.9909 high
800.00 281.25 50.00 19.69 0.9922 high
795.00 282.66 57.50 19.69 0.9870 high
795.00 282.66 55.00 19.69 0.9907 high
795.00 282.66 55.00 19.69 0.9894 high
797.50 284.06 52.50 18.28 0.9859 high
800.00 284.06 47.50 19.69 0.9929 high
800.00 284.06 47.50 18.28 0.9851 high
800.00 284.06 47.50 19.69 0.9811 high
800.00 284.06 47.50 19.69 0.9871 high
802.50 285.47 45.00 18.28 0.9941 high
800.00 286.88 47.50 18.28 0.9901 high
797.50 289.69 50.00 18.28 0.9905 high
795.00 292.50 50.00 19.69 0.9863 high
792.50 296.72 50.00 18.28 0.9909 high
790.00 298.12 50.00 18.28 0.9887 high
792.50 300.94 47.50 19.69 0.9942 high
790.00 303.75 47.50 19.69 0.9923 high
787.50 303.75 47.50 19.69 0.9904 high
785.00 309.38 50.00 18.28 0.9888 high
782.50 312.19 50.00 18.28 0.9866 high
775.00 315.00 57.50 18.28 0.9896 high
775.00 315.00 55.00 18.28 0.9846 high
780.00 315.00 52.50 18.28 0.9918 high
780.00 315.00 50.00 18.28 0.9924 high
777.50 315.00 52.50 19.69 0.9928 high
775.00 316.41 52.50 19.69 0.9925 high
775.00 316.41 50.00 16.88 0.9885 high
770.00 315.00 52.50 18.28 0.9945 high
770.00 313.59 50.00 15.47 0.9934 high
770.00 312.19 50.00 16.88 0.9901 high
770.00 312.19 52.50 16.88 0.9906 high
770.00 309.38 52.50 19.69 0.9898 high
770.00 309.38 52.50 18.28 0.9939 high
767.50 307.97 57.50 19.69 0.9849 high
767.50 306.56 50.00 19.69 0.9937 high
762.50 309.38 52.50 18.28 0.9949 high
757.50 312.19 55.00 18.28 0.9958 high
752.50 315.00 50.00 18.28 0.9914 high
747.50 320.62 52.50 18.28 0.9926 high
747.50 322.03 50.00 19.69 0.9902 high
747.50 326.25 52.50 19.69 0.9900 high
747.50 330.47 50.00 19.69 0.9851 high
745.00 333.28 52.50 18.28 0.9933 high
745.00 336.09 52.50 18.28 0.9876 high
750.00 338.91 50.00 18.28 0.9936 high
752.50 340.31 55.00 19.69 0.9929 high
757.50 343.12 52.50 18.28 0.9904 high
760.00 343.12 52.50 19.69 0.9899 high
757.50 344.53 55.00 19.69 0.9903 high
757.50 345.94 55.00 19.69 0.9933 high
760.00 345.94 52.50 18.28 0.9899 high
760.00 345.94 52.50 19.69 0.9891 high
760.00 347.34 55.00 19.69 0.9904 high
760.00 350.16 52.50 19.69 0.9881 high
767.50 350.16 52.50 19.69 0.9895 high
767.50 348.75 55.00 19.69 0.9938 high
767.50 350.16 50.00 19.69 0.9924 high
767.50 350.16 52.50 19.69 0.9838 high
767.50 347.34 50.00 21.09 0.9893 high
762.50 351.56 52.50 19.69 0.9867 high
760.00 350.16 52.50 19.69 0.9943 high
757.50 350.16 50.00 19.69 0.9916 high
755.00 352.97 52.50 19.69 0.9940 high
755.00 351.56 52.50 18.28 0.9943 high
755.00 351.56 52.50 18.28 0.9871 high
755.00 350.16 50.00 18.28 0.9928 high
752.50 348.75 50.00 16.88 0.9963 high
752.50 345.94 50.00 16.88 0.9981 high
752.50 343.12 50.00 18.28 0.9930 high
750.00 340.31 50.00 19.69 0.9913 high
747.50 340.31 50.00 19.69 0.9897 high
747.50 340.31 50.00 19.69 0.9902 high
747.50 338.91 50.00 19.69 0.9924 high
747.50 338.91 52.50 19.69 0.9892 high
750.00 337.50 50.00 19.69 0.9933 high
752.50 337.50 47.50 18.28 0.9957 high
752.50 336.09 52.50 21.09 0.9873 high
750.00 337.50 47.50 18.28 0.9902 high
747.50 338.91 47.50 18.28 0.9947 high
745.00 337.50 50.00 18.28 0.9932 high
745.00 337.50 47.50 18.28 0.9922 high
747.50 331.88 52.50 19.69 0.9912 high
750.00 329.06 50.00 19.69 0.9917 high
750.00 327.66 52.50 19.69 0.9927 high
750.00 324.84 52.50 21.09 0.9902 high
747.50 324.84 50.00 21.09 0.9904 high
750.00 324.84 50.00 19.69 0.9968 high
750.00 320.62 52.50 21.09 0.9861 high
752.50 322.03 47.50 19.69 0.9963 high
750.00 323.44 52.50 21.09 0.9918 high
750.00 326.25 52.50 21.09 0.9955 high
750.00 329.06 47.50 19.69 0.9939 high
750.00 331.88 50.00 18.28 0.9940 high
747.50 330.47 50.00 21.09 0.9927 high
747.50 333.28 47.50 18.28 0.9907 high
747.50 333.28 50.00 19.69 0.9932 high
750.00 331.88 50.00 19.69 0.9952 high
752.50 330.47 50.00 19.69 0.9925 high
755.00 330.47 52.50 21.09 0.9857 high
755.00 329.06 52.50 19.69 0.9872 high
755.00 330.47 47.50 21.09 0.9901 high
755.00 330.47 50.00 19.69 0.9940 high
757.50 329.06 55.00 19.69 0.9875 high
757.50 326.25 50.00 21.09 0.9904 high
760.00 326.25 50.00 19.69 0.9911 high
760.00 324.84 52.50 19.69 0.9946 high
760.00 323.44 50.00 19.69 0.9936 high
760.00 322.03 52.50 21.09 0.9873 high
760.00 320.62 52.50 19.69 0.9904 high
760.00 319.22 52.50 19.69 0.9919 high
762.50 320.62 50.00 19.69 0.9906 high
762.50 317.81 52.50 21.09 0.9892 high
767.50 316.41 50.00 21.09 0.9898 high
767.50 316.41 50.00 21.09 0.9846 high
770.00 315.00 52.50 19.69 0.9929 high
772.50 312.19 50.00 21.09 0.9921 high
775.00 312.19 47.50 16.88 0.9903 high
775.00 309.38 52.50 19.69 0.9932 high
772.50 309.38 52.50 19.69 0.9867 high
772.50 309.38 52.50 21.09 0.9834 high
770.00 309.38 55.00 21.09 0.9903 high
770.00 309.38 52.50 21.09 0.9923 high
772.50 310.78 52.50 19.69 0.9879 high
772.50 310.78 52.50 19.69 0.9870 high
775.00 309.38 55.00 19.69 0.9871 high
775.00 315.00 52.50 21.09 0.9940 high
772.50 315.00 55.00 19.69 0.9880 high
767.50 315.00 50.00 19.69 0.9901 high
767.50 316.41 55.00 21.09 0.9851 high
770.00 317.81 52.50 21.09 0.9919 high
770.00 319.22 50.00 21.09 0.9946 high
772.50 315.00 52.50 22.50 0.9942 high
775.00 312.19 52.50 21.09 0.9869 high
775.00 307.97 52.50 22.50 0.9881 high
775.00 307.97 52.50 22.50 0.9909 high
775.00 309.38 52.50 22.50 0.9928 high
772.50 310.78 50.00 22.50 0.9903 high
770.00 312.19 52.50 21.09 0.9911 high
772.50 309.38 55.00 23.91 0.9890 high
772.50 306.56 52.50 22.50 0.9907 high
775.00 306.56 52.50 22.50 0.9906 high
772.50 306.56 52.50 23.91 0.9896 high
770.00 307.97 52.50 23.91 0.9874 high
770.00 309.38 52.50 22.50 0.9906 high
772.50 307.97 52.50 22.50 0.9880 high
775.00 305.16 52.50 23.91 0.9818 high
775.00 305.16 52.50 22.50 0.9908 high
775.00 303.75 55.00 23.91 0.9920 high
777.50 300.94 50.00 23.91 0.9940 high
775.00 302.34 52.50 22.50 0.9913 high
770.00 302.34 55.00 22.50 0.9886 high
772.50 299.53 55.00 22.50 0.9906 high
775.00 299.53 52.50 23.91 0.9926 high
770.00 300.94 57.50 23.91 0.9949 high
770.00 303.75 55.00 23.91 0.9925 high
772.50 305.16 55.00 23.91 0.9867 high
775.00 303.75 52.50 22.50 0.9833 high
772.50 299.53 55.00 23.91 0.9947 high
770.00 300.94 55.00 23.91 0.9922 high
772.50 299.53 57.50 22.50 0.9899 high
775.00 298.12 52.50 23.91 0.9956 high
775.00 299.53 55.00 23.91 0.9941 high
775.00 300.94 52.50 23.91 0.9836 high
772.50 302.34 57.50 23.91 0.9900 high
770.00 303.75 55.00 22.50 0.9888 high
767.50 305.16 57.50 23.91 0.9826 high
765.00 307.97 55.00 22.50 0.9826 high
765.00 306.56 57.50 23.91 0.9878 high
762.50 307.97 55.00 23.91 0.9856 high
762.50 309.38 57.50 22.50 0.9897 high
762.50 309.38 55.00 22.50 0.9879 high
762.50 310.78 55.00 23.91 0.9913 high
757.50 312.19 55.00 22.50 0.9905 high
757.50 312.19 57.50 22.50 0.9913 high
755.00 315.00 57.50 22.50 0.9900 high
752.50 313.59 60.00 22.50 0.9886 high
752.50 313.59 55.00 22.50 0.9913 high
752.50 315.00 57.50 22.50 0.9918 high
752.50 313.59 55.00 22.50 0.9940 high
750.00 312.19 57.50 21.09 0.9900 high
750.00 312.19 57.50 21.09 0.9919 high
750.00 312.19 55.00 21.09 0.9924 high
750.00 312.19 55.00 21.09 0.9933 high
747.50 312.19 55.00 21.09 0.9876 high
745.00 310.78 60.00 22.50 0.9938 high
745.00 310.78 57.50 22.50 0.9840 high
747.50 312.19 57.50 22.50 0.9963 high
745.00 312.19 52.50 21.09 0.9935 high
742.50 312.19 57.50 22.50 0.9892 high
745.00 313.59 57.50 21.09 0.9863 high
745.00 313.59 57.50 22.50 0.9865 high
745.00 313.59 62.50 22.50 0.9871 high
747.50 313.59 57.50 22.50 0.9907 high
750.00 313.59 62.50 22.50 0.9932 high
755.00 312.19 55.00 22.50 0.9911 high
752.50 313.59 60.00 21.09 0.9869 high
755.00 312.19 57.50 22.50 0.9839 high
755.00 309.38 57.50 22.50 0.9873 high
755.00 306.56 60.00 22.50 0.9882 high
755.00 305.16 57.50 22.50 0.9891 high
757.50 302.34 60.00 22.50 0.9888 high
757.50 302.34 57.50 22.50 0.9891 high
760.00 300.94 62.50 23.91 0.9891 high
762.50 298.12 57.50 23.91 0.9853 high
762.50 295.31 60.00 23.91 0.9869 high
762.50 295.31 57.50 23.91 0.9927 high
757.50 296.72 57.50 22.50 0.9883 high
755.00 298.12 60.00 22.50 0.9858 high
757.50 298.12 55.00 22.50 0.9947 high
757.50 296.72 60.00 23.91 0.9904 high
757.50 296.72 60.00 22.50 0.9920 high
757.50 296.72 65.00 22.50 0.9957 high
757.50 298.12 57.50 21.09 0.9876 high
757.50 296.72 60.00 23.91 0.9928 high
755.00 298.12 60.00 22.50 0.9795 high
757.50 298.12 57.50 22.50 0.9914 high
757.50 298.12 65.00 23.91 0.9894 high
757.50 300.94 60.00 22.50 0.9868 high
757.50 300.94 62.50 22.50 0.9905 high
757.50 300.94 60.00 23.91 0.9911 high
762.50 302.34 60.00 22.50 0.9899 high
765.00 302.34 67.50 23.91 0.9898 high
770.00 302.34 60.00 22.50 0.9931 high
777.50 300.94 62.50 23.91 0.9916 high
782.50 300.94 60.00 22.50 0.9924 high
785.00 299.53 62.50 23.91 0.9897 high
790.00 299.53 62.50 22.50 0.9843 high
795.00 299.53 60.00 22.50 0.9907 high
800.00 298.12 65.00 22.50 0.9930 high
805.00 296.72 60.00 23.91 0.9924 high
810.00 298.12 65.00 23.91 0.9877 high
817.50 296.72 60.00 23.91 0.9942 high
822.50 296.72 67.50 23.91 0.9927 high
830.00 296.72 62.50 22.50 0.9867 high
837.50 293.91 67.50 23.91 0.9936 high
845.00 293.91 62.50 22.50 0.9954 high
845.00 292.50 62.50 25.31 0.9919 high
847.50 293.91 67.50 23.91 0.9923 high
850.00 292.50 62.50 23.91 0.9906 high
852.50 291.09 65.00 25.31 0.9899 high
855.00 289.69 62.50 23.91 0.9852 high
855.00 288.28 65.00 25.31 0.9936 high
852.50 291.09 65.00 23.91 0.9911 high
850.00 291.09 62.50 23.91 0.9912 high
845.00 292.50 67.50 23.91 0.9915 high
842.50 293.91 65.00 23.91 0.9888 high
842.50 292.50 70.00 25.31 0.9864 high
840.00 292.50 65.00 23.91 0.9873 high
840.00 291.09 62.50 23.91 0.9890 high
835.00 291.09 67.50 23.91 0.9860 high
832.50 289.69 62.50 23.91 0.9892 high
830.00 289.69 67.50 23.91 0.9835 high
827.50 289.69 65.00 22.50 0.9937 high
827.50 289.69 65.00 23.91 0.9884 high
827.50 286.88 65.00 23.91 0.9839 high
827.50 284.06 62.50 25.31 0.9907 high
827.50 279.84 67.50 25.31 0.9943 high
825.00 277.03 65.00 25.31 0.9896 high
820.00 272.81 70.00 25.31 0.9891 high
822.50 271.41 67.50 23.91 0.9933 high
825.00 268.59 67.50 25.31 0.9897 high
822.50 268.59 65.00 23.91 0.9873 high
820.00 267.19 67.50 25.31 0.9876 high
820.00 270.00 67.50 23.91 0.9892 high
822.50 267.19 65.00 25.31 0.9874 high
825.00 267.19 67.50 25.31 0.9907 high
825.00 265.78 65.00 25.31 0.9896 high
825.00 262.97 67.50 25.31 0.9903 high
825.00 261.56 65.00 23.91 0.9952 high
822.50 257.34 70.00 26.72 0.9933 high
827.50 255.94 67.50 23.91 0.9870 high
832.50 251.72 67.50 26.72 0.9827 high
835.00 253.12 72.50 26.72 0.9906 high
835.00 253.12 67.50 25.31 0.9894 high
837.50 250.31 70.00 25.31 0.9884 high
837.50 248.91 67.50 23.91 0.9864 high
837.50 246.09 67.50 26.72 0.9891 high
835.00 246.09 70.00 25.31 0.9877 high
835.00 243.28 67.50 25.31 0.9855 high
837.50 243.28 70.00 25.31 0.9912 high
837.50 243.28 67.50 23.91 0.9914 high
845.00 239.06 70.00 25.31 0.9890 high
850.00 239.06 67.50 25.31 0.9886 high
850.00 237.66 70.00 26.72 0.9876 high
850.00 239.06 72.50 25.31 0.9889 high
852.50 240.47 65.00 23.91 0.9926 high
852.50 240.47 70.00 25.31 0.9906 high
850.00 239.06 67.50 25.31 0.9858 high
852.50 237.66 70.00 26.72 0.9848 high
852.50 239.06 67.50 25.31 0.9872 high
852.50 236.25 67.50 25.31 0.9891 high
850.00 234.84 72.50 26.72 0.9834 high
850.00 234.84 70.00 25.31 0.9883 high
850.00 233.44 72.50 25.31 0.9840 high
850.00 233.44 67.50 25.31 0.9848 high
850.00 232.03 75.00 25.31 0.9916 high
850.00 232.03 70.00 25.31 0.9909 high
850.00 232.03 75.00 26.72 0.9873 high
852.50 233.44 70.00 25.31 0.9878 high
850.00 233.44 70.00 26.72 0.9818 high
847.50 236.25 70.00 26.72 0.9862 high
847.50 236.25 67.50 26.72 0.9795 high
852.50 234.84 70.00 25.31 0.9888 high
852.50 233.44 67.50 25.31 0.9898 high
855.00 233.44 70.00 26.72 0.9908 high
852.50 233.44 67.50 25.31 0.9873 high
850.00 232.03 75.00 26.72 0.9804 high
855.00 234.84 67.50 25.31 0.9878 high
857.50 230.62 72.50 26.72 0.9854 high
860.00 230.62 70.00 26.72 0.9894 high
862.50 226.41 72.50 26.72 0.9855 high
867.50 222.19 72.50 25.31 0.9858 high
867.50 217.97 67.50 26.72 0.9942 high
870.00 215.16 75.00 26.72 0.9891 high
872.50 213.75 72.50 25.31 0.9884 high
877.50 208.12 67.50 26.72 0.9850 high
880.00 205.31 77.50 28.12 0.9829 high
885.00 206.72 70.00 28.12 0.9904 high
890.00 205.31 72.50 29.53 0.9884 high
895.00 205.31 72.50 26.72 0.9925 high
897.50 208.12 70.00 26.72 0.9910 high
897.50 206.72 75.00 28.12 0.9884 high
897.50 209.53 72.50 26.72 0.9900 high
897.50 209.53 70.00 25.31 0.9863 high
897.50 209.53 72.50 25.31 0.9892 high
897.50 209.53 70.00 26.72 0.9882 high
897.50 209.53 75.00 28.12 0.9873 high
897.50 208.12 70.00 26.72 0.9874 high
895.00 206.72 70.00 28.12 0.9887 high
895.00 205.31 72.50 29.53 0.9897 high
890.00 205.31 67.50 26.72 0.9879 high
885.00 205.31 70.00 26.72 0.9893 high
880.00 206.72 70.00 25.31 0.9858 high
875.00 205.31 70.00 26.72 0.9803 high
872.50 206.72 75.00 26.72 0.9853 high
870.00 206.72 67.50 25.31 0.9803 high
862.50 206.72 72.50 28.12 0.9915 high
857.50 208.12 72.50 26.72 0.9849 high
850.00 208.12 70.00 25.31 0.9865 high
847.50 208.12 70.00 26.72 0.9845 high
842.50 208.12 67.50 23.91 0.9908 high
840.00 205.31 70.00 25.31 0.9897 high
835.00 206.72 72.50 25.31 0.9869 high
827.50 206.72 67.50 25.31 0.9937 high
820.00 203.91 72.50 26.72 0.9857 high
817.50 203.91 70.00 25.31 0.9833 high
815.00 202.50 65.00 26.72 0.9856 high
810.00 199.69 72.50 25.31 0.9866 high
807.50 199.69 67.50 26.72 0.9873 high
802.50 201.09 67.50 26.72 0.9892 high
800.00 202.50 67.50 25.31 0.9899 high
795.00 201.09 65.00 23.91 0.9865 high
792.50 201.09 72.50 25.31 0.9898 high
790.00 205.31 65.00 23.91 0.9881 high
785.00 203.91 67.50 26.72 0.9882 high
782.50 206.72 70.00 26.72 0.9858 high
780.00 209.53 65.00 25.31 0.9868 high
777.50 209.53 67.50 25.31 0.9863 high
775.00 209.53 65.00 25.31 0.9948 high
775.00 206.72 62.50 26.72 0.9922 high
775.00 205.31 67.50 26.72 0.9844 high
770.00 203.91 65.00 25.31 0.9832 high
765.00 203.91 67.50 25.31 0.9901 high
760.00 205.31 70.00 25.31 0.9766 high
760.00 208.12 62.50 25.31 0.9917 high
757.50 209.53 67.50 25.31 0.9907 high
755.00 210.94 62.50 23.91 0.9877 high
750.00 209.53 62.50 25.31 0.9878 high
747.50 210.94 67.50 23.91 0.9858 high
747.50 210.94 62.50 25.31 0.9892 high
745.00 210.94 65.00 26.72 0.9921 high
745.00 213.75 65.00 26.72 0.9885 high
745.00 213.75 60.00 25.31 0.9911 high
740.00 217.97 67.50 26.72 0.9865 high
737.50 220.78 62.50 25.31 0.9883 high
735.00 219.38 62.50 25.31 0.9928 high
735.00 222.19 65.00 25.31 0.9870 high
735.00 222.19 62.50 25.31 0.9878 high
737.50 222.19 65.00 26.72 0.9893 high
740.00 223.59 62.50 25.31 0.9953 high
740.00 225.00 62.50 25.31 0.9877 high
740.00 225.00 65.00 26.72 0.9907 high
740.00 226.41 62.50 25.31 0.9879 high
740.00 227.81 67.50 25.31 0.9867 high
742.50 229.22 60.00 25.31 0.9834 high
745.00 229.22 60.00 23.91 0.9926 high
742.50 227.81 65.00 23.91 0.9856 high
742.50 229.22 60.00 23.91 0.9932 high
740.00 230.62 65.00 25.31 0.9944 high
735.00 233.44 62.50 23.91 0.9928 high
735.00 233.44 65.00 26.72 0.9914 high
735.00 237.66 62.50 25.31 0.9902 high
730.00 240.47 60.00 23.91 0.9885 high
727.50 240.47 62.50 25.31 0.9909 high
725.00 241.88 60.00 22.50 0.9877 high
722.50 240.47 60.00 23.91 0.9926 high
720.00 246.09 62.50 23.91 0.9924 high
715.00 254.53 57.50 23.91 0.9904 high
712.50 260.16 60.00 25.31 0.9881 high
707.50 260.16 57.50 25.31 0.9917 high
705.00 267.19 57.50 23.91 0.9862 high
707.50 270.00 62.50 25.31 0.9874 high
707.50 270.00 57.50 22.50 0.9914 high
707.50 265.78 60.00 23.91 0.9848 high
707.50 265.78 57.50 23.91 0.9936 high
710.00 255.94 55.00 23.91 0.9852 high
710.00 248.91 60.00 25.31 0.9895 high
710.00 248.91 60.00 25.31 0.9894 high
710.00 248.91 60.00 25.31 0.9890 high
717.50 243.28 60.00 23.91 0.9866 high
722.50 240.47 55.00 25.31 0.9934 high
720.00 239.06 62.50 23.91 0.9858 high
717.50 237.66 57.50 23.91 0.9927 high
715.00 240.47 57.50 23.91 0.9939 high
715.00 239.06 57.50 23.91 0.9879 high
712.50 233.44 55.00 23.91 0.9905 high
712.50 234.84 57.50 25.31 0.9820 high
710.00 240.47 57.50 23.91 0.9885 high
710.00 236.25 55.00 23.91 0.9909 high
702.50 240.47 57.50 23.91 0.9886 high
695.00 244.69 55.00 23.91 0.9864 high
690.00 243.28 57.50 23.91 0.9878 high
687.50 244.69 52.50 23.91 0.9949 high
682.50 246.09 55.00 23.91 0.9885 high
680.00 243.28 55.00 23.91 0.9886 high
680.00 241.88 55.00 22.50 0.9928 high
685.00 244.69 55.00 23.91 0.9951 high
685.00 246.09 57.50 23.91 0.9936 high
685.00 248.91 55.00 22.50 0.9927 high
682.50 261.56 55.00 23.91 0.9894 high
681.17 258.56 55.07 23.52 0.0000 coast
-100 -100 -100 -100 0.0000 coast_none
665.00 307.97 52.50 22.50 0.9955 reinit
652.50 315.00 57.50 22.50 0.9889 high
645.00 312.19 50.00 22.50 0.9869 high
642.50 303.75 52.50 21.09 0.9909 high
640.00 291.09 50.00 22.50 0.9926 high
635.48 289.48 49.27 22.04 0.0000 coast
632.50 264.38 52.50 22.50 0.9890 high
630.00 253.12 55.00 22.50 0.9910 high
620.00 246.09 52.50 22.50 0.9892 high
615.00 243.28 55.00 22.50 0.9905 high
617.50 239.06 55.00 23.91 0.9914 high
617.50 236.25 52.50 22.50 0.9898 high
617.50 233.44 57.50 23.91 0.9884 high
622.50 236.25 52.50 22.50 0.9901 high
627.50 232.03 52.50 23.91 0.9909 high
625.00 232.03 57.50 25.31 0.9872 high
-100 -100 -100 -100 0.0000 coast_none
621.65 219.97 56.52 25.27 0.0000 coast
555.00 189.84 107.50 46.41 0.9915 reinit
585.00 180.00 107.50 42.19 0.9902 high
592.50 142.03 102.50 45.00 0.9929 high
585.00 133.59 110.00 47.81 0.9890 high
605.00 146.25 117.50 45.00 0.9890 high
632.50 135.00 102.50 45.00 0.9853 high
647.50 123.75 112.50 49.22 0.9900 high
652.50 135.00 112.50 47.81 0.9869 high
655.00 123.75 102.50 47.81 0.9902 high
647.50 95.62 105.00 46.41 0.9906 high
662.43 93.80 105.01 47.38 0.0000 coast
670.75 85.34 104.76 47.67 0.0000 coast
562.50 97.03 112.50 47.81 0.9887 reinit
545.00 102.66 105.00 46.41 0.9866 high
522.50 108.28 112.50 49.22 0.9868 high
505.00 112.50 105.00 45.00 0.9899 high
492.50 108.28 105.00 49.22 0.9872 high
472.50 118.12 115.00 49.22 0.9858 high
460.00 146.25 107.50 47.81 0.9793 high
462.50 165.94 102.50 50.62 0.9842 high
447.50 188.44 115.00 49.22 0.9911 high
433.93 193.72 112.27 49.90 0.0000 coast
-100 -100 -100 -100 0.0000 coast_none
412.50 327.66 105.00 50.62 0.9901 reinit
415.00 333.28 105.00 45.00 0.9869 high
420.00 324.84 100.00 46.41 0.9898 high
420.00 324.84 112.50 47.81 0.9839 high
420.00 317.81 95.00 43.59 0.9881 high
412.50 295.31 105.00 45.00 0.9879 high
412.50 295.31 105.00 45.00 0.9878 high
412.61 288.66 104.64 44.41 0.0000 coast
412.06 282.30 104.80 44.04 0.0000 coast
500.00 227.81 110.00 50.62 0.9843 reinit
502.50 244.69 107.50 46.41 0.9868 high
530.00 272.81 95.00 52.03 0.9889 high
550.00 278.44 107.50 47.81 0.9866 high
557.50 293.91 105.00 47.81 0.9892 high
572.15 305.72 104.74 47.72 0.0000 coast
610.00 354.38 95.00 42.19 0.9874 high
623.55 366.96 94.92 41.94 0.0000 coast
607.50 371.25 100.00 52.03 0.9874 high
625.82 390.08 98.18 50.65 0.0000 coast
638.77 406.63 97.44 51.06 0.0000 coast
542.50 348.75 105.00 46.41 0.9892 reinit
555.00 343.12 97.50 42.19 0.9890 high
567.50 316.41 95.00 46.41 0.9887 high
540.00 312.19 102.50 46.41 0.9860 high
544.17 302.07 100.98 47.10 0.0000 coast
541.49 292.10 101.48 47.85 0.0000 coast
457.50 326.25 102.50 46.41 0.9907 reinit
432.50 329.06 100.00 46.41 0.9884 high
420.00 315.00 102.50 46.41 0.9895 high
397.50 319.22 97.50 45.00 0.9849 high
390.00 317.81 102.50 47.81 0.9918 high
377.00 315.01 101.42 47.33 0.0000 coast
364.39 312.85 101.53 47.57 0.0000 coast
402.50 360.00 102.50 49.22 0.9888 reinit
395.00 388.12 100.00 46.41 0.9841 high
382.50 390.94 97.50 43.59 0.9871 high
385.00 412.03 95.00 46.41 0.9852 high
407.50 417.66 100.00 43.59 0.9873 high
425.00 413.44 95.00 43.59 0.9878 high
450.00 410.62 92.50 45.00 0.9842 high
452.50 423.28 102.50 45.00 0.9853 high
432.50 421.88 100.00 43.59 0.9933 high
432.50 416.25 97.50 45.00 0.9863 high
427.50 407.81 97.50 40.78 0.9894 high
425.00 395.16 97.50 45.00 0.9886 high
430.00 392.34 95.00 43.59 0.9893 high
422.50 386.72 90.00 42.19 0.9893 high
415.00 379.69 110.00 45.00 0.9886 high
432.50 375.47 95.00 42.19 0.9901 high
442.50 361.41 87.50 45.00 0.9901 high
437.50 358.59 110.00 43.59 0.9865 high
462.50 362.81 90.00 42.19 0.9873 high
477.50 352.97 97.50 45.00 0.9897 high
465.00 358.59 97.50 42.19 0.9919 high
475.00 369.84 90.00 45.00 0.9870 high
467.50 379.69 95.00 42.19 0.9915 high
462.50 379.69 92.50 43.59 0.9903 high
495.00 381.09 87.50 43.59 0.9923 high
505.00 378.28 92.50 42.19 0.9914 high
495.00 385.31 87.50 42.19 0.9903 high
490.00 397.97 87.50 43.59 0.9904 high
492.50 403.59 92.50 42.19 0.9916 high
522.50 409.22 77.50 40.78 0.9849 high
519.18 410.18 80.74 41.09 0.0000 coast
552.50 409.22 70.00 36.56 0.9863 high
552.50 409.22 70.00 36.56 0.9904 high
560.80 412.42 67.84 35.95 0.0000 coast
-100 -100 -100 -100 0.0000 coast_none
-100 -100 -100 -100 0.0000 coast_none
580.00 333.28 35.00 23.91 0.9686 reinit
-100 -100 -100 -100 0.0000 coast_none
-100 -100 -100 -100 0.0000 coast_none
607.50 320.62 22.50 9.84 0.9807 reinit
-100 -100 -100 -100 0.0000 coast_none
-100 -100 -100 -100 0.0000 coast_none
605.00 262.97 12.50 9.84 0.9068 reinit
605.00 262.97 12.50 9.84 0.0000 coast
605.00 262.97 12.50 9.84 0.0000 coast
545.00 275.62 12.50 8.44 0.9973 reinit
545.00 275.62 12.50 8.44 0.0000 coast
545.00 275.62 12.50 8.44 0.0000 coast
607.50 271.41 22.50 16.88 0.9837 reinit
607.50 271.41 22.50 16.88 0.0000 coast
-100 -100 -100 -100 0.0000 coast_none
490.00 329.06 112.50 35.16 0.9790 reinit
492.50 371.25 112.50 36.56 0.9867 high
520.00 390.94 112.50 33.75 0.9887 high
512.50 417.66 117.50 36.56 0.9860 high
487.50 434.53 110.00 37.97 0.9856 high
470.00 430.31 112.50 37.97 0.9881 high
472.68 451.63 112.26 38.45 0.0000 coast
-100 -100 -100 -100 0.0000 coast_none
410.00 367.03 112.50 39.38 0.9892 reinit
387.50 338.91 115.00 39.38 0.9877 high
377.50 336.09 110.00 39.38 0.9899 high
377.50 330.47 112.50 40.78 0.9914 high
390.00 327.66 112.50 37.97 0.9865 high
395.00 312.19 112.50 39.38 0.9875 high
400.00 300.94 110.00 36.56 0.9875 high
405.00 289.69 107.50 36.56 0.9909 high
392.50 298.12 107.50 37.97 0.9881 high
397.05 286.64 106.71 37.17 0.0000 coast
397.69 279.86 105.92 36.91 0.0000 coast
377.50 312.19 102.50 32.34 0.9894 high
372.50 307.97 102.50 33.75 0.9862 high
370.00 286.88 102.50 32.34 0.9908 high
368.31 288.87 101.20 31.84 0.0000 coast
-100 -100 -100 -100 0.0000 coast_none
402.50 209.53 100.00 30.94 0.9904 reinit
412.50 205.31 100.00 35.16 0.9876 high
430.00 210.94 95.00 33.75 0.9876 high
440.00 209.53 92.50 33.75 0.9904 high
450.00 227.81 90.00 35.16 0.9909 high
457.50 257.34 87.50 33.75 0.9866 high
457.50 279.84 92.50 33.75 0.9836 high
472.50 293.91 90.00 32.34 0.9897 high
477.50 295.31 87.50 30.94 0.9883 high
486.32 311.26 86.55 31.10 0.0000 coast
-100 -100 -100 -100 0.0000 coast_none
480.00 262.97 80.00 33.75 0.9912 reinit
467.50 258.75 92.50 33.75 0.9944 high
467.50 246.09 82.50 35.16 0.9936 high
462.50 244.69 90.00 33.75 0.9877 high
455.00 241.88 80.00 33.75 0.9900 high
455.00 236.25 90.00 35.16 0.9897 high
462.50 227.81 80.00 35.16 0.9903 high
467.50 222.19 92.50 33.75 0.9900 high
467.50 220.78 85.00 33.75 0.9894 high
465.00 217.97 87.50 33.75 0.9889 high
462.50 216.56 90.00 36.56 0.9944 high
457.50 210.94 82.50 35.16 0.9883 high
460.00 205.31 87.50 35.16 0.9931 high
465.00 199.69 87.50 33.75 0.9908 high
467.50 203.91 82.50 33.75 0.9907 high
472.50 202.50 90.00 33.75 0.9902 high
487.50 195.47 80.00 33.75 0.9913 high
497.50 192.66 95.00 32.34 0.9902 high
497.50 188.44 82.50 32.34 0.9911 high
495.00 192.66 87.50 32.34 0.9902 high
495.00 196.88 87.50 33.75 0.9933 high
495.00 202.50 80.00 33.75 0.9929 high
497.50 203.91 90.00 32.34 0.9910 high
497.50 202.50 80.00 32.34 0.9929 high
502.50 198.28 90.00 33.75 0.9875 high
502.50 198.28 77.50 32.34 0.9942 high
497.50 198.28 87.50 32.34 0.9879 high
492.50 199.69 77.50 32.34 0.9905 high
490.00 203.91 85.00 32.34 0.9889 high
485.00 203.91 87.50 32.34 0.9899 high
480.00 205.31 77.50 32.34 0.9891 high
477.50 203.91 85.00 30.94 0.9923 high
475.00 201.09 82.50 33.75 0.9906 high
477.50 196.88 75.00 32.34 0.9927 high
465.00 198.28 87.50 32.34 0.9868 high
457.50 205.31 82.50 32.34 0.9891 high
455.00 206.72 75.00 32.34 0.9930 high
452.50 201.09 80.00 32.34 0.9868 high
457.50 195.47 82.50 32.34 0.9919 high
450.00 194.06 80.00 33.75 0.9875 high
447.50 196.88 75.00 32.34 0.9872 high
440.00 196.88 85.00 33.75 0.9881 high
442.50 195.47 80.00 33.75 0.9858 high
440.00 192.66 77.50 33.75 0.9899 high
440.00 189.84 72.50 32.34 0.9894 high
440.00 187.03 82.50 32.34 0.9873 high
435.00 187.03 82.50 32.34 0.9866 high
427.50 181.41 75.00 32.34 0.9918 high
427.50 177.19 75.00 32.34 0.9904 high
432.50 168.75 77.50 32.34 0.9874 high
435.00 163.12 82.50 32.34 0.9878 high
432.50 160.31 80.00 32.34 0.9894 high
425.00 160.31 75.00 32.34 0.9884 high
420.00 163.12 75.00 32.34 0.9877 high
415.00 157.50 82.50 32.34 0.9911 high
415.00 151.88 77.50 32.34 0.9900 high
415.00 150.47 72.50 32.34 0.9884 high
412.50 157.50 80.00 32.34 0.9887 high
417.50 168.75 85.00 32.34 0.9912 high
412.50 165.94 77.50 32.34 0.9847 high
410.00 160.31 72.50 32.34 0.9881 high
397.50 157.50 80.00 32.34 0.9871 high
395.00 154.69 77.50 30.94 0.9912 high
387.50 150.47 77.50 32.34 0.9854 high
390.00 144.84 72.50 32.34 0.9898 high
385.00 142.03 80.00 32.34 0.9883 high
382.50 137.81 80.00 32.34 0.9876 high
375.00 130.78 77.50 32.34 0.9874 high
367.50 122.34 70.00 32.34 0.9906 high
365.00 113.91 72.50 32.34 0.9857 high
367.50 101.25 75.00 32.34 0.9864 high
370.00 88.59 77.50 32.34 0.9862 high
370.00 81.56 80.00 32.34 0.9850 high
377.50 74.53 75.00 33.75 0.9858 high
377.50 73.12 77.50 33.75 0.9844 high
377.50 73.12 75.00 33.75 0.9794 high
372.50 74.53 82.50 32.34 0.9826 high
372.50 71.72 80.00 33.75 0.9792 high
375.00 67.50 80.00 32.34 0.9813 high
382.50 66.09 75.00 33.75 0.9835 high
382.50 63.28 80.00 33.75 0.9818 high
387.50 60.47 82.50 33.75 0.9767 high
392.50 61.88 75.00 30.94 0.9696 high
391.12 56.51 77.35 31.83 0.0000 coast
397.50 60.47 57.50 30.94 0.9739 high
397.50 61.88 72.50 30.94 0.9727 high
402.50 60.47 70.00 18.28 0.9852 high
402.50 57.66 72.50 30.94 0.9810 high
405.00 54.84 72.50 32.34 0.9803 high
407.50 54.84 77.50 32.34 0.9777 high
410.00 56.25 80.00 32.34 0.9787 high
417.50 53.44 75.00 29.53 0.9743 high
417.60 51.72 76.91 30.44 0.0000 coast
419.83 50.08 77.31 30.38 0.0000 coast
425.00 56.25 77.50 30.94 0.9820 high
425.00 50.62 77.50 29.53 0.9769 high
425.00 49.22 77.50 30.94 0.9716 high
425.00 46.41 75.00 30.94 0.9676 high
427.50 46.41 80.00 30.94 0.9702 high
429.53 44.73 79.09 30.91 0.0000 coast
431.40 43.32 79.48 30.92 0.0000 coast
432.50 43.59 67.50 26.72 0.9574 high
422.50 32.34 75.00 26.72 0.9679 high
426.69 33.02 73.16 26.46 0.0000 coast
427.52 30.95 73.05 26.10 0.0000 coast
417.50 12.66 42.50 21.09 0.9572 reinit
-100 -100 -100 -100 0.0000 coast_none
-100 -100 -100 -100 0.0000 coast_none
732.50 111.09 17.50 8.44 0.9061 reinit
-100 -100 -100 -100 0.0000 coast_none
-100 -100 -100 -100 0.0000 coast_none
-100 -100 -100 -100 0.0000 coast_none
-100 -100 -100 -100 0.0000 coast_none
-100 -100 -100 -100 0.0000 coast_none
-100 -100 -100 -100 0.0000 coast_none
-100 -100 -100 -100 0.0000 coast_none
-100 -100 -100 -100 0.0000 coast_none
-100 -100 -100 -100 0.0000 coast_none
-100 -100 -100 -100 0.0000 coast_none
-100 -100 -100 -100 0.0000 miss
-100 -100 -100 -100 0.0000 miss
-100 -100 -100 -100 0.0000 miss
-100 -100 -100 -100 0.0000 miss
725.00 73.12 12.50 12.66 0.7989 high
-100 -100 -100 -100 0.0000 coast_none
-100 -100 -100 -100 0.0000 coast_none
-100 -100 -100 -100 0.0000 coast_none
-100 -100 -100 -100 0.0000 coast_none
-100 -100 -100 -100 0.0000 coast_none
-100 -100 -100 -100 0.0000 coast_none
-100 -100 -100 -100 0.0000 coast_none
-100 -100 -100 -100 0.0000 coast_none
-100 -100 -100 -100 0.0000 coast_none
-100 -100 -100 -100 0.0000 coast_none
-100 -100 -100 -100 0.0000 miss
-100 -100 -100 -100 0.0000 miss
-100 -100 -100 -100 0.0000 miss
-100 -100 -100 -100 0.0000 miss
-100 -100 -100 -100 0.0000 miss
-100 -100 -100 -100 0.0000 miss
-100 -100 -100 -100 0.0000 miss
-100 -100 -100 -100 0.0000 miss
-100 -100 -100 -100 0.0000 miss
-100 -100 -100 -100 0.0000 miss
-100 -100 -100 -100 0.0000 miss
-100 -100 -100 -100 0.0000 miss
-100 -100 -100 -100 0.0000 miss
-100 -100 -100 -100 0.0000 miss
-100 -100 -100 -100 0.0000 miss
-100 -100 -100 -100 0.0000 miss
-100 -100 -100 -100 0.0000 miss
-100 -100 -100 -100 0.0000 miss
-100 -100 -100 -100 0.0000 miss
-100 -100 -100 -100 0.0000 miss
-100 -100 -100 -100 0.0000 lost
-100 -100 -100 -100 0.0000 none
-100 -100 -100 -100 0.0000 none
-100 -100 -100 -100 0.0000 none
-100 -100 -100 -100 0.0000 none
-100 -100 -100 -100 0.0000 none
-100 -100 -100 -100 0.0000 none
-100 -100 -100 -100 0.0000 none
-100 -100 -100 -100 0.0000 none
-100 -100 -100 -100 0.0000 none
-100 -100 -100 -100 0.0000 none
-100 -100 -100 -100 0.0000 none
155.00 586.41 27.50 22.50 0.9376 init
-100 -100 -100 -100 0.0000 coast_none
-100 -100 -100 -100 0.0000 coast_none
-100 -100 -100 -100 0.0000 coast_none
-100 -100 -100 -100 0.0000 coast_none
-100 -100 -100 -100 0.0000 coast_none
-100 -100 -100 -100 0.0000 coast_none
-100 -100 -100 -100 0.0000 coast_none
-100 -100 -100 -100 0.0000 coast_none
-100 -100 -100 -100 0.0000 coast_none
-100 -100 -100 -100 0.0000 coast_none
-100 -100 -100 -100 0.0000 miss
-100 -100 -100 -100 0.0000 miss
7.50 7.03 20.00 14.06 0.9203 reinit
7.50 2.81 20.00 14.06 0.8297 high
7.50 2.50 20.00 14.06 0.0000 coast
-100 -100 -100 -100 0.0000 coast_none
-100 -100 -100 -100 0.0000 coast_none
-100 -100 -100 -100 0.0000 coast_none
15.00 11.25 2.50 1.41 0.5882 high
-100 -100 -100 -100 0.0000 coast_none
-100 -100 -100 -100 0.0000 coast_none
235.00 503.44 35.00 32.34 0.9389 reinit
-100 -100 -100 -100 0.0000 coast_none
-100 -100 -100 -100 0.0000 coast_none
-100 -100 -100 -100 0.0000 coast_none
-100 -100 -100 -100 0.0000 coast_none
17.50 1.41 30.00 18.28 0.9326 reinit
-100 -100 -100 -100 0.0000 coast_none
17.50 1.41 30.00 18.28 0.0000 coast
-100 -100 -100 -100 0.0000 coast_none
-100 -100 -100 -100 0.0000 coast_none
-100 -100 -100 -100 0.0000 coast_none
830.00 182.81 7.50 5.62 0.9084 reinit
-100 -100 -100 -100 0.0000 coast_none
-100 -100 -100 -100 0.0000 coast_none
742.50 212.34 10.00 8.44 0.9617 reinit
-100 -100 -100 -100 0.0000 coast_none
-100 -100 -100 -100 0.0000 coast_none
632.50 244.69 17.50 14.06 0.9718 reinit
-100 -100 -100 -100 0.0000 coast_none
-100 -100 -100 -100 0.0000 coast_none
387.50 43.59 72.50 18.28 0.9715 reinit
362.50 42.19 72.50 15.47 0.9769 high
335.00 40.78 82.50 21.09 0.9739 high
307.50 45.00 77.50 19.69 0.9771 high
277.50 47.81 90.00 18.28 0.9689 high
252.50 47.81 85.00 28.12 0.9695 high
227.50 40.78 75.00 23.91 0.9710 high
206.08 43.51 80.68 26.11 0.0000 coast
182.99 43.64 81.68 27.36 0.0000 coast
137.50 37.97 90.00 33.75 0.9687 high
127.50 52.03 87.50 29.53 0.9817 high
112.50 61.88 82.50 32.34 0.9762 high
105.00 71.72 87.50 33.75 0.9772 high
102.50 71.72 85.00 33.75 0.9770 high
87.50 66.09 85.00 35.16 0.9747 high
82.50 59.06 80.00 32.34 0.9816 high
72.50 45.00 87.50 33.75 0.9769 high
67.50 33.75 90.00 32.34 0.9784 high
46.81 38.20 89.67 33.89 0.0000 coast
57.50 30.94 87.50 33.75 0.9763 high
57.50 40.78 97.50 36.56 0.9788 high
57.50 33.75 85.00 35.16 0.9837 high
40.42 33.18 89.50 36.33 0.0000 coast
-100 -100 -100 -100 0.0000 coast_none
300.00 113.91 22.50 14.06 0.9593 reinit
300.00 113.91 22.50 14.06 0.0000 coast
-100 -100 -100 -100 0.0000 coast_none
652.50 118.12 30.00 23.91 0.9607 reinit
652.50 122.34 22.50 19.69 0.9010 high
642.50 122.34 27.50 21.09 0.9434 high
639.98 123.14 27.35 20.65 0.0000 coast
625.00 116.72 27.50 21.09 0.8750 high
620.00 112.50 27.50 19.69 0.9249 high
622.50 111.09 25.00 18.28 0.9503 high
614.35 109.55 25.95 18.28 0.0000 coast
608.97 107.74 25.97 17.83 0.0000 coast
230.00 49.22 40.00 22.50 0.9290 reinit
-100 -100 -100 -100 0.0000 coast_none
-100 -100 -100 -100 0.0000 coast_none
-100 -100 -100 -100 0.0000 coast_none
-100 -100 -100 -100 0.0000 coast_none
582.50 61.88 17.50 8.44 0.9105 reinit
582.50 61.88 17.50 8.44 0.0000 coast
-100 -100 -100 -100 0.0000 coast_none
-100 -100 -100 -100 0.0000 coast_none
1065.00 421.88 37.50 11.25 0.9285 reinit
1065.00 421.88 37.50 11.25 0.0000 coast
1050.00 410.62 30.00 11.25 0.8214 high
1047.58 408.81 28.79 11.25 0.0000 coast
1044.03 406.15 27.01 11.25 0.0000 coast
-100 -100 -100 -100 0.0000 coast_none
957.50 360.00 117.50 42.19 0.9092 reinit
957.50 360.00 117.50 42.19 0.0000 coast
935.00 372.66 65.00 18.28 0.9482 high
912.50 367.03 60.00 19.69 0.9465 high
901.46 367.71 48.62 15.62 0.0000 coast
870.00 361.41 40.00 11.25 0.9100 high
851.69 359.53 29.66 7.39 0.0000 coast
832.70 357.42 19.40 3.51 0.0000 coast
802.50 333.28 70.00 25.31 0.9500 reinit
802.50 333.28 70.00 25.31 0.0000 coast
802.50 333.28 70.00 25.31 0.0000 coast
997.50 327.66 90.00 19.69 0.9645 reinit
997.50 327.66 90.00 19.69 0.0000 coast
997.50 327.66 90.00 19.69 0.0000 coast
967.50 306.56 82.50 18.28 0.9633 high
960.00 305.16 77.50 16.88 0.9513 high
955.00 303.75 80.00 16.88 0.9369 high
947.99 299.61 77.42 16.30 0.0000 coast
941.33 296.24 75.85 15.81 0.0000 coast
1102.50 545.62 25.00 12.66 0.9291 reinit
1100.00 541.41 20.00 9.84 0.9496 high
1099.81 541.09 19.63 9.63 0.0000 coast
1102.50 541.41 17.50 8.44 0.9086 high
1102.50 540.00 17.50 8.44 0.9586 high
1102.98 539.44 16.22 7.72 0.0000 coast
1103.40 538.73 15.19 7.14 0.0000 coast
1102.50 528.75 27.50 14.06 0.9696 reinit
1102.50 528.75 22.50 12.66 0.9756 high
1102.50 528.75 22.50 12.66 0.9632 high
1102.50 528.75 21.54 12.39 0.0000 coast
1102.50 528.75 20.65 12.14 0.0000 coast
1110.00 525.94 27.50 15.47 0.9621 high
1110.00 527.34 30.00 15.47 0.9727 high
1120.00 527.34 25.00 14.06 0.9713 high
1119.39 526.63 27.49 15.12 0.0000 coast
1121.61 526.30 28.08 15.45 0.0000 coast
1145.00 552.66 30.00 15.47 0.9812 reinit
1147.50 561.09 27.50 14.06 0.9603 high
1150.00 572.34 25.00 14.06 0.9595 high
1147.50 583.59 22.50 14.06 0.9482 high
1148.42 589.96 20.99 13.84 0.0000 coast
1148.68 597.84 19.16 13.67 0.0000 coast
1095.00 330.47 35.00 16.88 0.9572 reinit
-100 -100 -100 -100 0.0000 coast_none
-100 -100 -100 -100 0.0000 coast_none
482.50 632.81 10.00 8.44 0.9707 reinit
-100 -100 -100 -100 0.0000 coast_none
-100 -100 -100 -100 0.0000 coast_none
985.00 523.12 10.00 15.47 0.9592 reinit
-100 -100 -100 -100 0.0000 coast_none
-100 -100 -100 -100 0.0000 coast_none
472.50 566.72 47.50 25.31 0.9710 reinit
472.50 566.72 47.50 25.31 0.0000 coast
-100 -100 -100 -100 0.0000 coast_none
195.00 167.34 90.00 26.72 0.9823 reinit
210.00 194.06 62.50 26.72 0.9752 high
211.12 196.05 60.45 26.72 0.0000 coast
214.21 201.57 54.77 26.72 0.0000 coast
207.50 215.16 107.50 37.97 0.9773 reinit
212.50 222.19 107.50 36.56 0.9810 high
222.50 222.19 110.00 36.56 0.9802 high
237.50 223.59 112.50 36.56 0.9807 high
247.50 223.59 117.50 37.97 0.9787 high
265.00 222.19 110.00 37.97 0.9801 high
280.00 216.56 110.00 36.56 0.9805 high
300.00 215.16 110.00 37.97 0.9816 high
315.00 213.75 115.00 37.97 0.9861 high
330.00 209.53 117.50 37.97 0.9813 high
345.00 209.53 112.50 36.56 0.9848 high
360.00 206.72 112.50 37.97 0.9832 high
377.50 205.31 110.00 37.97 0.9884 high
387.50 202.50 117.50 37.97 0.9851 high
395.00 201.09 117.50 37.97 0.9865 high
402.50 196.88 115.00 37.97 0.9857 high
412.50 194.06 112.50 39.38 0.9884 high
417.50 195.47 112.50 39.38 0.9874 high
422.50 191.25 120.00 37.97 0.9879 high
430.00 188.44 122.50 39.38 0.9837 high
430.00 187.03 125.00 39.38 0.9819 high
440.00 184.22 117.50 39.38 0.9867 high
442.50 178.59 112.50 39.38 0.9904 high
437.50 175.78 117.50 40.78 0.9839 high
440.00 175.78 115.00 39.38 0.9887 high
445.00 171.56 125.00 39.38 0.9846 high
445.00 168.75 127.50 40.78 0.9884 high
445.00 170.16 127.50 39.38 0.9872 high
432.50 168.75 127.50 40.78 0.9904 high
435.00 170.16 117.50 40.78 0.9825 high
435.00 171.56 115.00 39.38 0.9844 high
430.00 170.16 120.00 40.78 0.9838 high
427.50 168.75 125.00 40.78 0.9899 high
425.00 168.75 132.50 40.78 0.9901 high
427.50 165.94 130.00 42.19 0.9860 high
422.50 167.34 127.50 40.78 0.9847 high
420.00 168.75 117.50 40.78 0.9866 high
420.00 167.34 120.00 43.59 0.9881 high
420.00 170.16 117.50 40.78 0.9854 high
415.00 170.16 120.00 42.19 0.9874 high
407.50 172.97 130.00 42.19 0.9877 high
407.50 174.38 130.00 40.78 0.9853 high
402.50 175.78 130.00 40.78 0.9867 high
400.00 174.38 130.00 42.19 0.9843 high
400.00 175.78 125.00 40.78 0.9851 high
402.50 175.78 120.00 42.19 0.9878 high
402.50 177.19 120.00 42.19 0.9858 high
395.00 181.41 122.50 40.78 0.9892 high
395.00 177.19 122.50 42.19 0.9875 high
392.50 181.41 130.00 42.19 0.9909 high
390.00 180.00 132.50 40.78 0.9867 high
387.50 174.38 132.50 42.19 0.9865 high
385.00 177.19 130.00 43.59 0.9888 high
382.50 181.41 127.50 40.78 0.9850 high
385.00 178.59 122.50 42.19 0.9902 high
387.50 175.78 122.50 42.19 0.9908 high
387.50 175.78 125.00 40.78 0.9870 high
397.50 180.00 127.50 40.78 0.9900 high
405.00 182.81 130.00 40.78 0.9878 high
420.00 181.41 132.50 40.78 0.9910 high
437.50 180.00 125.00 42.19 0.9854 high
442.50 178.59 122.50 42.19 0.9936 high
427.50 185.62 122.50 40.78 0.9919 high
415.00 184.22 130.00 40.78 0.9855 high
400.00 172.97 132.50 42.19 0.9890 high
392.50 174.38 140.00 43.59 0.9881 high
387.50 180.00 137.50 42.19 0.9888 high
390.00 178.59 130.00 42.19 0.9921 high
385.00 171.56 125.00 43.59 0.9877 high
380.00 171.56 125.00 42.19 0.9897 high
385.00 165.94 125.00 42.19 0.9884 high
392.50 161.72 122.50 43.59 0.9885 high
397.50 157.50 125.00 43.59 0.9911 high
397.50 156.09 132.50 43.59 0.9877 high
392.50 156.09 137.50 43.59 0.9883 high
390.00 157.50 135.00 45.00 0.9865 high
395.00 157.50 125.00 43.59 0.9845 high
397.50 157.50 127.50 43.59 0.9850 high
400.00 153.28 125.00 43.59 0.9910 high
392.50 154.69 137.50 45.00 0.9866 high
397.50 154.69 132.50 42.19 0.9892 high
397.50 150.47 127.50 43.59 0.9886 high
397.50 149.06 122.50 45.00 0.9881 high
395.00 151.88 127.50 42.19 0.9904 high
400.00 154.69 132.50 42.19 0.9889 high
402.50 151.88 132.50 43.59 0.9868 high
405.00 151.88 137.50 45.00 0.9879 high
407.50 156.09 135.00 43.59 0.9842 high
407.50 153.28 127.50 43.59 0.9914 high
405.00 156.09 125.00 43.59 0.9872 high
410.00 157.50 125.00 42.19 0.9851 high
412.50 156.09 127.50 45.00 0.9860 high
417.50 154.69 130.00 45.00 0.9880 high
417.50 157.50 132.50 42.19 0.9872 high
415.00 157.50 135.00 43.59 0.9850 high
417.50 154.69 135.00 45.00 0.9848 high
425.00 157.50 135.00 42.19 0.9881 high
430.00 158.91 130.00 42.19 0.9872 high
430.00 156.09 125.00 45.00 0.9862 high
427.50 156.09 125.00 43.59 0.9908 high
430.00 154.69 125.00 45.00 0.9870 high
435.00 156.09 127.50 45.00 0.9854 high
432.50 157.50 132.50 42.19 0.9896 high
430.00 154.69 140.00 45.00 0.9853 high
435.00 154.69 132.50 43.59 0.9872 high
430.00 154.69 132.50 43.59 0.9853 high
427.50 150.47 125.00 43.59 0.9859 high
422.50 142.03 127.50 43.59 0.9884 high
422.50 140.62 127.50 43.59 0.9865 high
417.50 143.44 132.50 45.00 0.9925 high
420.00 149.06 135.00 42.19 0.9895 high
417.50 149.06 135.00 43.59 0.9883 high
415.00 151.88 135.00 43.59 0.9884 high
412.50 151.88 137.50 42.19 0.9868 high
412.50 151.88 130.00 45.00 0.9871 high
410.00 156.09 127.50 45.00 0.9843 high
405.00 154.69 125.00 43.59 0.9841 high
405.00 154.69 125.00 45.00 0.9891 high
402.50 160.31 125.00 43.59 0.9875 high
405.00 161.72 125.00 42.19 0.9891 high
412.50 163.12 122.50 43.59 0.9861 high
412.50 161.72 125.00 45.00 0.9877 high
412.50 161.72 122.50 43.59 0.9883 high
417.50 163.12 125.00 43.59 0.9871 high
422.50 165.94 127.50 43.59 0.9899 high
422.50 165.94 127.50 43.59 0.9869 high
427.50 168.75 125.00 43.59 0.9880 high
432.50 168.75 130.00 45.00 0.9856 high
440.00 171.56 132.50 43.59 0.9837 high
442.50 174.38 132.50 42.19 0.9843 high
447.50 174.38 135.00 43.59 0.9859 high
450.00 172.97 135.00 42.19 0.9889 high
455.00 170.16 135.00 43.59 0.9871 high
460.00 168.75 130.00 45.00 0.9867 high
460.00 171.56 130.00 42.19 0.9895 high
462.50 170.16 125.00 42.19 0.9898 high
462.50 168.75 122.50 43.59 0.9831 high
465.00 170.16 120.00 42.19 0.9865 high
470.00 168.75 122.50 42.19 0.9873 high
472.50 170.16 122.50 45.00 0.9852 high
467.50 177.19 132.50 42.19 0.9898 high
465.00 175.78 130.00 43.59 0.9875 high
462.50 174.38 132.50 43.59 0.9862 high
467.50 178.59 137.50 43.59 0.9866 high
472.50 184.22 132.50 45.00 0.9866 high
472.50 188.44 135.00 42.19 0.9869 high
480.00 191.25 132.50 43.59 0.9908 high
487.50 189.84 132.50 45.00 0.9862 high
487.50 194.06 127.50 42.19 0.9888 high
485.00 195.47 127.50 42.19 0.9873 high
487.50 188.44 127.50 43.59 0.9862 high
490.00 189.84 127.50 42.19 0.9895 high
497.50 191.25 122.50 42.19 0.9899 high
500.00 192.66 120.00 43.59 0.9854 high
507.50 198.28 122.50 43.59 0.9891 high
512.50 198.28 117.50 43.59 0.9882 high
510.00 201.09 122.50 43.59 0.9887 high
515.00 206.72 127.50 43.59 0.9885 high
522.50 209.53 130.00 43.59 0.9890 high
522.50 208.12 130.00 43.59 0.9853 high
530.00 208.12 130.00 42.19 0.9906 high
537.50 205.31 130.00 42.19 0.9852 high
542.50 202.50 127.50 42.19 0.9888 high
540.00 199.69 130.00 42.19 0.9883 high
537.50 198.28 122.50 42.19 0.9878 high
527.50 195.47 122.50 42.19 0.9852 high
525.00 192.66 120.00 43.59 0.9890 high
530.00 201.09 120.00 40.78 0.9884 high
535.00 203.91 117.50 40.78 0.9879 high
547.50 195.47 117.50 40.78 0.9845 high
560.00 188.44 115.00 40.78 0.9889 high
570.00 189.84 117.50 43.59 0.9888 high
570.00 195.47 115.00 40.78 0.9892 high
557.50 191.25 115.00 40.78 0.9897 high
540.00 188.44 117.50 40.78 0.9893 high
532.50 185.62 120.00 42.19 0.9854 high
535.00 188.44 122.50 42.19 0.9835 high
527.50 191.25 125.00 42.19 0.9913 high
517.50 196.88 127.50 42.19 0.9848 high
507.50 199.69 125.00 40.78 0.9898 high
500.00 203.91 127.50 42.19 0.9908 high
495.00 203.91 120.00 42.19 0.9853 high
495.00 202.50 117.50 42.19 0.9880 high
500.00 205.31 115.00 42.19 0.9876 high
507.50 210.94 112.50 43.59 0.9881 high
512.50 212.34 112.50 42.19 0.9889 high
517.50 213.75 112.50 42.19 0.9901 high
525.00 209.53 110.00 40.78 0.9864 high
527.50 202.50 112.50 42.19 0.9891 high
535.00 208.12 117.50 40.78 0.9876 high
537.50 209.53 122.50 40.78 0.9859 high
542.50 205.31 117.50 39.38 0.9867 high
542.50 203.91 110.00 42.19 0.9897 high
545.00 208.12 120.00 40.78 0.9866 high
550.00 210.94 105.00 40.78 0.9856 high
555.00 215.16 115.00 40.78 0.9886 high
550.00 216.56 105.00 40.78 0.9900 high
545.00 216.56 110.00 40.78 0.9891 high
545.00 216.56 117.50 40.78 0.9914 high
550.00 219.38 105.00 42.19 0.9921 high
557.50 227.81 97.50 40.78 0.9898 high
557.50 229.22 102.50 42.19 0.9896 high
560.00 227.81 110.00 42.19 0.9909 high
557.50 226.41 105.00 43.59 0.9923 high
562.50 226.41 95.00 43.59 0.9922 high
567.50 229.22 97.50 43.59 0.9884 high
565.00 227.81 102.50 45.00 0.9885 high
562.50 227.81 95.00 43.59 0.9900 high
567.50 229.22 87.50 45.00 0.9871 high
567.50 229.22 97.50 45.00 0.9906 high
557.50 229.22 97.50 45.00 0.9879 high
565.00 233.44 87.50 43.59 0.9867 high
555.00 233.44 100.00 43.59 0.9864 high
562.50 232.03 100.00 43.59 0.9876 high
567.50 237.66 97.50 45.00 0.9855 high
560.00 239.06 105.00 42.19 0.9852 high
575.00 236.25 97.50 42.19 0.9857 high
572.50 233.44 105.00 43.59 0.9875 high
572.50 232.03 107.50 43.59 0.9899 high
582.50 232.03 105.00 43.59 0.9842 high
577.50 233.44 115.00 43.59 0.9880 high
587.50 233.44 110.00 43.59 0.9882 high
597.50 234.84 110.00 43.59 0.9852 high
595.00 237.66 117.50 45.00 0.9886 high
610.00 239.06 110.00 45.00 0.9828 high
615.00 239.06 112.50 45.00 0.9835 high
612.50 241.88 117.50 43.59 0.9836 high
622.50 243.28 112.50 43.59 0.9867 high
627.50 248.91 122.50 42.19 0.9868 high
645.00 251.72 112.50 45.00 0.9871 high
642.50 251.72 122.50 45.00 0.9845 high
655.00 255.94 115.00 43.59 0.9889 high
645.00 260.16 125.00 43.59 0.9865 high
657.50 264.38 115.00 43.59 0.9896 high
652.50 272.81 122.50 43.59 0.9853 high
665.00 272.81 115.00 43.59 0.9884 high
667.50 272.81 120.00 42.19 0.9862 high
675.00 274.22 115.00 45.00 0.9873 high
675.00 277.03 115.00 42.19 0.9853 high
670.00 272.81 120.00 45.00 0.9846 high
675.00 274.22 115.00 42.19 0.9866 high
665.00 267.19 117.50 45.00 0.9841 high
665.00 265.78 107.50 42.19 0.9896 high
655.00 261.56 112.50 45.00 0.9890 high
655.00 261.56 110.00 46.41 0.9867 high
657.50 265.78 107.50 45.00 0.9887 high
650.00 262.97 110.00 47.81 0.9874 high
650.00 268.59 105.00 43.59 0.9879 high
655.00 267.19 100.00 45.00 0.9880 high
650.00 262.97 105.00 46.41 0.9862 high
655.00 261.56 97.50 43.59 0.9895 high
657.50 262.97 95.00 43.59 0.9890 high
650.00 258.75 102.50 45.00 0.9923 high
655.00 255.94 100.00 46.41 0.9902 high
665.00 255.94 92.50 47.81 0.9910 high
667.50 257.34 90.00 46.41 0.9888 high
660.00 260.16 95.00 43.59 0.9928 high
655.00 261.56 100.00 43.59 0.9853 high
665.00 258.75 95.00 43.59 0.9931 high
680.00 260.16 90.00 42.19 0.9857 high
682.50 258.75 87.50 42.19 0.9899 high
677.50 255.94 95.00 43.59 0.9867 high
677.50 254.53 97.50 42.19 0.9918 high
687.50 254.53 92.50 43.59 0.9910 high
695.00 255.94 90.00 40.78 0.9877 high
690.00 255.94 97.50 42.19 0.9902 high
702.50 253.12 90.00 43.59 0.9822 high
702.50 250.31 92.50 45.00 0.9884 high
710.00 253.12 87.50 43.59 0.9873 high
707.50 254.53 92.50 36.56 0.9889 high
720.00 257.34 85.00 36.56 0.9849 high
722.50 255.94 80.00 33.75 0.9877 high
717.50 258.75 87.50 30.94 0.9853 high
717.50 260.16 82.50 32.34 0.9879 high
722.50 257.34 82.50 32.34 0.9939 high
715.00 254.53 82.50 33.75 0.9907 high
712.50 251.72 90.00 36.56 0.9869 high
707.50 250.31 92.50 37.97 0.9867 high
710.00 248.91 82.50 36.56 0.9886 high
710.00 247.50 85.00 35.16 0.9906 high
707.50 248.91 82.50 35.16 0.9885 high
702.50 248.91 87.50 35.16 0.9936 high
702.50 246.09 82.50 35.16 0.9897 high
705.00 246.09 90.00 33.75 0.9869 high
700.00 248.91 92.50 32.34 0.9879 high
705.00 250.31 90.00 33.75 0.9922 high
697.50 251.72 95.00 33.75 0.9916 high
700.00 254.53 97.50 32.34 0.9870 high
695.00 254.53 92.50 32.34 0.9864 high
692.50 253.12 97.50 32.34 0.9897 high
690.00 255.94 92.50 30.94 0.9903 high
687.50 255.94 97.50 32.34 0.9867 high
690.00 255.94 95.00 30.94 0.9876 high
685.00 251.72 100.00 30.94 0.9885 high
690.00 251.72 95.00 32.34 0.9881 high
680.00 253.12 102.50 30.94 0.9868 high
685.00 255.94 97.50 30.94 0.9876 high
682.50 258.75 97.50 30.94 0.9862 high
682.50 260.16 92.50 30.94 0.9855 high
680.00 257.34 95.00 30.94 0.9860 high
675.00 255.94 105.00 30.94 0.9844 high
682.50 254.53 95.00 30.94 0.9876 high
680.00 253.12 100.00 30.94 0.9827 high
685.00 248.91 95.00 30.94 0.9881 high
682.50 247.50 92.50 32.34 0.9857 high
675.00 246.09 100.00 32.34 0.9896 high
682.50 244.69 92.50 32.34 0.9866 high
680.00 243.28 95.00 30.94 0.9883 high
682.50 243.28 92.50 30.94 0.9863 high
680.00 240.47 95.00 32.34 0.9846 high
677.50 237.66 95.00 30.94 0.9866 high
690.00 239.06 90.00 32.34 0.9845 high
687.50 241.88 87.50 32.34 0.9844 high
680.00 243.28 95.00 32.34 0.9943 high
687.50 244.69 95.00 32.34 0.9906 high
695.00 241.88 85.00 32.34 0.9912 high
695.00 240.47 85.00 32.34 0.9904 high
697.50 239.06 90.00 33.75 0.9927 high
695.00 240.47 95.00 33.75 0.9918 high
695.00 240.47 90.00 33.75 0.9890 high
695.00 239.06 87.50 33.75 0.9864 high
695.00 239.06 90.00 32.34 0.9868 high
705.00 239.06 82.50 32.34 0.9888 high
702.50 240.47 80.00 33.75 0.9903 high
700.00 241.88 80.00 32.34 0.9904 high
700.00 240.47 80.00 33.75 0.9873 high
695.00 241.88 80.00 32.34 0.9921 high
687.50 240.47 87.50 33.75 0.9920 high
690.00 237.66 87.50 35.16 0.9888 high
697.50 234.84 85.00 33.75 0.9889 high
695.00 233.44 87.50 35.16 0.9884 high
690.00 236.25 95.00 35.16 0.9865 high
692.50 240.47 90.00 33.75 0.9884 high
695.00 240.47 85.00 33.75 0.9868 high
687.50 240.47 90.00 33.75 0.9828 high
682.50 240.47 92.50 35.16 0.9888 high
690.00 243.28 82.50 35.16 0.9918 high
690.00 246.09 82.50 35.16 0.9902 high
687.50 247.50 87.50 35.16 0.9903 high
685.00 247.50 87.50 35.16 0.9908 high
687.50 248.91 85.00 36.56 0.9886 high
687.50 253.12 82.50 35.16 0.9883 high
685.00 255.94 85.00 37.97 0.9879 high
680.00 261.56 90.00 36.56 0.9928 high
672.50 261.56 90.00 36.56 0.9884 high
665.00 261.56 90.00 35.16 0.9883 high
662.50 257.34 95.00 36.56 0.9877 high
667.50 253.12 87.50 36.56 0.9898 high
667.50 253.12 85.00 35.16 0.9920 high
665.00 253.12 90.00 36.56 0.9902 high
655.00 255.94 95.00 36.56 0.9862 high
652.50 254.53 95.00 35.16 0.9855 high
655.00 248.91 95.00 35.16 0.9864 high
652.50 247.50 95.00 36.56 0.9903 high
647.50 251.72 87.50 33.75 0.9855 high
647.50 250.31 95.00 36.56 0.9893 high
647.50 254.53 90.00 35.16 0.9874 high
645.00 255.94 87.50 33.75 0.9881 high
645.00 254.53 90.00 35.16 0.9904 high
645.00 253.12 95.00 35.16 0.9887 high
645.00 253.12 90.00 33.75 0.9892 high
645.00 248.91 90.00 35.16 0.9886 high
650.00 244.69 92.50 36.56 0.9887 high
650.00 246.09 87.50 35.16 0.9874 high
650.00 250.31 85.00 35.16 0.9897 high
645.00 248.91 92.50 37.97 0.9898 high
650.00 248.91 92.50 36.56 0.9860 high
650.00 251.72 90.00 35.16 0.9910 high
642.50 255.94 92.50 36.56 0.9923 high
645.00 255.94 95.00 36.56 0.9870 high
645.00 255.94 90.00 35.16 0.9901 high
645.00 257.34 92.50 36.56 0.9914 high
637.50 257.34 107.50 36.56 0.9903 high
637.50 260.16 97.50 36.56 0.9880 high
640.00 260.16 100.00 36.56 0.9880 high
645.00 260.16 97.50 36.56 0.9888 high
645.00 262.97 90.00 35.16 0.9885 high
647.50 265.78 97.50 36.56 0.9896 high
640.00 268.59 97.50 35.16 0.9906 high
642.50 265.78 102.50 35.16 0.9894 high
647.50 267.19 97.50 33.75 0.9911 high
652.50 265.78 97.50 35.16 0.9900 high
650.00 265.78 95.00 35.16 0.9910 high
647.50 267.19 95.00 35.16 0.9894 high
650.00 267.19 97.50 35.16 0.9895 high
650.00 265.78 92.50 33.75 0.9921 high
645.00 262.97 100.00 33.75 0.9921 high
640.00 264.38 92.50 32.34 0.9910 high
637.50 265.78 102.50 33.75 0.9871 high
635.00 265.78 97.50 33.75 0.9893 high
630.00 267.19 102.50 35.16 0.9926 high
635.00 271.41 97.50 35.16 0.9864 high
635.00 274.22 95.00 33.75 0.9916 high
630.00 274.22 97.50 33.75 0.9887 high
630.00 278.44 92.50 32.34 0.9900 high
627.50 278.44 100.00 33.75 0.9935 high
625.00 275.62 95.00 33.75 0.9892 high
625.00 274.22 105.00 33.75 0.9854 high
627.50 275.62 97.50 35.16 0.9867 high
627.50 277.03 102.50 35.16 0.9900 high
635.00 277.03 100.00 36.56 0.9846 high
642.50 277.03 97.50 33.75 0.9883 high
645.00 274.22 105.00 35.16 0.9910 high
652.50 275.62 97.50 33.75 0.9897 high
650.00 274.22 105.00 35.16 0.9897 high
655.00 278.44 97.50 33.75 0.9858 high
662.50 272.81 100.00 35.16 0.9890 high
667.50 271.41 97.50 35.16 0.9895 high
675.00 267.19 100.00 36.56 0.9873 high
675.00 267.19 102.50 33.75 0.9862 high
667.50 261.56 107.50 36.56 0.9883 high
675.00 258.75 100.00 35.16 0.9900 high
682.50 257.34 102.50 36.56 0.9898 high
690.00 257.34 102.50 36.56 0.9831 high
695.00 255.94 100.00 35.16 0.9843 high
695.00 255.94 107.50 35.16 0.9891 high
702.50 255.94 97.50 35.16 0.9847 high
705.00 255.94 105.00 36.56 0.9861 high
710.00 261.56 100.00 36.56 0.9856 high
720.00 265.78 110.00 36.56 0.9894 high
725.00 274.22 100.00 35.16 0.9879 high
727.50 277.03 112.50 35.16 0.9880 high
742.50 277.03 100.00 33.75 0.9862 high
752.50 274.22 110.00 35.16 0.9887 high
755.00 278.44 100.00 35.16 0.9901 high
765.00 281.25 110.00 36.56 0.9894 high
775.00 281.25 100.00 35.16 0.9915 high
780.00 277.03 107.50 36.56 0.9855 high
782.50 277.03 102.50 36.56 0.9885 high
790.00 278.44 112.50 36.56 0.9885 high
797.50 281.25 100.00 35.16 0.9885 high
797.50 279.84 110.00 36.56 0.9866 high
797.50 284.06 100.00 35.16 0.9925 high
797.50 281.25 110.00 37.97 0.9909 high
800.00 282.66 105.00 35.16 0.9869 high
805.00 278.44 110.00 36.56 0.9880 high
807.50 277.03 105.00 35.16 0.9904 high
815.00 271.41 107.50 36.56 0.9875 high
817.50 270.00 102.50 35.16 0.9858 high
822.50 268.59 105.00 36.56 0.9869 high
820.00 267.19 100.00 33.75 0.9901 high
817.50 264.38 100.00 33.75 0.9837 high
817.50 262.97 97.50 33.75 0.9875 high
847.50 264.38 70.00 33.75 0.9878 high
843.83 262.68 76.21 33.50 0.0000 coast
848.52 261.70 73.32 33.32 0.0000 coast
862.50 271.41 42.50 28.12 0.9895 high
855.00 274.22 42.50 26.72 0.9916 high
852.50 274.22 37.50 26.72 0.9941 high
845.00 274.22 42.50 26.72 0.9893 high
847.50 272.81 40.00 26.72 0.9897 high
847.31 273.75 36.34 26.00 0.0000 coast
847.15 274.04 33.57 25.52 0.0000 coast
815.00 271.41 97.50 30.94 0.9816 reinit
815.00 267.19 97.50 33.75 0.9833 high
822.50 262.97 102.50 33.75 0.9871 high
817.50 260.16 105.00 36.56 0.9822 high
815.00 257.34 110.00 37.97 0.9878 high
815.00 251.72 102.50 36.56 0.9877 high
817.50 243.28 112.50 39.38 0.9873 high
820.00 241.88 105.00 36.56 0.9890 high
825.00 230.62 110.00 37.97 0.9887 high
830.00 223.59 105.00 37.97 0.9898 high
837.50 216.56 110.00 39.38 0.9878 high
845.00 222.19 105.00 37.97 0.9887 high
832.50 220.78 112.50 39.38 0.9891 high
825.00 219.38 110.00 39.38 0.9867 high
822.50 219.38 107.50 40.78 0.9873 high
825.00 220.78 112.50 39.38 0.9870 high
827.50 216.56 107.50 39.38 0.9861 high
832.50 219.38 117.50 40.78 0.9844 high
835.00 225.00 105.00 37.97 0.9885 high
830.00 223.59 115.00 40.78 0.9872 high
827.50 227.81 112.50 37.97 0.9859 high
830.00 225.00 110.00 40.78 0.9878 high
835.00 226.41 115.00 40.78 0.9888 high
832.50 232.03 110.00 39.38 0.9858 high
835.00 233.44 117.50 40.78 0.9862 high
832.50 237.66 107.50 39.38 0.9912 high
832.50 236.25 115.00 40.78 0.9884 high
832.50 237.66 107.50 39.38 0.9867 high
830.00 233.44 115.00 42.19 0.9850 high
827.50 234.84 110.00 39.38 0.9893 high
827.50 233.44 115.00 42.19 0.9873 high
827.50 233.44 112.50 40.78 0.9895 high
822.50 230.62 112.50 43.59 0.9864 high
817.50 233.44 112.50 42.19 0.9880 high
817.50 233.44 112.50 43.59 0.9855 high
815.00 233.44 112.50 43.59 0.9874 high
812.50 234.84 112.50 46.41 0.9857 high
810.00 239.06 110.00 43.59 0.9875 high
810.00 236.25 115.00 47.81 0.9883 high
807.50 240.47 112.50 46.41 0.9864 high
810.00 240.47 115.00 47.81 0.9846 high
810.00 241.88 107.50 46.41 0.9896 high
812.50 236.25 112.50 50.62 0.9841 high
812.50 237.66 112.50 47.81 0.9847 high
815.00 234.84 115.00 52.03 0.9827 high
815.00 246.09 110.00 47.81 0.9850 high
812.50 250.31 115.00 52.03 0.9851 high
810.00 261.56 112.50 47.81 0.9835 high
810.00 264.38 110.00 45.00 0.9881 high
815.00 262.97 110.00 42.19 0.9867 high
815.00 265.78 110.00 39.38 0.9879 high
807.50 265.78 112.50 39.38 0.9874 high
810.00 264.38 110.00 39.38 0.9889 high
812.50 264.38 110.00 37.97 0.9882 high
807.50 264.38 112.50 37.97 0.9832 high
805.00 258.75 112.50 39.38 0.9840 high
805.00 257.34 115.00 40.78 0.9831 high
800.00 260.16 117.50 37.97 0.9895 high
797.50 250.31 110.00 36.56 0.9850 high
802.50 241.88 110.00 37.97 0.9768 high
802.50 237.66 117.50 37.97 0.9803 high
802.50 236.25 107.50 37.97 0.9867 high
802.50 233.44 120.00 39.38 0.9838 high
805.00 236.25 110.00 39.38 0.9890 high
807.50 237.66 117.50 39.38 0.9852 high
810.00 237.66 110.00 39.38 0.9893 high
810.00 240.47 112.50 37.97 0.9864 high
807.50 244.69 117.50 35.16 0.9901 high
810.00 241.88 105.00 35.16 0.9889 high
810.00 237.66 110.00 36.56 0.9841 high
810.00 237.66 112.50 36.56 0.9890 high
802.50 237.66 110.00 37.97 0.9862 high
795.00 237.66 120.00 37.97 0.9884 high
795.00 233.44 117.50 40.78 0.9850 high
795.00 236.25 115.00 39.38 0.9863 high
797.50 236.25 122.50 39.38 0.9835 high
797.50 233.44 112.50 39.38 0.9895 high
795.00 232.03 117.50 40.78 0.9846 high
795.00 233.44 107.50 40.78 0.9856 high
790.00 234.84 120.00 42.19 0.9901 high
787.50 234.84 107.50 39.38 0.9863 high
785.00 229.22 117.50 40.78 0.9884 high
777.50 233.44 110.00 37.97 0.9870 high
770.00 232.03 110.00 40.78 0.9891 high
770.00 232.03 115.00 40.78 0.9873 high
765.00 232.03 110.00 40.78 0.9889 high
762.50 227.81 117.50 42.19 0.9885 high
760.00 230.62 110.00 37.97 0.9821 high
755.00 226.41 115.00 42.19 0.9858 high
747.50 229.22 110.00 39.38 0.9871 high
745.00 226.41 110.00 40.78 0.9867 high
745.00 226.41 112.50 40.78 0.9880 high
742.50 220.78 110.00 42.19 0.9862 high
737.50 219.38 117.50 42.19 0.9861 high
737.50 222.19 107.50 40.78 0.9891 high
740.00 222.19 115.00 42.19 0.9894 high
740.00 225.00 110.00 39.38 0.9871 high
737.50 223.59 110.00 42.19 0.9864 high
737.50 222.19 115.00 40.78 0.9864 high
737.50 219.38 107.50 40.78 0.9881 high
735.00 216.56 115.00 40.78 0.9895 high
732.50 216.56 110.00 40.78 0.9879 high
735.00 216.56 115.00 40.78 0.9905 high
737.50 217.97 107.50 39.38 0.9872 high
737.50 213.75 117.50 42.19 0.9879 high
737.50 216.56 112.50 39.38 0.9884 high
742.50 215.16 110.00 40.78 0.9889 high
740.00 216.56 112.50 40.78 0.9851 high
730.00 216.56 105.00 39.38 0.9869 high
727.50 213.75 117.50 39.38 0.9870 high
735.00 210.94 107.50 39.38 0.9888 high
737.50 208.12 115.00 39.38 0.9879 high
740.00 206.72 105.00 37.97 0.9913 high
745.00 205.31 112.50 40.78 0.9812 high
747.50 213.75 110.00 39.38 0.9867 high
740.00 217.97 110.00 40.78 0.9859 high
737.50 220.78 115.00 39.38 0.9884 high
745.00 219.38 107.50 40.78 0.9904 high
747.50 222.19 115.00 40.78 0.9854 high
745.00 225.00 105.00 37.97 0.9890 high
745.00 225.00 115.00 40.78 0.9812 high
747.50 230.62 105.00 37.97 0.9912 high
747.50 230.62 107.50 40.78 0.9839 high
747.50 230.62 112.50 37.97 0.9877 high
752.50 227.81 107.50 39.38 0.9896 high
755.00 226.41 115.00 40.78 0.9869 high
755.00 227.81 107.50 39.38 0.9901 high
755.00 229.22 110.00 40.78 0.9856 high
755.00 232.03 110.00 37.97 0.9890 high
750.00 229.22 105.00 39.38 0.9871 high
747.50 226.41 112.50 40.78 0.9869 high
750.00 226.41 102.50 39.38 0.9862 high
752.50 225.00 112.50 40.78 0.9862 high
752.50 225.00 105.00 39.38 0.9866 high
750.00 220.78 110.00 42.19 0.9867 high
750.00 222.19 105.00 39.38 0.9882 high
750.00 217.97 110.00 40.78 0.9898 high
757.50 217.97 107.50 40.78 0.9871 high
757.50 219.38 105.00 40.78 0.9894 high
752.50 222.19 110.00 40.78 0.9864 high
755.00 222.19 102.50 39.38 0.9888 high
752.50 216.56 112.50 40.78 0.9837 high
750.00 215.16 102.50 39.38 0.9905 high
752.50 213.75 107.50 40.78 0.9885 high
752.50 217.97 110.00 39.38 0.9885 high
747.50 219.38 105.00 40.78 0.9867 high
752.50 220.78 110.00 39.38 0.9885 high
755.00 222.19 100.00 37.97 0.9891 high
752.50 220.78 105.00 40.78 0.9863 high
750.00 222.19 102.50 39.38 0.9871 high
747.50 222.19 100.00 40.78 0.9887 high
750.00 226.41 105.00 40.78 0.9867 high
747.50 229.22 107.50 40.78 0.9839 high
742.50 232.03 102.50 39.38 0.9888 high
742.50 229.22 110.00 40.78 0.9886 high
740.00 232.03 102.50 37.97 0.9882 high
737.50 229.22 105.00 40.78 0.9880 high
735.00 229.22 100.00 39.38 0.9836 high
737.50 225.00 105.00 42.19 0.9875 high
735.00 225.00 102.50 39.38 0.9859 high
732.50 223.59 107.50 40.78 0.9879 high
730.00 225.00 102.50 39.38 0.9902 high
727.50 222.19 105.00 40.78 0.9883 high
727.50 222.19 107.50 39.38 0.9842 high
725.00 217.97 102.50 40.78 0.9879 high
727.50 217.97 107.50 40.78 0.9924 high
727.50 217.97 102.50 40.78 0.9891 high
730.00 216.56 107.50 39.38 0.9845 high
732.50 212.34 102.50 40.78 0.9844 high
732.50 210.94 105.00 39.38 0.9886 high
730.00 208.12 100.00 40.78 0.9902 high
730.00 208.12 107.50 40.78 0.9868 high
732.50 209.53 100.00 39.38 0.9865 high
730.00 209.53 107.50 40.78 0.9847 high
730.00 210.94 100.00 36.56 0.9857 high
727.50 209.53 102.50 40.78 0.9900 high
725.00 212.34 100.00 37.97 0.9874 high
725.00 212.34 100.00 39.38 0.9877 high
722.50 213.75 107.50 37.97 0.9872 high
720.00 215.16 105.00 36.56 0.9920 high
715.00 220.78 97.50 37.97 0.9922 high
715.00 222.19 100.00 40.78 0.9907 high
712.50 225.00 102.50 37.97 0.9882 high
710.00 222.19 97.50 40.78 0.9912 high
705.00 223.59 105.00 37.97 0.9909 high
702.50 220.78 97.50 39.38 0.9906 high
700.00 220.78 97.50 37.97 0.9906 high
700.00 217.97 100.00 40.78 0.9863 high
695.00 220.78 100.00 39.38 0.9900 high
687.50 219.38 100.00 39.38 0.9869 high
685.00 220.78 97.50 36.56 0.9879 high
682.50 215.16 100.00 37.97 0.9900 high
680.00 213.75 100.00 36.56 0.9897 high
680.00 210.94 95.00 37.97 0.9862 high
675.00 210.94 105.00 37.97 0.9880 high
670.00 215.16 100.00 35.16 0.9918 high
665.00 212.34 97.50 37.97 0.9888 high
665.00 213.75 105.00 37.97 0.9905 high
665.00 212.34 95.00 37.97 0.9868 high
662.50 210.94 100.00 37.97 0.9923 high
662.50 209.53 92.50 39.38 0.9881 high
660.00 209.53 102.50 37.97 0.9899 high
662.50 208.12 92.50 37.97 0.9914 high
657.50 208.12 102.50 39.38 0.9883 high
655.00 209.53 92.50 36.56 0.9900 high
657.50 203.91 97.50 39.38 0.9876 high
655.00 202.50 95.00 37.97 0.9886 high
647.50 199.69 92.50 39.38 0.9897 high
645.00 199.69 97.50 37.97 0.9877 high
645.00 198.28 90.00 36.56 0.9906 high
642.50 195.47 92.50 39.38 0.9857 high
635.00 198.28 100.00 37.97 0.9902 high
630.00 201.09 92.50 36.56 0.9849 high
632.50 196.88 97.50 37.97 0.9878 high
630.00 198.28 90.00 36.56 0.9904 high
625.00 195.47 90.00 37.97 0.9865 high
617.50 196.88 97.50 36.56 0.9907 high
612.50 198.28 90.00 36.56 0.9905 high
610.00 198.28 95.00 37.97 0.9907 high
612.50 198.28 90.00 36.56 0.9897 high
610.00 194.06 90.00 39.38 0.9910 high
607.50 199.69 95.00 36.56 0.9938 high
605.00 201.09 85.00 37.97 0.9934 high
597.50 201.09 95.00 37.97 0.9912 high
595.00 203.91 85.00 36.56 0.9860 high
590.00 203.91 90.00 37.97 0.9869 high
587.50 208.12 87.50 36.56 0.9913 high
580.00 205.31 87.50 36.56 0.9928 high
575.00 205.31 95.00 37.97 0.9908 high
572.50 209.53 87.50 36.56 0.9890 high
570.00 206.72 90.00 37.97 0.9903 high
565.00 208.12 92.50 35.16 0.9890 high
565.00 208.12 85.00 37.97 0.9906 high
560.00 206.72 95.00 36.56 0.9840 high
555.00 206.72 82.50 35.16 0.9881 high
552.50 205.31 90.00 36.56 0.9899 high
550.00 205.31 90.00 35.16 0.9868 high
547.50 203.91 85.00 36.56 0.9888 high
545.00 205.31 92.50 35.16 0.9882 high
540.00 205.31 85.00 35.16 0.9880 high
540.00 205.31 92.50 36.56 0.9887 high
540.00 210.94 82.50 35.16 0.9875 high
545.00 208.12 87.50 36.56 0.9880 high
547.50 210.94 82.50 33.75 0.9926 high
550.00 208.12 87.50 36.56 0.9839 high
560.00 212.34 87.50 35.16 0.9933 high
565.00 216.56 82.50 36.56 0.9871 high
562.50 222.19 90.00 36.56 0.9873 high
565.00 223.59 80.00 33.75 0.9885 high
567.50 225.00 87.50 36.56 0.9893 high
570.00 230.62 82.50 35.16 0.9930 high
572.50 232.03 80.00 36.56 0.9891 high
570.00 234.84 92.50 36.56 0.9883 high
572.50 236.25 80.00 35.16 0.9931 high
570.00 236.25 90.00 36.56 0.9894 high
567.50 240.47 80.00 33.75 0.9940 high
567.50 239.06 82.50 36.56 0.9896 high
565.00 241.88 87.50 35.16 0.9925 high
565.00 243.28 80.00 35.16 0.9869 high
565.00 243.28 87.50 35.16 0.9913 high
570.00 241.88 77.50 35.16 0.9888 high
575.00 240.47 87.50 35.16 0.9902 high
575.00 240.47 77.50 35.16 0.9874 high
572.50 237.66 85.00 36.56 0.9883 high
575.00 236.25 77.50 33.75 0.9914 high
580.00 232.03 82.50 35.16 0.9912 high
582.50 233.44 77.50 33.75 0.9912 high
582.50 227.81 80.00 35.16 0.9903 high
582.50 227.81 75.00 33.75 0.9920 high
582.50 220.78 80.00 36.56 0.9905 high
585.00 219.38 75.00 35.16 0.9889 high
585.00 216.56 77.50 35.16 0.9900 high
582.50 216.56 77.50 33.75 0.9955 high
585.00 210.94 75.00 36.56 0.9867 high
587.50 209.53 80.00 33.75 0.9917 high
582.50 203.91 75.00 33.75 0.9917 high
582.50 195.47 87.50 35.16 0.9860 high
587.50 194.06 75.00 33.75 0.9881 high
585.00 192.66 85.00 35.16 0.9909 high
585.00 194.06 72.50 33.75 0.9901 high
582.50 194.06 82.50 35.16 0.9865 high
585.00 192.66 72.50 33.75 0.9878 high
590.00 192.66 72.50 30.94 0.9871 high
585.00 191.25 87.50 32.34 0.9850 high
582.50 194.06 72.50 32.34 0.9868 high
575.00 196.88 75.00 32.34 0.9871 high
582.50 196.88 77.50 30.94 0.9885 high
575.00 196.88 75.00 30.94 0.9880 high
575.00 198.28 80.00 32.34 0.9844 high
562.50 201.09 75.00 32.34 0.9908 high
567.50 203.91 75.00 29.53 0.9900 high
560.00 205.31 77.50 30.94 0.9836 high
555.00 205.31 75.00 30.94 0.9915 high
545.00 203.91 85.00 32.34 0.9863 high
540.00 205.31 77.50 30.94 0.9837 high
530.00 206.72 80.00 29.53 0.9875 high
525.00 209.53 80.00 29.53 0.9862 high
520.00 210.94 82.50 29.53 0.9903 high
515.00 209.53 82.50 29.53 0.9864 high
505.00 209.53 87.50 30.94 0.9845 high
502.50 209.53 85.00 30.94 0.9857 high
492.50 209.53 87.50 30.94 0.9824 high
492.50 210.94 85.00 30.94 0.9860 high
482.50 210.94 87.50 32.34 0.9862 high
480.00 212.34 90.00 30.94 0.9868 high
485.00 213.75 87.50 30.94 0.9865 high
480.00 215.16 90.00 30.94 0.9879 high
472.50 217.97 87.50 29.53 0.9900 high
470.00 219.38 90.00 32.34 0.9830 high
477.50 219.38 90.00 30.94 0.9863 high
477.50 216.56 90.00 29.53 0.9857 high
467.50 215.16 95.00 30.94 0.9833 high
467.50 215.16 90.00 32.34 0.9865 high
467.50 215.16 92.50 30.94 0.9839 high
462.50 213.75 92.50 32.34 0.9867 high
460.00 215.16 92.50 30.94 0.9872 high
450.00 213.75 95.00 32.34 0.9880 high
450.00 215.16 92.50 29.53 0.9867 high
450.00 215.16 95.00 29.53 0.9852 high
450.00 216.56 90.00 30.94 0.9894 high
445.00 220.78 90.00 28.12 0.9876 high
440.00 220.78 92.50 29.53 0.9903 high
437.50 223.59 92.50 29.53 0.9866 high
432.50 223.59 92.50 28.12 0.9811 high
430.00 222.19 92.50 28.12 0.9804 high
427.50 220.78 92.50 30.94 0.9823 high
427.50 220.78 87.50 30.94 0.9842 high
422.50 223.59 87.50 29.53 0.9886 high
420.00 222.19 90.00 30.94 0.9883 high
425.00 222.19 85.00 30.94 0.9914 high
417.50 222.19 90.00 30.94 0.9876 high
415.00 220.78 87.50 30.94 0.9884 high
417.50 222.19 82.50 30.94 0.9863 high
412.50 225.00 85.00 32.34 0.9856 high
415.00 227.81 80.00 29.53 0.9914 high
412.50 227.81 82.50 30.94 0.9872 high
415.00 230.62 80.00 29.53 0.9871 high
410.00 232.03 77.50 30.94 0.9833 high
407.50 234.84 77.50 30.94 0.9930 high
410.00 237.66 75.00 30.94 0.9884 high
407.50 237.66 72.50 29.53 0.9888 high
407.50 236.25 72.50 30.94 0.9869 high
410.00 236.25 70.00 30.94 0.9868 high
407.50 236.25 70.00 30.94 0.9919 high
402.50 237.66 70.00 30.94 0.9859 high
402.50 241.88 70.00 29.53 0.9941 high
402.50 243.28 65.00 30.94 0.9847 high
402.50 243.28 65.00 30.94 0.9895 high
400.00 243.28 67.50 30.94 0.9916 high
397.50 246.09 65.00 30.94 0.9908 high
390.00 247.50 65.00 30.94 0.9907 high
390.00 247.50 65.00 29.53 0.9877 high
387.50 248.91 62.50 29.53 0.9859 high
385.00 250.31 67.50 29.53 0.9920 high
385.00 250.31 62.50 29.53 0.9900 high
382.50 248.91 70.00 29.53 0.9918 high
377.50 250.31 67.50 29.53 0.9871 high
375.00 253.12 72.50 29.53 0.9929 high
370.00 253.12 70.00 29.53 0.9879 high
370.00 253.12 67.50 28.12 0.9889 high
367.50 250.31 65.00 29.53 0.9922 high
370.00 248.91 70.00 29.53 0.9897 high
