667.50 80.16 87.50 87.19 0.9802 init
655.00 75.94 105.00 102.66 0.9878 high
672.50 98.44 90.00 77.34 0.9876 high
665.00 95.62 100.00 98.44 0.9886 high
675.00 116.72 87.50 81.56 0.9861 high
672.50 125.16 87.50 77.34 0.9847 high
672.50 130.78 80.00 88.59 0.9851 high
682.50 150.47 75.00 73.12 0.9862 high
680.00 154.69 80.00 71.72 0.9831 high
677.50 163.12 85.00 78.75 0.9892 high
687.50 178.59 70.00 67.50 0.9809 high
680.00 188.44 75.00 63.28 0.9886 high
685.00 189.84 65.00 74.53 0.9851 high
687.50 205.31 62.50 59.06 0.9825 high
685.00 212.34 67.50 64.69 0.9851 high
692.50 215.16 62.50 66.09 0.9901 high
685.00 226.41 70.00 54.84 0.9905 high
692.50 236.25 60.00 56.25 0.9835 high
690.00 234.84 60.00 61.88 0.9800 high
690.00 244.69 57.50 52.03 0.9884 high
695.00 248.91 55.00 52.03 0.9774 high
690.00 248.91 60.00 59.06 0.9740 high
695.00 258.75 55.00 52.03 0.9895 high
695.00 260.16 55.00 47.81 0.9841 high
692.50 260.16 52.50 52.03 0.9814 high
695.00 267.19 47.50 50.62 0.9803 high
695.00 272.81 50.00 45.00 0.9835 high
695.00 271.41 50.00 46.41 0.9812 high
695.00 274.22 50.00 49.22 0.9830 high
695.00 281.25 47.50 40.78 0.9827 high
697.50 279.84 42.50 42.19 0.9854 high
695.00 281.25 45.00 43.59 0.9878 high
695.00 285.47 45.00 42.19 0.9828 high
697.50 288.28 45.00 42.19 0.9869 high
695.00 286.88 47.50 40.78 0.9822 high
697.50 291.09 45.00 37.97 0.9781 high
700.00 293.91 42.50 37.97 0.9836 high
700.00 292.50 40.00 42.19 0.9809 high
697.50 295.31 40.00 37.97 0.9848 high
702.50 298.12 35.00 32.34 0.9885 high
700.00 298.12 40.00 36.56 0.9860 high
702.50 296.72 37.50 39.38 0.9899 high
702.50 300.94 37.50 35.16 0.9816 high
700.00 303.75 40.00 30.94 0.9826 high
702.50 300.94 35.00 36.56 0.9737 high
702.50 305.16 32.50 32.34 0.9796 high
702.50 305.16 32.50 30.94 0.9792 high
705.00 307.97 32.50 30.94 0.9749 high
702.50 306.56 35.00 33.75 0.9829 high
705.00 307.97 32.50 32.34 0.9852 high
705.00 309.38 32.50 29.53 0.9806 high
705.00 312.19 32.50 26.72 0.9826 high
707.50 310.78 25.00 29.53 0.9849 high
707.50 310.78 27.50 29.53 0.9859 high
707.50 312.19 27.50 29.53 0.9831 high
707.50 313.59 30.00 28.12 0.9889 high
710.00 315.00 27.50 25.31 0.9898 high
710.00 315.00 27.50 29.53 0.9845 high
710.00 313.59 27.50 29.53 0.9842 high
710.00 316.41 27.50 26.72 0.9789 high
712.50 316.41 25.00 25.31 0.9840 high
712.50 317.81 25.00 23.91 0.9884 high
712.50 317.81 25.00 23.91 0.9745 high
715.00 317.81 22.50 23.91 0.9831 high
712.50 319.22 27.50 22.50 0.9753 high
715.00 317.81 25.00 25.31 0.9920 high
717.50 320.62 22.50 22.50 0.9733 high
717.50 319.22 22.50 22.50 0.9830 high
715.00 319.22 27.50 22.50 0.9821 high
717.50 317.81 25.00 23.91 0.9905 high
717.50 319.22 25.00 22.50 0.9838 high
717.50 317.81 25.00 22.50 0.9887 high
717.50 317.81 25.00 23.91 0.9745 high
717.50 317.81 27.50 19.69 0.9863 high
720.00 317.81 25.00 22.50 0.9932 high
720.00 316.41 25.00 22.50 0.9859 high
720.00 316.41 22.50 21.09 0.9758 high
722.50 316.41 20.00 21.09 0.9817 high
720.00 316.41 22.50 19.69 0.9755 high
722.50 316.41 20.00 19.69 0.9904 high
722.50 316.41 22.50 19.69 0.9654 high
722.50 315.00 20.00 19.69 0.9701 high
722.50 315.00 20.00 19.69 0.9795 high
722.50 315.00 20.00 21.09 0.9749 high
722.50 313.59 20.00 22.50 0.9925 high
722.50 316.41 17.50 19.69 0.9719 high
720.00 316.41 20.00 19.69 0.9891 high
717.50 319.22 22.50 16.88 0.9700 high
720.00 316.41 17.50 19.69 0.9829 high
717.50 317.81 20.00 18.28 0.9767 high
717.50 320.62 17.50 15.47 0.9924 high
717.50 319.22 17.50 18.28 0.9830 high
715.00 322.03 20.00 15.47 0.9765 high
717.50 322.03 17.50 15.47 0.9847 high
715.00 322.03 17.50 16.88 0.9856 high
715.00 322.03 17.50 18.28 0.9660 high
710.00 322.03 20.00 16.88 0.9710 high
710.00 323.44 20.00 16.88 0.9857 high
707.50 322.03 20.00 18.28 0.9900 high
707.50 323.44 20.00 18.28 0.9878 high
