1432.50 354.38 33.75 27.42 0.9804 init
1432.50 356.48 33.75 27.42 0.9885 high
1428.75 358.59 37.50 25.31 0.9884 high
1432.50 358.59 33.75 27.42 0.9851 high
1432.50 360.70 33.75 25.31 0.9882 high
1432.50 360.70 37.50 25.31 0.9838 high
1432.50 358.59 37.50 27.42 0.9891 high
1432.50 358.59 37.50 27.42 0.9816 high
1436.25 358.59 33.75 27.42 0.9959 high
1436.25 356.48 37.50 29.53 0.9870 high
1440.00 356.48 33.75 29.53 0.9885 high
1443.75 356.48 33.75 29.53 0.9884 high
1447.50 356.48 33.75 29.53 0.9850 high
1451.25 354.38 37.50 31.64 0.9922 high
1458.75 354.38 33.75 29.53 0.9874 high
1462.50 352.27 37.50 29.53 0.9781 high
1470.00 352.27 37.50 27.42 0.9910 high
1477.50 350.16 37.50 27.42 0.9877 high
1485.00 350.16 37.50 27.42 0.9827 high
1492.50 348.05 37.50 27.42 0.9947 high
1503.75 348.05 37.50 25.31 0.9871 high
1511.25 345.94 37.50 27.42 0.9935 high
1518.75 341.72 37.50 29.53 0.9814 high
1526.25 339.61 41.25 29.53 0.9816 high
1537.50 339.61 33.75 29.53 0.9835 high
1541.25 339.61 37.50 29.53 0.9891 high
1548.75 335.39 37.50 31.64 0.9896 high
1556.25 335.39 37.50 31.64 0.9860 high
1563.75 333.28 37.50 33.75 0.9733 high
1567.50 333.28 37.50 31.64 0.9793 high
1575.00 331.17 33.75 31.64 0.9946 high
1578.75 329.06 37.50 31.64 0.9855 high
1578.75 326.95 37.50 31.64 0.9935 high
1582.50 324.84 37.50 31.64 0.9966 high
1586.25 322.73 37.50 29.53 0.9843 high
1590.00 318.52 37.50 31.64 0.9972 high
1590.00 316.41 37.50 29.53 0.9963 high
1593.75 314.30 37.50 27.42 0.9887 high
1593.75 310.08 37.50 27.42 0.9867 high
1593.75 305.86 37.50 27.42 0.9862 high
1597.50 301.64 33.75 27.42 0.9916 high
1597.50 297.42 37.50 27.42 0.9920 high
1597.50 293.20 41.25 29.53 0.9951 high
1597.50 291.09 37.50 27.42 0.9897 high
1601.25 288.98 37.50 27.42 0.9951 high
1597.50 284.77 41.25 29.53 0.9938 high
1597.50 282.66 41.25 29.53 0.9878 high
1601.25 280.55 37.50 29.53 0.9903 high
1601.25 276.33 37.50 29.53 0.9930 high
1601.25 274.22 37.50 31.64 0.9911 high
1601.25 272.11 41.25 31.64 0.9783 high
1601.25 272.11 37.50 31.64 0.9885 high
1601.25 272.11 37.50 31.64 0.9943 high
1601.25 272.11 37.50 31.64 0.9933 high
1601.25 274.22 37.50 31.64 0.9909 high
1601.25 274.22 37.50 31.64 0.9822 high
1601.25 276.33 37.50 31.64 0.9791 high
1601.25 280.55 37.50 29.53 0.9834 high
1601.25 280.55 37.50 29.53 0.9903 high
1601.25 282.66 37.50 31.64 0.9834 high
1597.50 284.77 41.25 31.64 0.9915 high
1597.50 288.98 37.50 29.53 0.9939 high
1597.50 291.09 33.75 29.53 0.9904 high
1597.50 293.20 33.75 29.53 0.9866 high
1593.75 297.42 37.50 29.53 0.9869 high
1593.75 299.53 37.50 29.53 0.9903 high
1593.75 303.75 33.75 29.53 0.9945 high
1590.00 307.97 37.50 27.42 0.9933 high
1586.25 310.08 37.50 29.53 0.9916 high
1586.25 314.30 37.50 29.53 0.9826 high
1582.50 316.41 37.50 31.64 0.9934 high
1582.50 320.62 33.75 29.53 0.9854 high
1578.75 324.84 37.50 29.53 0.9874 high
1578.75 329.06 33.75 29.53 0.9863 high
1575.00 335.39 33.75 27.42 0.9940 high
1571.25 339.61 37.50 27.42 0.9777 high
1571.25 343.83 33.75 27.42 0.9950 high
1567.50 348.05 33.75 27.42 0.9868 high
1563.75 354.38 37.50 23.20 0.9930 high
1563.75 358.59 33.75 23.20 0.9933 high
1560.00 362.81 33.75 23.20 0.9974 high
1556.25 364.92 37.50 25.31 0.9930 high
1556.25 369.14 30.00 25.31 0.9890 high
1552.50 371.25 33.75 23.20 0.9874 high
1548.75 375.47 33.75 25.31 0.9809 high
1548.75 377.58 30.00 25.31 0.9875 high
1545.00 381.80 33.75 25.31 0.9921 high
1541.25 383.91 30.00 25.31 0.9914 high
1537.50 386.02 30.00 27.42 0.9845 high
1533.75 390.23 30.00 25.31 0.9889 high
1526.25 394.45 33.75 23.20 0.9747 high
1522.50 396.56 33.75 23.20 0.9924 high
1518.75 398.67 30.00 25.31 0.9976 high
1515.00 402.89 30.00 23.20 0.9769 high
1507.50 405.00 33.75 23.20 0.9782 high
1503.75 407.11 30.00 25.31 0.9990 high
1496.25 409.22 30.00 25.31 0.9895 high
1488.75 413.44 30.00 23.20 0.9900 high
1481.25 415.55 30.00 25.31 0.9815 high
1477.50 417.66 30.00 25.31 0.9792 high
1470.00 419.77 30.00 25.31 0.9853 high
1462.50 423.98 30.00 23.20 0.9763 high
1455.00 423.98 30.00 25.31 0.9844 high
1447.50 428.20 30.00 23.20 0.9833 high
1440.00 430.31 30.00 23.20 0.9817 high
1436.25 434.53 22.50 18.98 0.9821 high
-100 -100 -100 -100 0.0000 coast_none
-100 -100 -100 -100 0.0000 coast_none
-100 -100 -100 -100 0.0000 coast_none
-100 -100 -100 -100 0.0000 coast_none
-100 -100 -100 -100 0.0000 coast_none
-100 -100 -100 -100 0.0000 coast_none
-100 -100 -100 -100 0.0000 coast_none
-100 -100 -100 -100 0.0000 coast_none
-100 -100 -100 -100 0.0000 coast_none
-100 -100 -100 -100 0.0000 coast_none
-100 -100 -100 -100 0.0000 miss
-100 -100 -100 -100 0.0000 miss
-100 -100 -100 -100 0.0000 miss
-100 -100 -100 -100 0.0000 miss
-100 -100 -100 -100 0.0000 miss
-100 -100 -100 -100 0.0000 miss
-100 -100 -100 -100 0.0000 miss
-100 -100 -100 -100 0.0000 miss
-100 -100 -100 -100 0.0000 miss
-100 -100 -100 -100 0.0000 miss
-100 -100 -100 -100 0.0000 miss
-100 -100 -100 -100 0.0000 miss
-100 -100 -100 -100 0.0000 miss
-100 -100 -100 -100 0.0000 miss
1222.50 508.36 37.50 21.09 0.9782 high
1218.75 510.47 33.75 18.98 0.9655 high
-100 -100 -100 -100 0.0000 coast_none
-100 -100 -100 -100 0.0000 coast_none
1203.75 518.91 37.50 12.66 0.9840 reinit
1200.00 518.91 41.25 27.42 0.9770 high
1199.72 518.91 41.53 28.52 0.0000 coast
1198.95 518.91 42.30 31.57 0.0000 coast
1192.50 521.02 37.50 12.66 0.9748 high
1188.75 521.02 33.75 10.55 0.9581 high
1188.75 521.02 33.75 10.55 0.9920 high
1181.25 521.02 33.75 12.66 0.9858 high
1179.86 521.41 32.56 10.26 0.0000 coast
1173.75 518.91 30.00 10.55 0.9654 high
1173.75 516.80 26.25 10.55 0.9712 high
1166.25 514.69 33.75 12.66 0.9667 high
1162.50 514.69 33.75 10.55 0.9801 high
1158.75 510.47 33.75 12.66 0.9748 high
1155.39 510.67 33.29 11.57 0.0000 coast
1155.00 506.25 33.75 14.77 0.9768 high
1150.98 505.71 33.59 14.00 0.0000 coast
1155.00 504.14 22.50 8.44 0.9586 high
1150.72 502.89 23.90 9.17 0.0000 coast
-100 -100 -100 -100 0.0000 coast_none
1155.00 497.81 11.25 6.33 0.9235 high
-100 -100 -100 -100 0.0000 coast_none
1151.25 493.59 3.75 2.11 0.6471 high
-100 -100 -100 -100 0.0000 coast_none
-100 -100 -100 -100 0.0000 coast_none
-100 -100 -100 -100 0.0000 coast_none
-100 -100 -100 -100 0.0000 coast_none
1113.75 478.83 26.25 14.77 0.9743 reinit
1113.75 476.72 26.25 10.55 0.9676 high
1113.75 476.56 26.25 10.23 0.0000 coast
-100 -100 -100 -100 0.0000 coast_none
-100 -100 -100 -100 0.0000 coast_none
-100 -100 -100 -100 0.0000 coast_none
-100 -100 -100 -100 0.0000 coast_none
-100 -100 -100 -100 0.0000 coast_none
-100 -100 -100 -100 0.0000 coast_none
-100 -100 -100 -100 0.0000 coast_none
-100 -100 -100 -100 0.0000 coast_none
-100 -100 -100 -100 0.0000 coast_none
-100 -100 -100 -100 0.0000 miss
-100 -100 -100 -100 0.0000 miss
303.75 358.59 11.25 6.33 0.9238 reinit
-100 -100 -100 -100 0.0000 coast_none
-100 -100 -100 -100 0.0000 coast_none
-100 -100 -100 -100 0.0000 coast_none
-100 -100 -100 -100 0.0000 coast_none
-100 -100 -100 -100 0.0000 coast_none
-100 -100 -100 -100 0.0000 coast_none
-100 -100 -100 -100 0.0000 coast_none
-100 -100 -100 -100 0.0000 coast_none
-100 -100 -100 -100 0.0000 coast_none
-100 -100 -100 -100 0.0000 coast_none
-100 -100 -100 -100 0.0000 miss
-100 -100 -100 -100 0.0000 miss
-100 -100 -100 -100 0.0000 miss
-100 -100 -100 -100 0.0000 miss
-100 -100 -100 -100 0.0000 miss
-100 -100 -100 -100 0.0000 miss
-100 -100 -100 -100 0.0000 miss
-100 -100 -100 -100 0.0000 miss
-100 -100 -100 -100 0.0000 miss
-100 -100 -100 -100 0.0000 miss
-100 -100 -100 -100 0.0000 miss
-100 -100 -100 -100 0.0000 miss
-100 -100 -100 -100 0.0000 miss
-100 -100 -100 -100 0.0000 miss
-100 -100 -100 -100 0.0000 miss
-100 -100 -100 -100 0.0000 miss
-100 -100 -100 -100 0.0000 miss
-100 -100 -100 -100 0.0000 miss
-100 -100 -100 -100 0.0000 miss
-100 -100 -100 -100 0.0000 miss
-100 -100 -100 -100 0.0000 lost
-100 -100 -100 -100 0.0000 none
-100 -100 -100 -100 0.0000 none
-100 -100 -100 -100 0.0000 none
-100 -100 -100 -100 0.0000 none
-100 -100 -100 -100 0.0000 none
-100 -100 -100 -100 0.0000 none
810.00 405.00 26.25 14.77 0.9300 init
-100 -100 -100 -100 0.0000 coast_none
810.00 405.00 26.25 14.77 0.0000 coast
-100 -100 -100 -100 0.0000 coast_none
810.00 405.00 26.25 14.77 0.0000 coast
-100 -100 -100 -100 0.0000 coast_none
-100 -100 -100 -100 0.0000 coast_none
798.75 394.45 18.75 8.44 0.9162 high
795.00 392.34 22.50 12.66 0.9410 high
-100 -100 -100 -100 0.0000 coast_none
-100 -100 -100 -100 0.0000 coast_none
-100 -100 -100 -100 0.0000 coast_none
-100 -100 -100 -100 0.0000 coast_none
-100 -100 -100 -100 0.0000 coast_none
-100 -100 -100 -100 0.0000 coast_none
-100 -100 -100 -100 0.0000 coast_none
-100 -100 -100 -100 0.0000 coast_none
-100 -100 -100 -100 0.0000 coast_none
-100 -100 -100 -100 0.0000 coast_none
-100 -100 -100 -100 0.0000 miss
753.75 354.38 26.25 10.55 0.8861 high
-100 -100 -100 -100 0.0000 coast_none
-100 -100 -100 -100 0.0000 coast_none
-100 -100 -100 -100 0.0000 coast_none
-100 -100 -100 -100 0.0000 coast_none
-100 -100 -100 -100 0.0000 coast_none
-100 -100 -100 -100 0.0000 coast_none
-100 -100 -100 -100 0.0000 coast_none
-100 -100 -100 -100 0.0000 coast_none
-100 -100 -100 -100 0.0000 coast_none
-100 -100 -100 -100 0.0000 coast_none
-100 -100 -100 -100 0.0000 miss
-100 -100 -100 -100 0.0000 miss
-100 -100 -100 -100 0.0000 miss
-100 -100 -100 -100 0.0000 miss
-100 -100 -100 -100 0.0000 miss
-100 -100 -100 -100 0.0000 miss
735.00 364.92 26.25 12.66 0.9408 reinit
-100 -100 -100 -100 0.0000 coast_none
-100 -100 -100 -100 0.0000 coast_none
727.50 373.36 30.00 23.20 0.9587 high
-100 -100 -100 -100 0.0000 coast_none
-100 -100 -100 -100 0.0000 coast_none
-100 -100 -100 -100 0.0000 coast_none
-100 -100 -100 -100 0.0000 coast_none
-100 -100 -100 -100 0.0000 coast_none
-100 -100 -100 -100 0.0000 coast_none
-100 -100 -100 -100 0.0000 coast_none
-100 -100 -100 -100 0.0000 coast_none
-100 -100 -100 -100 0.0000 coast_none
-100 -100 -100 -100 0.0000 coast_none
-100 -100 -100 -100 0.0000 miss
866.25 613.83 15.00 8.44 0.9184 reinit
-100 -100 -100 -100 0.0000 coast_none
-100 -100 -100 -100 0.0000 coast_none
-100 -100 -100 -100 0.0000 coast_none
-100 -100 -100 -100 0.0000 coast_none
-100 -100 -100 -100 0.0000 coast_none
-100 -100 -100 -100 0.0000 coast_none
-100 -100 -100 -100 0.0000 coast_none
-100 -100 -100 -100 0.0000 coast_none
-100 -100 -100 -100 0.0000 coast_none
-100 -100 -100 -100 0.0000 coast_none
-100 -100 -100 -100 0.0000 miss
-100 -100 -100 -100 0.0000 miss
-100 -100 -100 -100 0.0000 miss
-100 -100 -100 -100 0.0000 miss
-100 -100 -100 -100 0.0000 miss
-100 -100 -100 -100 0.0000 miss
-100 -100 -100 -100 0.0000 miss
-100 -100 -100 -100 0.0000 miss
-100 -100 -100 -100 0.0000 miss
-100 -100 -100 -100 0.0000 miss
-100 -100 -100 -100 0.0000 miss
-100 -100 -100 -100 0.0000 miss
-100 -100 -100 -100 0.0000 miss
-100 -100 -100 -100 0.0000 miss
-100 -100 -100 -100 0.0000 miss
-100 -100 -100 -100 0.0000 miss
-100 -100 -100 -100 0.0000 miss
-100 -100 -100 -100 0.0000 miss
-100 -100 -100 -100 0.0000 miss
-100 -100 -100 -100 0.0000 miss
-100 -100 -100 -100 0.0000 lost
-100 -100 -100 -100 0.0000 none
-100 -100 -100 -100 0.0000 none
-100 -100 -100 -100 0.0000 none
-100 -100 -100 -100 0.0000 none
-100 -100 -100 -100 0.0000 none
750.00 508.36 18.75 6.33 0.9037 init
-100 -100 -100 -100 0.0000 coast_none
-100 -100 -100 -100 0.0000 coast_none
-100 -100 -100 -100 0.0000 coast_none
757.50 512.58 11.25 4.22 0.9773 high
-100 -100 -100 -100 0.0000 coast_none
-100 -100 -100 -100 0.0000 coast_none
-100 -100 -100 -100 0.0000 coast_none
-100 -100 -100 -100 0.0000 coast_none
-100 -100 -100 -100 0.0000 coast_none
765.62 517.15 3.13 1.93 0.0000 coast
-100 -100 -100 -100 0.0000 coast_none
-100 -100 -100 -100 0.0000 coast_none
750.00 518.91 3.75 2.11 0.4118 low
-100 -100 -100 -100 0.0000 coast_none
-100 -100 -100 -100 0.0000 coast_none
-100 -100 -100 -100 0.0000 coast_none
-100 -100 -100 -100 0.0000 coast_none
-100 -100 -100 -100 0.0000 coast_none
-100 -100 -100 -100 0.0000 coast_none
-100 -100 -100 -100 0.0000 coast_none
-100 -100 -100 -100 0.0000 coast_none
-100 -100 -100 -100 0.0000 coast_none
-100 -100 -100 -100 0.0000 coast_none
-100 -100 -100 -100 0.0000 miss
-100 -100 -100 -100 0.0000 miss
-100 -100 -100 -100 0.0000 miss
-100 -100 -100 -100 0.0000 miss
-100 -100 -100 -100 0.0000 miss
-100 -100 -100 -100 0.0000 miss
-100 -100 -100 -100 0.0000 miss
-100 -100 -100 -100 0.0000 miss
-100 -100 -100 -100 0.0000 miss
-100 -100 -100 -100 0.0000 miss
-100 -100 -100 -100 0.0000 miss
-100 -100 -100 -100 0.0000 miss
-100 -100 -100 -100 0.0000 miss
-100 -100 -100 -100 0.0000 miss
-100 -100 -100 -100 0.0000 miss
-100 -100 -100 -100 0.0000 miss
-100 -100 -100 -100 0.0000 miss
-100 -100 -100 -100 0.0000 miss
-100 -100 -100 -100 0.0000 miss
-100 -100 -100 -100 0.0000 miss
-100 -100 -100 -100 0.0000 lost
-100 -100 -100 -100 0.0000 none
-100 -100 -100 -100 0.0000 none
-100 -100 -100 -100 0.0000 none
-100 -100 -100 -100 0.0000 none
-100 -100 -100 -100 0.0000 none
-100 -100 -100 -100 0.0000 none
-100 -100 -100 -100 0.0000 none
-100 -100 -100 -100 0.0000 none
-100 -100 -100 -100 0.0000 none
-100 -100 -100 -100 0.0000 none
-100 -100 -100 -100 0.0000 none
-100 -100 -100 -100 0.0000 none
-100 -100 -100 -100 0.0000 none
-100 -100 -100 -100 0.0000 none
-100 -100 -100 -100 0.0000 none
-100 -100 -100 -100 0.0000 none
-100 -100 -100 -100 0.0000 none
-100 -100 -100 -100 0.0000 none
-100 -100 -100 -100 0.0000 none
-100 -100 -100 -100 0.0000 none
-100 -100 -100 -100 0.0000 none
-100 -100 -100 -100 0.0000 none
-100 -100 -100 -100 0.0000 none
-100 -100 -100 -100 0.0000 none
-100 -100 -100 -100 0.0000 none
-100 -100 -100 -100 0.0000 none
-100 -100 -100 -100 0.0000 none
-100 -100 -100 -100 0.0000 none
-100 -100 -100 -100 0.0000 none
-100 -100 -100 -100 0.0000 none
-100 -100 -100 -100 0.0000 none
-100 -100 -100 -100 0.0000 none
-100 -100 -100 -100 0.0000 none
-100 -100 -100 -100 0.0000 none
-100 -100 -100 -100 0.0000 none
-100 -100 -100 -100 0.0000 none
-100 -100 -100 -100 0.0000 none
-100 -100 -100 -100 0.0000 none
-100 -100 -100 -100 0.0000 none
-100 -100 -100 -100 0.0000 none
-100 -100 -100 -100 0.0000 none
-100 -100 -100 -100 0.0000 none
-100 -100 -100 -100 0.0000 none
-100 -100 -100 -100 0.0000 none
-100 -100 -100 -100 0.0000 none
-100 -100 -100 -100 0.0000 none
-100 -100 -100 -100 0.0000 none
-100 -100 -100 -100 0.0000 none
-100 -100 -100 -100 0.0000 none
-100 -100 -100 -100 0.0000 none
-100 -100 -100 -100 0.0000 none
-100 -100 -100 -100 0.0000 none
-100 -100 -100 -100 0.0000 none
-100 -100 -100 -100 0.0000 none
-100 -100 -100 -100 0.0000 none
-100 -100 -100 -100 0.0000 none
-100 -100 -100 -100 0.0000 none
-100 -100 -100 -100 0.0000 none
-100 -100 -100 -100 0.0000 none
-100 -100 -100 -100 0.0000 none
-100 -100 -100 -100 0.0000 none
-100 -100 -100 -100 0.0000 none
-100 -100 -100 -100 0.0000 none
-100 -100 -100 -100 0.0000 none
-100 -100 -100 -100 0.0000 none
-100 -100 -100 -100 0.0000 none
-100 -100 -100 -100 0.0000 none
-100 -100 -100 -100 0.0000 none
-100 -100 -100 -100 0.0000 none
-100 -100 -100 -100 0.0000 none
-100 -100 -100 -100 0.0000 none
-100 -100 -100 -100 0.0000 none
-100 -100 -100 -100 0.0000 none
-100 -100 -100 -100 0.0000 none
-100 -100 -100 -100 0.0000 none
-100 -100 -100 -100 0.0000 none
-100 -100 -100 -100 0.0000 none
-100 -100 -100 -100 0.0000 none
-100 -100 -100 -100 0.0000 none
-100 -100 -100 -100 0.0000 none
753.75 523.12 18.75 10.55 0.9431 init
-100 -100 -100 -100 0.0000 coast_none
-100 -100 -100 -100 0.0000 coast_none
-100 -100 -100 -100 0.0000 coast_none
-100 -100 -100 -100 0.0000 coast_none
-100 -100 -100 -100 0.0000 coast_none
-100 -100 -100 -100 0.0000 coast_none
-100 -100 -100 -100 0.0000 coast_none
-100 -100 -100 -100 0.0000 coast_none
-100 -100 -100 -100 0.0000 coast_none
-100 -100 -100 -100 0.0000 coast_none
-100 -100 -100 -100 0.0000 miss
-100 -100 -100 -100 0.0000 miss
-100 -100 -100 -100 0.0000 miss
-100 -100 -100 -100 0.0000 miss
-100 -100 -100 -100 0.0000 miss
-100 -100 -100 -100 0.0000 miss
-100 -100 -100 -100 0.0000 miss
-100 -100 -100 -100 0.0000 miss
-100 -100 -100 -100 0.0000 miss
-100 -100 -100 -100 0.0000 miss
-100 -100 -100 -100 0.0000 miss
-100 -100 -100 -100 0.0000 miss
-100 -100 -100 -100 0.0000 miss
-100 -100 -100 -100 0.0000 miss
-100 -100 -100 -100 0.0000 miss
-100 -100 -100 -100 0.0000 miss
-100 -100 -100 -100 0.0000 miss
-100 -100 -100 -100 0.0000 miss
-100 -100 -100 -100 0.0000 miss
-100 -100 -100 -100 0.0000 miss
-100 -100 -100 -100 0.0000 lost
-100 -100 -100 -100 0.0000 none
-100 -100 -100 -100 0.0000 none
-100 -100 -100 -100 0.0000 none
-100 -100 -100 -100 0.0000 none
-100 -100 -100 -100 0.0000 none
-100 -100 -100 -100 0.0000 none
-100 -100 -100 -100 0.0000 none
-100 -100 -100 -100 0.0000 none
-100 -100 -100 -100 0.0000 none
-100 -100 -100 -100 0.0000 none
-100 -100 -100 -100 0.0000 none
-100 -100 -100 -100 0.0000 none
971.25 613.83 15.00 10.55 0.9147 init
-100 -100 -100 -100 0.0000 coast_none
-100 -100 -100 -100 0.0000 coast_none
-100 -100 -100 -100 0.0000 coast_none
-100 -100 -100 -100 0.0000 coast_none
-100 -100 -100 -100 0.0000 coast_none
-100 -100 -100 -100 0.0000 coast_none
-100 -100 -100 -100 0.0000 coast_none
-100 -100 -100 -100 0.0000 coast_none
-100 -100 -100 -100 0.0000 coast_none
-100 -100 -100 -100 0.0000 coast_none
-100 -100 -100 -100 0.0000 miss
-100 -100 -100 -100 0.0000 miss
-100 -100 -100 -100 0.0000 miss
-100 -100 -100 -100 0.0000 miss
-100 -100 -100 -100 0.0000 miss
-100 -100 -100 -100 0.0000 miss
-100 -100 -100 -100 0.0000 miss
-100 -100 -100 -100 0.0000 miss
866.25 613.83 11.25 6.33 0.9010 reinit
-100 -100 -100 -100 0.0000 coast_none
-100 -100 -100 -100 0.0000 coast_none
-100 -100 -100 -100 0.0000 coast_none
-100 -100 -100 -100 0.0000 coast_none
-100 -100 -100 -100 0.0000 coast_none
-100 -100 -100 -100 0.0000 coast_none
-100 -100 -100 -100 0.0000 coast_none
-100 -100 -100 -100 0.0000 coast_none
-100 -100 -100 -100 0.0000 coast_none
-100 -100 -100 -100 0.0000 coast_none
-100 -100 -100 -100 0.0000 miss
-100 -100 -100 -100 0.0000 miss
1203.75 620.16 37.50 21.09 0.9782 reinit
1203.75 620.16 37.50 21.09 0.0000 coast
1203.75 620.16 37.50 21.09 0.0000 coast
1230.00 628.59 30.00 16.88 0.9527 high
1237.50 634.92 18.75 10.55 0.9488 high
1243.33 637.07 16.45 9.25 0.0000 coast
1252.50 639.14 18.75 10.55 0.9645 high
-100 -100 -100 -100 0.0000 coast_none
1271.25 647.58 7.50 4.22 0.3824 low
1278.98 650.68 4.48 2.52 0.0000 coast
-100 -100 -100 -100 0.0000 coast_none
1271.25 643.36 37.50 16.88 0.9355 reinit
1271.25 641.25 45.00 21.09 0.9787 high
1275.00 643.36 45.00 18.98 0.9920 high
1278.75 643.36 45.00 18.98 0.9911 high
1279.60 643.52 46.47 19.24 0.0000 coast
1281.45 643.80 47.52 19.26 0.0000 coast
-100 -100 -100 -100 0.0000 coast_none
1301.25 643.36 37.50 16.88 0.9716 high
1308.75 643.36 30.00 12.66 0.9367 high
1312.50 639.14 37.50 16.88 0.9643 high
1316.25 639.14 37.50 14.77 0.9867 high
1320.00 637.03 37.50 14.77 0.9899 high
1323.75 634.92 41.25 14.77 0.9774 high
1328.41 634.60 40.16 14.38 0.0000 coast
1332.74 633.65 40.43 14.09 0.0000 coast
1331.25 626.48 52.50 21.09 0.9783 high
1338.75 626.48 41.25 18.98 0.9724 high
1342.50 622.27 37.50 23.20 0.9838 high
1342.50 615.94 41.25 29.53 0.9763 high
1350.00 620.16 33.75 21.09 0.9675 high
1353.05 616.92 36.02 24.04 0.0000 coast
-100 -100 -100 -100 0.0000 coast_none
1365.00 615.94 15.00 10.55 0.9284 reinit
1365.00 615.94 15.00 10.55 0.0000 coast
1365.00 615.94 15.00 10.55 0.0000 coast
-100 -100 -100 -100 0.0000 coast_none
-100 -100 -100 -100 0.0000 coast_none
-100 -100 -100 -100 0.0000 coast_none
307.50 360.70 7.50 4.22 0.9098 reinit
307.50 360.70 7.50 4.22 0.7503 high
-100 -100 -100 -100 0.0000 coast_none
307.50 360.70 7.50 4.22 0.0000 coast
866.25 613.83 11.25 6.33 0.9204 reinit
866.25 613.83 11.25 6.33 0.9144 high
-100 -100 -100 -100 0.0000 coast_none
-100 -100 -100 -100 0.0000 coast_none
-100 -100 -100 -100 0.0000 coast_none
-100 -100 -100 -100 0.0000 coast_none
-100 -100 -100 -100 0.0000 coast_none
-100 -100 -100 -100 0.0000 coast_none
-100 -100 -100 -100 0.0000 coast_none
-100 -100 -100 -100 0.0000 coast_none
-100 -100 -100 -100 0.0000 coast_none
-100 -100 -100 -100 0.0000 coast_none
-100 -100 -100 -100 0.0000 miss
-100 -100 -100 -100 0.0000 miss
-100 -100 -100 -100 0.0000 miss
-100 -100 -100 -100 0.0000 miss
-100 -100 -100 -100 0.0000 miss
-100 -100 -100 -100 0.0000 miss
-100 -100 -100 -100 0.0000 miss
-100 -100 -100 -100 0.0000 miss
-100 -100 -100 -100 0.0000 miss
-100 -100 -100 -100 0.0000 miss
-100 -100 -100 -100 0.0000 miss
-100 -100 -100 -100 0.0000 miss
-100 -100 -100 -100 0.0000 miss
-100 -100 -100 -100 0.0000 miss
-100 -100 -100 -100 0.0000 miss
-100 -100 -100 -100 0.0000 miss
-100 -100 -100 -100 0.0000 miss
-100 -100 -100 -100 0.0000 miss
-100 -100 -100 -100 0.0000 miss
-100 -100 -100 -100 0.0000 miss
-100 -100 -100 -100 0.0000 lost
-100 -100 -100 -100 0.0000 none
-100 -100 -100 -100 0.0000 none
-100 -100 -100 -100 0.0000 none
-100 -100 -100 -100 0.0000 none
-100 -100 -100 -100 0.0000 none
-100 -100 -100 -100 0.0000 none
-100 -100 -100 -100 0.0000 none
-100 -100 -100 -100 0.0000 none
-100 -100 -100 -100 0.0000 none
-100 -100 -100 -100 0.0000 none
-100 -100 -100 -100 0.0000 none
-100 -100 -100 -100 0.0000 none
-100 -100 -100 -100 0.0000 none
-100 -100 -100 -100 0.0000 none
-100 -100 -100 -100 0.0000 none
-100 -100 -100 -100 0.0000 none
-100 -100 -100 -100 0.0000 none
1383.75 613.83 41.25 16.88 0.9711 init
1372.50 615.94 37.50 12.66 0.9180 high
-100 -100 -100 -100 0.0000 coast_none
1353.75 609.61 33.75 23.20 0.9687 high
1342.50 611.72 33.75 23.20 0.9874 high
1335.38 610.18 32.21 25.78 0.0000 coast
1327.07 609.31 30.95 28.01 0.0000 coast
1318.77 608.43 29.70 30.25 0.0000 coast
-100 -100 -100 -100 0.0000 coast_none
-100 -100 -100 -100 0.0000 coast_none
-100 -100 -100 -100 0.0000 coast_none
-100 -100 -100 -100 0.0000 coast_none
-100 -100 -100 -100 0.0000 coast_none
-100 -100 -100 -100 0.0000 coast_none
-100 -100 -100 -100 0.0000 coast_none
-100 -100 -100 -100 0.0000 miss
-100 -100 -100 -100 0.0000 miss
1226.25 618.05 11.25 10.55 0.9643 high
-100 -100 -100 -100 0.0000 coast_none
-100 -100 -100 -100 0.0000 coast_none
-100 -100 -100 -100 0.0000 coast_none
-100 -100 -100 -100 0.0000 coast_none
-100 -100 -100 -100 0.0000 coast_none
-100 -100 -100 -100 0.0000 coast_none
-100 -100 -100 -100 0.0000 coast_none
1162.50 643.36 3.75 4.22 0.8333 high
1154.43 645.93 2.37 3.40 0.0000 coast
1146.39 648.56 1.00 2.57 0.0000 coast
1113.75 643.36 52.50 18.98 0.9849 reinit
1110.00 647.58 41.25 12.66 0.9409 high
-100 -100 -100 -100 0.0000 coast_none
1108.95 648.76 38.09 10.88 0.0000 coast
1102.50 651.80 33.75 12.66 0.9755 high
-100 -100 -100 -100 0.0000 coast_none
1098.23 654.58 28.13 11.52 0.0000 coast
1106.25 653.91 15.00 8.44 0.9314 high
-100 -100 -100 -100 0.0000 coast_none
-100 -100 -100 -100 0.0000 coast_none
-100 -100 -100 -100 0.0000 coast_none
-100 -100 -100 -100 0.0000 coast_none
-100 -100 -100 -100 0.0000 coast_none
-100 -100 -100 -100 0.0000 coast_none
-100 -100 -100 -100 0.0000 coast_none
-100 -100 -100 -100 0.0000 coast_none
-100 -100 -100 -100 0.0000 coast_none
-100 -100 -100 -100 0.0000 coast_none
-100 -100 -100 -100 0.0000 miss
-100 -100 -100 -100 0.0000 miss
-100 -100 -100 -100 0.0000 miss
-100 -100 -100 -100 0.0000 miss
-100 -100 -100 -100 0.0000 miss
-100 -100 -100 -100 0.0000 miss
-100 -100 -100 -100 0.0000 miss
-100 -100 -100 -100 0.0000 miss
1008.75 620.16 26.25 12.66 0.9235 reinit
1001.25 615.94 33.75 12.66 0.9213 high
1000.69 615.62 34.31 12.66 0.0000 coast
982.50 615.94 37.50 12.66 0.9449 high
982.50 609.61 41.25 21.09 0.9623 high
975.00 605.39 41.25 21.09 0.9720 high
967.50 605.39 37.50 21.09 0.9778 high
963.06 603.36 41.13 22.75 0.0000 coast
948.75 599.06 41.25 25.31 0.9783 high
-100 -100 -100 -100 0.0000 coast_none
-100 -100 -100 -100 0.0000 coast_none
931.74 593.20 45.51 29.37 0.0000 coast
-100 -100 -100 -100 0.0000 coast_none
-100 -100 -100 -100 0.0000 coast_none
-100 -100 -100 -100 0.0000 coast_none
-100 -100 -100 -100 0.0000 coast_none
-100 -100 -100 -100 0.0000 coast_none
893.86 580.43 53.46 38.02 0.0000 coast
862.50 590.62 15.00 6.33 0.9499 reinit
862.50 590.62 15.00 6.33 0.0000 coast
-100 -100 -100 -100 0.0000 coast_none
802.50 584.30 41.25 18.98 0.9778 reinit
-100 -100 -100 -100 0.0000 coast_none
-100 -100 -100 -100 0.0000 coast_none
-100 -100 -100 -100 0.0000 coast_none
742.50 569.53 41.25 18.98 0.9558 reinit
-100 -100 -100 -100 0.0000 coast_none
-100 -100 -100 -100 0.0000 coast_none
690.00 554.77 52.50 35.86 0.9903 reinit
678.75 552.66 52.50 31.64 0.9811 high
677.91 552.50 52.50 31.33 0.0000 coast
-100 -100 -100 -100 0.0000 coast_none
-100 -100 -100 -100 0.0000 coast_none
-100 -100 -100 -100 0.0000 coast_none
-100 -100 -100 -100 0.0000 coast_none
-100 -100 -100 -100 0.0000 coast_none
-100 -100 -100 -100 0.0000 coast_none
-100 -100 -100 -100 0.0000 coast_none
600.00 487.27 22.50 10.55 0.9478 reinit
-100 -100 -100 -100 0.0000 coast_none
-100 -100 -100 -100 0.0000 coast_none
-100 -100 -100 -100 0.0000 coast_none
-100 -100 -100 -100 0.0000 coast_none
-100 -100 -100 -100 0.0000 coast_none
-100 -100 -100 -100 0.0000 coast_none
573.75 415.55 48.75 33.75 0.9798 reinit
573.75 415.55 48.75 33.75 0.0000 coast
-100 -100 -100 -100 0.0000 coast_none
-100 -100 -100 -100 0.0000 coast_none
562.50 360.70 37.50 25.31 0.9518 reinit
566.25 356.48 26.25 18.98 0.9232 high
-100 -100 -100 -100 0.0000 coast_none
-100 -100 -100 -100 0.0000 coast_none
-100 -100 -100 -100 0.0000 coast_none
-100 -100 -100 -100 0.0000 coast_none
-100 -100 -100 -100 0.0000 coast_none
-100 -100 -100 -100 0.0000 coast_none
-100 -100 -100 -100 0.0000 coast_none
-100 -100 -100 -100 0.0000 coast_none
-100 -100 -100 -100 0.0000 coast_none
-100 -100 -100 -100 0.0000 coast_none
-100 -100 -100 -100 0.0000 miss
-100 -100 -100 -100 0.0000 miss
551.25 172.97 37.50 29.53 0.9882 reinit
551.25 172.97 37.50 29.53 0.0000 coast
547.50 156.09 41.25 29.53 0.9819 high
543.75 147.66 41.25 31.64 0.9908 high
543.75 141.33 41.25 29.53 0.9926 high
542.07 136.20 42.07 30.18 0.0000 coast
543.75 130.78 33.75 29.53 0.9956 high
540.00 124.45 37.50 31.64 0.9902 high
536.25 122.34 41.25 31.64 0.9825 high
532.50 120.23 45.00 33.75 0.9892 high
532.50 118.12 41.25 31.64 0.9863 high
532.50 118.12 37.50 31.64 0.9816 high
532.50 116.02 37.50 33.75 0.9927 high
528.75 118.12 37.50 33.75 0.9903 high
528.75 118.12 37.50 33.75 0.9890 high
525.00 120.23 41.25 33.75 0.9927 high
525.00 122.34 41.25 31.64 0.9787 high
525.00 126.56 37.50 31.64 0.9889 high
525.00 126.56 37.50 33.75 0.9854 high
525.00 130.78 37.50 31.64 0.9889 high
525.00 135.00 37.50 31.64 0.9870 high
525.00 139.22 37.50 31.64 0.9902 high
525.00 141.33 37.50 31.64 0.9842 high
525.00 145.55 37.50 31.64 0.9918 high
525.00 149.77 37.50 31.64 0.9890 high
528.75 156.09 33.75 29.53 0.9871 high
528.75 160.31 33.75 29.53 0.9930 high
528.75 166.64 33.75 27.42 0.9797 high
528.75 170.86 37.50 29.53 0.9866 high
532.50 175.08 33.75 29.53 0.9806 high
528.75 181.41 41.25 27.42 0.9785 high
532.50 187.73 37.50 25.31 0.9881 high
532.50 191.95 41.25 25.31 0.9873 high
532.50 196.17 45.00 23.20 0.9873 high
536.25 200.39 41.25 23.20 0.9847 high
536.25 204.61 41.25 21.09 0.9885 high
536.25 206.72 37.50 23.20 0.9830 high
536.87 211.32 39.23 21.88 0.0000 coast
540.00 215.16 26.25 16.88 0.9796 high
543.75 217.27 18.75 16.88 0.9545 high
544.02 221.46 19.02 15.97 0.0000 coast
-100 -100 -100 -100 0.0000 coast_none
-100 -100 -100 -100 0.0000 coast_none
-100 -100 -100 -100 0.0000 coast_none
-100 -100 -100 -100 0.0000 coast_none
-100 -100 -100 -100 0.0000 coast_none
866.25 613.83 11.25 6.33 0.9272 reinit
-100 -100 -100 -100 0.0000 coast_none
-100 -100 -100 -100 0.0000 coast_none
-100 -100 -100 -100 0.0000 coast_none
-100 -100 -100 -100 0.0000 coast_none
-100 -100 -100 -100 0.0000 coast_none
-100 -100 -100 -100 0.0000 coast_none
-100 -100 -100 -100 0.0000 coast_none
-100 -100 -100 -100 0.0000 coast_none
-100 -100 -100 -100 0.0000 coast_none
-100 -100 -100 -100 0.0000 coast_none
-100 -100 -100 -100 0.0000 miss
-100 -100 -100 -100 0.0000 miss
-100 -100 -100 -100 0.0000 miss
-100 -100 -100 -100 0.0000 miss
-100 -100 -100 -100 0.0000 miss
-100 -100 -100 -100 0.0000 miss
-100 -100 -100 -100 0.0000 miss
-100 -100 -100 -100 0.0000 miss
-100 -100 -100 -100 0.0000 miss
-100 -100 -100 -100 0.0000 miss
-100 -100 -100 -100 0.0000 miss
-100 -100 -100 -100 0.0000 miss
-100 -100 -100 -100 0.0000 miss
-100 -100 -100 -100 0.0000 miss
-100 -100 -100 -100 0.0000 miss
-100 -100 -100 -100 0.0000 miss
-100 -100 -100 -100 0.0000 miss
-100 -100 -100 -100 0.0000 miss
-100 -100 -100 -100 0.0000 miss
-100 -100 -100 -100 0.0000 miss
-100 -100 -100 -100 0.0000 lost
-100 -100 -100 -100 0.0000 none
-100 -100 -100 -100 0.0000 none
-100 -100 -100 -100 0.0000 none
-100 -100 -100 -100 0.0000 none
-100 -100 -100 -100 0.0000 none
-100 -100 -100 -100 0.0000 none
-100 -100 -100 -100 0.0000 none
-100 -100 -100 -100 0.0000 none
-100 -100 -100 -100 0.0000 none
-100 -100 -100 -100 0.0000 none
-100 -100 -100 -100 0.0000 none
-100 -100 -100 -100 0.0000 none
-100 -100 -100 -100 0.0000 none
-100 -100 -100 -100 0.0000 none
-100 -100 -100 -100 0.0000 none
-100 -100 -100 -100 0.0000 none
-100 -100 -100 -100 0.0000 none
-100 -100 -100 -100 0.0000 none
-100 -100 -100 -100 0.0000 none
-100 -100 -100 -100 0.0000 none
603.75 255.23 30.00 16.88 0.9742 init
603.75 246.80 33.75 27.42 0.9844 high
600.00 246.80 45.00 29.53 0.9757 high
599.87 245.08 46.16 31.76 0.0000 coast
598.78 243.51 50.11 34.32 0.0000 coast
633.75 246.80 30.00 25.31 0.9914 reinit
641.25 246.80 33.75 25.31 0.9885 high
-100 -100 -100 -100 0.0000 coast_none
-100 -100 -100 -100 0.0000 coast_none
-100 -100 -100 -100 0.0000 coast_none
-100 -100 -100 -100 0.0000 coast_none
-100 -100 -100 -100 0.0000 coast_none
-100 -100 -100 -100 0.0000 coast_none
-100 -100 -100 -100 0.0000 coast_none
-100 -100 -100 -100 0.0000 coast_none
-100 -100 -100 -100 0.0000 coast_none
-100 -100 -100 -100 0.0000 coast_none
-100 -100 -100 -100 0.0000 miss
-100 -100 -100 -100 0.0000 miss
-100 -100 -100 -100 0.0000 miss
-100 -100 -100 -100 0.0000 miss
-100 -100 -100 -100 0.0000 miss
-100 -100 -100 -100 0.0000 miss
-100 -100 -100 -100 0.0000 miss
-100 -100 -100 -100 0.0000 miss
-100 -100 -100 -100 0.0000 miss
-100 -100 -100 -100 0.0000 miss
-100 -100 -100 -100 0.0000 miss
873.75 236.25 33.75 25.31 0.9753 reinit
888.75 234.14 33.75 27.42 0.9901 high
889.87 233.98 33.75 27.58 0.0000 coast
892.96 233.55 33.75 28.01 0.0000 coast
930.00 232.03 33.75 29.53 0.9906 reinit
945.00 232.03 33.75 29.53 0.9893 high
956.25 232.03 33.75 27.42 0.9877 high
960.38 232.03 33.75 27.21 0.0000 coast
966.75 232.03 33.75 26.53 0.0000 coast
1001.25 232.03 37.50 27.42 0.9812 reinit
1016.25 232.03 37.50 25.31 0.9885 high
1031.25 232.03 37.50 25.31 0.9886 high
1050.00 232.03 33.75 23.20 0.9935 high
1061.25 232.03 37.50 23.20 0.9918 high
1080.00 229.92 33.75 25.31 0.9843 high
1095.00 229.92 33.75 25.31 0.9856 high
1110.00 227.81 33.75 23.20 0.9860 high
1125.00 227.81 33.75 23.20 0.9891 high
1140.00 225.70 33.75 25.31 0.9873 high
1151.25 225.70 33.75 27.42 0.9820 high
1166.25 223.59 33.75 29.53 0.9851 high
1177.50 221.48 33.75 31.64 0.9706 high
1188.75 223.59 37.50 29.53 0.9792 high
1203.75 221.48 33.75 31.64 0.9955 high
1215.00 223.59 33.75 29.53 0.9937 high
1222.50 221.48 33.75 31.64 0.9783 high
1233.75 221.48 33.75 31.64 0.9901 high
1241.25 221.48 37.50 29.53 0.9725 high
1252.50 221.48 33.75 31.64 0.9874 high
1260.00 221.48 33.75 29.53 0.9782 high
1267.50 221.48 33.75 29.53 0.9809 high
1275.00 223.59 33.75 27.42 0.9939 high
1282.50 221.48 33.75 29.53 0.9849 high
1290.00 221.48 33.75 29.53 0.9864 high
1293.75 221.48 37.50 29.53 0.9685 high
1301.25 223.59 33.75 29.53 0.9819 high
1308.75 223.59 33.75 27.42 0.9906 high
1312.50 221.48 33.75 31.64 0.9797 high
1320.00 225.70 33.75 29.53 0.9925 high
1323.75 227.81 37.50 29.53 0.9829 high
1327.50 229.92 37.50 29.53 0.9891 high
1335.00 234.14 33.75 29.53 0.9817 high
1338.75 236.25 37.50 31.64 0.9866 high
1342.50 240.47 37.50 31.64 0.9865 high
1350.00 246.80 33.75 31.64 0.9960 high
1353.75 253.12 37.50 31.64 0.9820 high
1357.50 261.56 33.75 29.53 0.9758 high
1365.00 265.78 33.75 31.64 0.9929 high
1368.75 274.22 33.75 29.53 0.9951 high
1372.50 282.66 33.75 29.53 0.9935 high
1376.25 291.09 37.50 29.53 0.9937 high
1380.00 299.53 33.75 27.42 0.9922 high
1383.75 307.97 33.75 27.42 0.9938 high
1387.50 316.41 33.75 27.42 0.9897 high
1391.25 324.84 30.00 27.42 0.9908 high
1391.25 333.28 33.75 27.42 0.9875 high
1395.00 339.61 33.75 29.53 0.9950 high
1395.00 348.05 37.50 29.53 0.9880 high
1398.75 356.48 33.75 29.53 0.9879 high
1398.75 364.92 37.50 29.53 0.9897 high
1402.50 373.36 33.75 27.42 0.9947 high
1402.50 381.80 33.75 25.31 0.9913 high
1406.25 392.34 33.75 21.09 0.9890 high
1409.42 398.71 33.84 22.09 0.0000 coast
1410.00 409.22 30.00 16.88 0.9955 high
1413.32 416.49 30.47 16.85 0.0000 coast
1416.12 424.38 30.12 15.83 0.0000 coast
-100 -100 -100 -100 0.0000 coast_none
-100 -100 -100 -100 0.0000 coast_none
-100 -100 -100 -100 0.0000 coast_none
-100 -100 -100 -100 0.0000 coast_none
-100 -100 -100 -100 0.0000 coast_none
-100 -100 -100 -100 0.0000 coast_none
-100 -100 -100 -100 0.0000 coast_none
-100 -100 -100 -100 0.0000 coast_none
-100 -100 -100 -100 0.0000 miss
-100 -100 -100 -100 0.0000 miss
-100 -100 -100 -100 0.0000 miss
-100 -100 -100 -100 0.0000 miss
-100 -100 -100 -100 0.0000 miss
-100 -100 -100 -100 0.0000 miss
-100 -100 -100 -100 0.0000 miss
-100 -100 -100 -100 0.0000 miss
-100 -100 -100 -100 0.0000 miss
-100 -100 -100 -100 0.0000 miss
-100 -100 -100 -100 0.0000 miss
-100 -100 -100 -100 0.0000 miss
-100 -100 -100 -100 0.0000 miss
-100 -100 -100 -100 0.0000 miss
-100 -100 -100 -100 0.0000 miss
-100 -100 -100 -100 0.0000 miss
-100 -100 -100 -100 0.0000 miss
-100 -100 -100 -100 0.0000 miss
-100 -100 -100 -100 0.0000 miss
-100 -100 -100 -100 0.0000 miss
-100 -100 -100 -100 0.0000 lost
-100 -100 -100 -100 0.0000 none
-100 -100 -100 -100 0.0000 none
-100 -100 -100 -100 0.0000 none
-100 -100 -100 -100 0.0000 none
-100 -100 -100 -100 0.0000 none
-100 -100 -100 -100 0.0000 none
-100 -100 -100 -100 0.0000 none
-100 -100 -100 -100 0.0000 none
-100 -100 -100 -100 0.0000 none
-100 -100 -100 -100 0.0000 none
-100 -100 -100 -100 0.0000 none
-100 -100 -100 -100 0.0000 none
-100 -100 -100 -100 0.0000 none
-100 -100 -100 -100 0.0000 none
-100 -100 -100 -100 0.0000 none
-100 -100 -100 -100 0.0000 none
-100 -100 -100 -100 0.0000 none
-100 -100 -100 -100 0.0000 none
-100 -100 -100 -100 0.0000 none
-100 -100 -100 -100 0.0000 none
-100 -100 -100 -100 0.0000 none
-100 -100 -100 -100 0.0000 none
-100 -100 -100 -100 0.0000 none
-100 -100 -100 -100 0.0000 none
-100 -100 -100 -100 0.0000 none
-100 -100 -100 -100 0.0000 none
-100 -100 -100 -100 0.0000 none
-100 -100 -100 -100 0.0000 none
-100 -100 -100 -100 0.0000 none
-100 -100 -100 -100 0.0000 none
-100 -100 -100 -100 0.0000 none
-100 -100 -100 -100 0.0000 none
-100 -100 -100 -100 0.0000 none
1507.50 434.53 37.50 21.09 0.9809 init
1507.50 428.20 33.75 14.77 0.9710 high
1503.75 417.66 41.25 23.20 0.9870 high
1503.75 407.11 41.25 27.42 0.9944 high
1503.75 398.67 41.25 27.42 0.9956 high
1503.75 388.12 41.25 29.53 0.9929 high
1503.75 377.58 41.25 29.53 0.9903 high
1503.75 369.14 41.25 29.53 0.9761 high
1503.75 356.48 41.25 31.64 0.9956 high
1503.75 348.05 37.50 29.53 0.9945 high
1503.75 337.50 37.50 29.53 0.9874 high
1503.75 324.84 41.25 31.64 0.9881 high
1500.00 316.41 41.25 31.64 0.9863 high
1500.00 307.97 41.25 31.64 0.9889 high
1503.75 297.42 37.50 31.64 0.9959 high
1496.25 291.09 45.00 31.64 0.9882 high
1500.00 284.77 41.25 29.53 0.9855 high
1500.00 278.44 45.00 29.53 0.9887 high
1496.25 270.00 48.75 31.64 0.9867 high
1500.00 263.67 41.25 33.75 0.9902 high
1496.25 257.34 48.75 35.86 0.9869 high
1500.00 253.12 45.00 35.86 0.9938 high
1500.00 248.91 41.25 35.86 0.9947 high
1500.00 248.91 41.25 35.86 0.9910 high
1500.00 246.80 41.25 35.86 0.9932 high
1496.25 246.80 45.00 33.75 0.9881 high
1500.00 244.69 41.25 35.86 0.9878 high
1500.00 244.69 41.25 35.86 0.9901 high
1500.00 246.80 41.25 33.75 0.9910 high
1500.00 246.80 41.25 35.86 0.9922 high
1500.00 248.91 41.25 35.86 0.9807 high
1500.00 251.02 41.25 33.75 0.9929 high
1500.00 253.12 41.25 33.75 0.9937 high
1496.25 257.34 45.00 31.64 0.9861 high
1500.00 259.45 41.25 33.75 0.9934 high
1496.25 261.56 41.25 33.75 0.9923 high
1496.25 265.78 41.25 33.75 0.9821 high
1496.25 270.00 41.25 33.75 0.9853 high
1496.25 274.22 41.25 31.64 0.9894 high
1492.50 278.44 45.00 31.64 0.9843 high
1492.50 282.66 45.00 31.64 0.9886 high
1492.50 284.77 45.00 33.75 0.9849 high
1492.50 288.98 41.25 33.75 0.9882 high
1492.50 293.20 41.25 31.64 0.9883 high
1488.75 297.42 41.25 31.64 0.9851 high
1488.75 303.75 41.25 29.53 0.9909 high
1485.00 310.08 45.00 29.53 0.9819 high
1488.75 314.30 37.50 29.53 0.9811 high
1485.00 320.62 41.25 27.42 0.9946 high
1485.00 324.84 37.50 27.42 0.9907 high
1485.00 331.17 37.50 23.20 0.9947 high
1481.25 335.39 37.50 23.20 0.9909 high
1481.25 339.61 37.50 23.20 0.9851 high
1481.25 341.72 37.50 23.20 0.9921 high
1481.25 345.94 37.50 23.20 0.9919 high
1477.50 348.05 41.25 23.20 0.9819 high
1477.50 352.27 37.50 21.09 0.9959 high
1477.50 354.38 37.50 23.20 0.9976 high
1473.75 356.48 37.50 23.20 0.9956 high
1473.75 356.48 37.50 25.31 0.9865 high
1473.75 358.59 37.50 25.31 0.9937 high
1473.75 360.70 37.50 25.31 0.9871 high
1473.75 360.70 37.50 25.31 0.9781 high
1473.75 362.81 37.50 25.31 0.9909 high
1473.75 362.81 37.50 27.42 0.9792 high
1477.50 364.92 33.75 27.42 0.9922 high
1477.50 367.03 33.75 27.42 0.9925 high
1477.50 367.03 33.75 27.42 0.9971 high
1477.50 369.14 33.75 27.42 0.9907 high
1481.25 371.25 37.50 27.42 0.9859 high
1485.00 371.25 33.75 29.53 0.9848 high
1488.75 373.36 33.75 27.42 0.9913 high
1492.50 375.47 33.75 27.42 0.9895 high
1496.25 375.47 37.50 27.42 0.9828 high
1503.75 377.58 33.75 25.31 0.9862 high
1507.50 379.69 33.75 23.20 0.9928 high
1515.00 381.80 33.75 23.20 0.9954 high
1518.75 381.80 37.50 23.20 0.9872 high
1522.50 381.80 37.50 23.20 0.9808 high
1530.00 381.80 37.50 23.20 0.9923 high
1537.50 381.80 33.75 23.20 0.9824 high
1545.00 381.80 33.75 25.31 0.9870 high
1548.75 381.80 33.75 25.31 0.9886 high
1552.50 381.80 37.50 25.31 0.9940 high
1556.25 381.80 37.50 25.31 0.9828 high
1563.75 381.80 37.50 27.42 0.9691 high
1567.50 381.80 33.75 27.42 0.9911 high
1571.25 381.80 37.50 25.31 0.9881 high
1575.00 381.80 37.50 25.31 0.9826 high
1578.75 379.69 37.50 27.42 0.9866 high
1582.50 379.69 37.50 27.42 0.9917 high
1586.25 379.69 37.50 25.31 0.9865 high
1590.00 377.58 33.75 27.42 0.9863 high
1590.00 377.58 37.50 25.31 0.9879 high
1593.75 377.58 37.50 25.31 0.9895 high
1597.50 375.47 33.75 27.42 0.9893 high
1597.50 375.47 37.50 27.42 0.9876 high
1601.25 373.36 37.50 29.53 0.9851 high
1601.25 373.36 37.50 27.42 0.9919 high
1601.25 373.36 37.50 27.42 0.9897 high
1605.00 373.36 33.75 25.31 0.9951 high
1605.00 371.25 41.25 27.42 0.9806 high
1608.75 371.25 37.50 27.42 0.9938 high
1608.75 371.25 37.50 25.31 0.9946 high
1608.75 369.14 37.50 27.42 0.9846 high
1608.75 367.03 37.50 29.53 0.9861 high
1612.50 367.03 37.50 27.42 0.9911 high
1612.50 364.92 37.50 31.64 0.9817 high
1612.50 364.92 37.50 31.64 0.9884 high
1612.50 362.81 37.50 31.64 0.9885 high
1612.50 360.70 37.50 33.75 0.9893 high
1612.50 360.70 37.50 33.75 0.9857 high
1608.75 360.70 37.50 33.75 0.9843 high
1608.75 360.70 37.50 31.64 0.9901 high
1605.00 360.70 37.50 33.75 0.9885 high
1597.50 360.70 41.25 31.64 0.9861 high
1593.75 356.48 37.50 35.86 0.9791 high
1586.25 358.59 41.25 33.75 0.9895 high
1582.50 358.59 33.75 33.75 0.9930 high
1575.00 358.59 37.50 33.75 0.9883 high
1567.50 358.59 37.50 31.64 0.9867 high
1560.00 356.48 37.50 33.75 0.9893 high
1552.50 356.48 37.50 31.64 0.9915 high
1545.00 356.48 33.75 31.64 0.9882 high
1533.75 356.48 37.50 31.64 0.9836 high
1522.50 356.48 41.25 31.64 0.9777 high
1515.00 356.48 37.50 29.53 0.9906 high
1503.75 354.38 37.50 31.64 0.9848 high
1492.50 354.38 37.50 31.64 0.9896 high
1481.25 354.38 37.50 31.64 0.9869 high
1470.00 354.38 37.50 31.64 0.9777 high
1458.75 354.38 37.50 31.64 0.9879 high
1447.50 352.27 37.50 33.75 0.9925 high
1436.25 354.38 37.50 31.64 0.9864 high
1425.00 354.38 33.75 31.64 0.9849 high
1410.00 354.38 37.50 29.53 0.9801 high
1398.75 354.38 37.50 29.53 0.9915 high
1387.50 354.38 33.75 29.53 0.9842 high
1372.50 354.38 33.75 29.53 0.9973 high
1357.50 354.38 37.50 31.64 0.9794 high
1346.25 354.38 33.75 31.64 0.9926 high
1331.25 354.38 37.50 31.64 0.9917 high
1316.25 354.38 37.50 31.64 0.9880 high
1305.00 356.48 33.75 29.53 0.9830 high
1290.00 356.48 33.75 27.42 0.9879 high
1278.75 358.59 30.00 18.98 0.9810 high
1266.39 358.18 30.77 20.95 0.0000 coast
1254.05 358.48 30.25 19.94 0.0000 coast
-100 -100 -100 -100 0.0000 coast_none
-100 -100 -100 -100 0.0000 coast_none
-100 -100 -100 -100 0.0000 coast_none
-100 -100 -100 -100 0.0000 coast_none
-100 -100 -100 -100 0.0000 coast_none
-100 -100 -100 -100 0.0000 coast_none
-100 -100 -100 -100 0.0000 coast_none
-100 -100 -100 -100 0.0000 coast_none
-100 -100 -100 -100 0.0000 miss
-100 -100 -100 -100 0.0000 miss
-100 -100 -100 -100 0.0000 miss
-100 -100 -100 -100 0.0000 miss
-100 -100 -100 -100 0.0000 miss
-100 -100 -100 -100 0.0000 miss
-100 -100 -100 -100 0.0000 miss
-100 -100 -100 -100 0.0000 miss
-100 -100 -100 -100 0.0000 miss
-100 -100 -100 -100 0.0000 miss
-100 -100 -100 -100 0.0000 miss
-100 -100 -100 -100 0.0000 miss
-100 -100 -100 -100 0.0000 miss
-100 -100 -100 -100 0.0000 miss
-100 -100 -100 -100 0.0000 miss
967.50 421.88 3.75 2.11 0.3961 low
-100 -100 -100 -100 0.0000 coast_none
-100 -100 -100 -100 0.0000 coast_none
-100 -100 -100 -100 0.0000 coast_none
-100 -100 -100 -100 0.0000 coast_none
-100 -100 -100 -100 0.0000 coast_none
-100 -100 -100 -100 0.0000 coast_none
-100 -100 -100 -100 0.0000 coast_none
-100 -100 -100 -100 0.0000 coast_none
-100 -100 -100 -100 0.0000 coast_none
-100 -100 -100 -100 0.0000 coast_none
-100 -100 -100 -100 0.0000 miss
-100 -100 -100 -100 0.0000 miss
-100 -100 -100 -100 0.0000 miss
866.25 453.52 22.50 10.55 0.9353 reinit
-100 -100 -100 -100 0.0000 coast_none
-100 -100 -100 -100 0.0000 coast_none
-100 -100 -100 -100 0.0000 coast_none
-100 -100 -100 -100 0.0000 coast_none
-100 -100 -100 -100 0.0000 coast_none
-100 -100 -100 -100 0.0000 coast_none
866.25 455.62 3.75 2.11 0.4196 low
-100 -100 -100 -100 0.0000 coast_none
-100 -100 -100 -100 0.0000 coast_none
-100 -100 -100 -100 0.0000 coast_none
-100 -100 -100 -100 0.0000 coast_none
-100 -100 -100 -100 0.0000 coast_none
-100 -100 -100 -100 0.0000 coast_none
-100 -100 -100 -100 0.0000 coast_none
-100 -100 -100 -100 0.0000 coast_none
-100 -100 -100 -100 0.0000 coast_none
-100 -100 -100 -100 0.0000 coast_none
840.00 461.95 30.00 12.66 0.9497 reinit
-100 -100 -100 -100 0.0000 coast_none
-100 -100 -100 -100 0.0000 coast_none
-100 -100 -100 -100 0.0000 coast_none
-100 -100 -100 -100 0.0000 coast_none
-100 -100 -100 -100 0.0000 coast_none
-100 -100 -100 -100 0.0000 coast_none
843.75 470.39 11.25 8.44 0.9851 high
847.50 472.50 3.75 4.22 0.4137 low
848.28 473.75 1.00 3.06 0.0000 coast
847.72 475.06 1.00 1.70 0.0000 coast
813.75 466.17 48.75 23.20 0.9793 reinit
810.00 466.17 52.50 23.20 0.9766 high
810.00 466.17 56.25 23.20 0.9691 high
813.75 464.06 52.50 23.20 0.9898 high
813.75 464.06 48.75 18.98 0.9833 high
814.04 463.58 49.90 19.30 0.0000 coast
-100 -100 -100 -100 0.0000 coast_none
836.25 461.95 30.00 10.55 0.9532 high
837.88 461.42 28.62 9.37 0.0000 coast
-100 -100 -100 -100 0.0000 coast_none
-100 -100 -100 -100 0.0000 coast_none
-100 -100 -100 -100 0.0000 coast_none
-100 -100 -100 -100 0.0000 coast_none
-100 -100 -100 -100 0.0000 coast_none
-100 -100 -100 -100 0.0000 coast_none
-100 -100 -100 -100 0.0000 coast_none
-100 -100 -100 -100 0.0000 coast_none
-100 -100 -100 -100 0.0000 coast_none
-100 -100 -100 -100 0.0000 miss
-100 -100 -100 -100 0.0000 miss
-100 -100 -100 -100 0.0000 miss
-100 -100 -100 -100 0.0000 miss
-100 -100 -100 -100 0.0000 miss
-100 -100 -100 -100 0.0000 miss
825.00 409.22 22.50 10.55 0.9403 high
825.38 406.86 20.44 9.20 0.0000 coast
825.74 404.49 18.39 7.85 0.0000 coast
810.00 394.45 41.25 31.64 0.9783 reinit
802.50 388.12 48.75 33.75 0.9806 high
798.75 383.91 52.50 29.53 0.9789 high
798.75 381.80 48.75 29.53 0.9849 high
795.00 377.58 48.75 31.64 0.9739 high
793.02 375.27 50.34 30.50 0.0000 coast
787.50 381.80 41.25 21.09 0.9814 high
785.30 378.64 42.38 21.04 0.0000 coast
-100 -100 -100 -100 0.0000 coast_none
-100 -100 -100 -100 0.0000 coast_none
-100 -100 -100 -100 0.0000 coast_none
-100 -100 -100 -100 0.0000 coast_none
738.75 362.81 30.00 21.09 0.9853 reinit
738.75 362.81 30.00 21.09 0.0000 coast
738.75 362.81 30.00 21.09 0.0000 coast
-100 -100 -100 -100 0.0000 coast_none
-100 -100 -100 -100 0.0000 coast_none
-100 -100 -100 -100 0.0000 coast_none
-100 -100 -100 -100 0.0000 coast_none
-100 -100 -100 -100 0.0000 coast_none
-100 -100 -100 -100 0.0000 coast_none
-100 -100 -100 -100 0.0000 coast_none
-100 -100 -100 -100 0.0000 coast_none
648.75 299.53 26.25 10.55 0.9041 reinit
645.00 295.31 33.75 12.66 0.9271 high
641.25 295.31 26.25 14.77 0.9583 high
637.50 293.20 26.25 14.77 0.9560 high
635.74 292.37 25.70 15.68 0.0000 coast
633.30 291.26 24.74 16.52 0.0000 coast
622.50 263.67 37.50 27.42 0.9931 reinit
618.75 257.34 41.25 27.42 0.9892 high
618.75 253.12 37.50 27.42 0.9942 high
618.75 248.91 33.75 27.42 0.9945 high
618.09 246.39 33.17 27.42 0.0000 coast
617.59 243.25 31.61 27.42 0.0000 coast
596.25 234.14 52.50 33.75 0.9859 reinit
600.00 234.14 41.25 31.64 0.9820 high
596.25 232.03 45.00 33.75 0.9908 high
596.25 229.92 41.25 33.75 0.9840 high
588.75 229.92 45.00 35.86 0.9877 high
587.90 228.63 43.77 36.30 0.0000 coast
592.50 236.25 37.50 31.64 0.9793 high
592.50 238.36 37.50 31.64 0.9814 high
-100 -100 -100 -100 0.0000 coast_none
-100 -100 -100 -100 0.0000 coast_none
-100 -100 -100 -100 0.0000 coast_none
-100 -100 -100 -100 0.0000 coast_none
-100 -100 -100 -100 0.0000 coast_none
-100 -100 -100 -100 0.0000 coast_none
-100 -100 -100 -100 0.0000 coast_none
-100 -100 -100 -100 0.0000 coast_none
-100 -100 -100 -100 0.0000 coast_none
-100 -100 -100 -100 0.0000 coast_none
-100 -100 -100 -100 0.0000 miss
-100 -100 -100 -100 0.0000 miss
-100 -100 -100 -100 0.0000 miss
-100 -100 -100 -100 0.0000 miss
-100 -100 -100 -100 0.0000 miss
-100 -100 -100 -100 0.0000 miss
-100 -100 -100 -100 0.0000 miss
-100 -100 -100 -100 0.0000 miss
-100 -100 -100 -100 0.0000 miss
-100 -100 -100 -100 0.0000 miss
-100 -100 -100 -100 0.0000 miss
-100 -100 -100 -100 0.0000 miss
566.25 360.70 30.00 25.31 0.9499 reinit
566.25 360.70 30.00 25.31 0.0000 coast
558.75 364.92 45.00 27.42 0.9792 high
557.54 365.60 47.42 27.76 0.0000 coast
551.25 362.81 52.50 33.75 0.9833 high
551.25 364.92 52.50 31.64 0.9772 high
551.25 364.92 52.50 31.64 0.9822 high
551.25 362.81 52.50 33.75 0.9806 high
551.25 364.92 48.75 31.64 0.9848 high
555.00 364.92 45.00 27.42 0.9770 high
558.75 360.70 37.50 29.53 0.9715 high
