112.50 191.95 105.00 40.08 0.9905 init
112.50 189.84 105.00 40.08 0.9870 high
112.50 189.84 105.00 37.97 0.9880 high
108.75 187.73 108.75 40.08 0.9869 high
112.50 185.62 105.00 40.08 0.9910 high
112.50 183.52 105.00 40.08 0.9915 high
112.50 181.41 105.00 40.08 0.9901 high
108.75 181.41 108.75 40.08 0.9870 high
112.50 179.30 105.00 40.08 0.9914 high
112.50 179.30 105.00 40.08 0.9974 high
112.50 177.19 105.00 40.08 0.9905 high
108.75 175.08 108.75 40.08 0.9932 high
112.50 172.97 105.00 40.08 0.9870 high
112.50 172.97 105.00 37.97 0.9911 high
112.50 170.86 105.00 40.08 0.9873 high
112.50 166.64 105.00 42.19 0.9879 high
112.50 166.64 105.00 42.19 0.9896 high
112.50 164.53 105.00 40.08 0.9892 high
112.50 162.42 101.25 40.08 0.9902 high
112.50 160.31 105.00 42.19 0.9865 high
108.75 158.20 108.75 42.19 0.9875 high
108.75 156.09 105.00 40.08 0.9905 high
108.75 153.98 105.00 40.08 0.9895 high
108.75 151.88 105.00 40.08 0.9898 high
108.75 149.77 108.75 42.19 0.9905 high
108.75 149.77 108.75 37.97 0.9921 high
108.75 147.66 108.75 37.97 0.9857 high
112.50 145.55 101.25 40.08 0.9941 high
112.50 143.44 105.00 42.19 0.9929 high
108.75 141.33 108.75 42.19 0.9908 high
108.75 141.33 105.00 42.19 0.9905 high
108.75 139.22 108.75 42.19 0.9906 high
112.50 139.22 105.00 37.97 0.9909 high
108.75 135.00 108.75 42.19 0.9892 high
108.75 132.89 108.75 44.30 0.9896 high
108.75 132.89 105.00 42.19 0.9836 high
112.50 130.78 105.00 40.08 0.9911 high
112.50 128.67 105.00 42.19 0.9867 high
112.50 128.67 101.25 42.19 0.9909 high
112.50 128.67 101.25 40.08 0.9907 high
112.50 126.56 105.00 42.19 0.9880 high
112.50 124.45 101.25 42.19 0.9866 high
112.50 124.45 101.25 42.19 0.9881 high
112.50 122.34 105.00 40.08 0.9930 high
112.50 122.34 105.00 40.08 0.9839 high
112.50 120.23 105.00 42.19 0.9829 high
112.50 118.12 105.00 42.19 0.9927 high
108.75 118.12 108.75 40.08 0.9922 high
112.50 116.02 105.00 42.19 0.9937 high
112.50 113.91 105.00 42.19 0.9878 high
112.50 113.91 105.00 40.08 0.9884 high
112.50 113.91 105.00 40.08 0.9903 high
112.50 111.80 105.00 42.19 0.9873 high
112.50 109.69 105.00 42.19 0.9888 high
112.50 109.69 105.00 40.08 0.9855 high
112.50 107.58 105.00 42.19 0.9857 high
112.50 107.58 105.00 40.08 0.9883 high
112.50 105.47 105.00 42.19 0.9868 high
112.50 105.47 105.00 40.08 0.9926 high
112.50 105.47 105.00 40.08 0.9908 high
112.50 103.36 105.00 40.08 0.9901 high
112.50 101.25 105.00 42.19 0.9895 high
112.50 99.14 108.75 42.19 0.9851 high
112.50 99.14 105.00 42.19 0.9918 high
112.50 97.03 105.00 42.19 0.9896 high
112.50 97.03 105.00 40.08 0.9900 high
116.25 94.92 101.25 40.08 0.9884 high
112.50 92.81 105.00 42.19 0.9882 high
112.50 92.81 105.00 40.08 0.9915 high
112.50 90.70 105.00 40.08 0.9917 high
112.50 88.59 105.00 42.19 0.9913 high
112.50 88.59 108.75 40.08 0.9844 high
112.50 88.59 108.75 40.08 0.9898 high
112.50 86.48 108.75 42.19 0.9896 high
116.25 84.38 105.00 44.30 0.9909 high
116.25 84.38 105.00 40.08 0.9873 high
116.25 82.27 105.00 40.08 0.9924 high
116.25 82.27 105.00 40.08 0.9887 high
116.25 80.16 105.00 42.19 0.9894 high
116.25 80.16 108.75 40.08 0.9878 high
116.25 78.05 108.75 42.19 0.9854 high
116.25 78.05 105.00 40.08 0.9911 high
116.25 75.94 108.75 40.08 0.9894 high
116.25 73.83 108.75 42.19 0.9909 high
116.25 71.72 108.75 44.30 0.9888 high
116.25 71.72 108.75 42.19 0.9902 high
116.25 71.72 108.75 42.19 0.9858 high
112.50 69.61 112.50 42.19 0.9929 high
116.25 67.50 105.00 42.19 0.9918 high
112.50 65.39 112.50 44.30 0.9853 high
116.25 65.39 105.00 42.19 0.9909 high
116.25 63.28 108.75 42.19 0.9877 high
116.25 63.28 108.75 42.19 0.9914 high
116.25 61.17 108.75 42.19 0.9832 high
116.25 61.17 105.00 42.19 0.9905 high
116.25 59.06 105.00 42.19 0.9855 high
116.25 56.95 108.75 42.19 0.9909 high
116.25 56.95 105.00 40.08 0.9896 high
116.25 54.84 108.75 42.19 0.9885 high
116.25 54.84 105.00 40.08 0.9905 high
116.25 52.73 105.00 42.19 0.9958 high
116.25 50.62 108.75 40.08 0.9928 high
116.25 48.52 108.75 42.19 0.9902 high
116.25 48.52 108.75 40.08 0.9928 high
116.25 46.41 108.75 42.19 0.9901 high
116.25 46.41 108.75 40.08 0.9903 high
116.25 44.30 108.75 42.19 0.9872 high
116.25 42.19 105.00 42.19 0.9858 high
116.25 40.08 108.75 42.19 0.9874 high
116.25 40.08 108.75 42.19 0.9916 high
116.25 37.97 108.75 44.30 0.9904 high
116.25 37.97 108.75 42.19 0.9854 high
116.25 37.97 105.00 40.08 0.9911 high
116.25 35.86 108.75 42.19 0.9946 high
116.25 33.75 105.00 42.19 0.9888 high
116.25 31.64 105.00 44.30 0.9948 high
116.25 31.64 105.00 42.19 0.9907 high
116.25 29.53 108.75 44.30 0.9917 high
116.25 29.53 105.00 42.19 0.9907 high
116.25 27.42 108.75 46.41 0.9886 high
116.25 27.42 105.00 44.30 0.9921 high
116.25 27.42 105.00 44.30 0.9876 high
116.25 27.42 105.00 42.19 0.9926 high
116.25 25.31 105.00 44.30 0.9903 high
116.25 25.31 105.00 44.30 0.9883 high
116.25 23.20 105.00 44.30 0.9874 high
116.25 23.20 105.00 44.30 0.9894 high
116.25 23.20 105.00 42.19 0.9910 high
116.25 21.09 105.00 44.30 0.9899 high
116.25 21.09 105.00 42.19 0.9883 high
116.25 21.09 105.00 42.19 0.9910 high
116.25 18.98 105.00 44.30 0.9889 high
112.50 18.98 108.75 42.19 0.9894 high
116.25 16.88 101.25 42.19 0.9922 high
116.25 12.66 101.25 44.30 0.9885 high
116.25 12.66 101.25 42.19 0.9911 high
116.25 10.55 105.00 44.30 0.9895 high
116.25 8.44 101.25 44.30 0.9895 high
112.50 6.33 105.00 44.30 0.9880 high
116.25 6.33 101.25 42.19 0.9920 high
112.50 4.22 105.00 42.19 0.9892 high
112.50 2.11 105.00 42.19 0.9875 high
116.25 2.11 101.25 40.08 0.9881 high
116.25 0.00 101.25 40.08 0.9872 high
112.50 0.00 105.00 40.08 0.9903 high
116.25 0.00 101.25 37.97 0.9897 high
116.25 0.00 101.25 35.86 0.9884 high
123.75 0.00 93.75 33.75 0.9923 high
127.50 0.00 90.00 33.75 0.9910 high
131.25 0.00 86.25 31.64 0.9889 high
127.50 0.00 90.00 31.64 0.9843 high
127.50 0.00 90.00 27.42 0.9779 high
131.25 0.00 86.25 27.42 0.9921 high
138.75 0.00 78.75 25.31 0.9827 high
135.00 0.00 78.75 25.31 0.9781 high
131.25 0.00 82.50 23.20 0.9824 high
138.75 0.00 71.25 25.31 0.9761 high
138.75 0.00 67.50 23.20 0.9774 high
138.75 0.00 71.25 23.20 0.9712 high
138.75 0.00 67.50 21.09 0.9757 high
146.25 0.00 52.50 21.09 0.9760 high
146.25 0.00 45.00 18.98 0.9791 high
146.25 0.00 45.00 18.98 0.9710 high
146.25 0.00 41.25 18.98 0.9694 high
146.25 0.00 37.50 16.88 0.9625 high
146.25 0.00 37.50 16.88 0.9813 high
146.25 0.00 37.50 16.88 0.9727 high
150.00 2.11 30.00 12.66 0.9731 high
153.75 2.11 26.25 12.66 0.9570 high
153.75 2.11 22.50 10.55 0.9729 high
153.75 2.11 22.50 8.44 0.9490 high
157.50 2.11 15.00 8.44 0.9758 high
-100 -100 -100 -100 0.0000 coast_none
159.85 2.50 8.93 5.70 0.0000 coast
-100 -100 -100 -100 0.0000 coast_none
-100 -100 -100 -100 0.0000 coast_none
813.75 719.30 11.25 8.44 0.9702 reinit
-100 -100 -100 -100 0.0000 coast_none
813.75 719.30 11.25 8.44 0.0000 coast
813.75 717.19 11.25 10.55 0.8984 high
-100 -100 -100 -100 0.0000 coast_none
-100 -100 -100 -100 0.0000 coast_none
-100 -100 -100 -100 0.0000 coast_none
-100 -100 -100 -100 0.0000 coast_none
1571.25 693.98 7.50 4.22 0.9578 reinit
1571.25 693.98 7.50 4.22 0.7686 high
1571.25 693.98 7.50 4.22 0.0000 coast
1571.25 696.09 7.50 2.11 0.7784 high
1571.25 696.47 7.50 1.73 0.0000 coast
-100 -100 -100 -100 0.0000 coast_none
-100 -100 -100 -100 0.0000 coast_none
-100 -100 -100 -100 0.0000 coast_none
-100 -100 -100 -100 0.0000 coast_none
1571.25 696.09 7.50 2.11 0.6765 high
1571.25 696.50 7.50 1.61 0.0000 coast
1571.25 696.83 7.50 1.15 0.0000 coast
1567.50 687.66 22.50 12.66 0.9538 reinit
1567.50 687.66 22.50 12.66 0.8893 high
1571.25 687.66 18.75 12.66 0.9233 high
1571.63 687.66 18.37 12.66 0.0000 coast
1567.50 687.66 18.75 12.66 0.9290 high
1567.50 689.77 15.00 10.55 0.9467 high
1567.50 689.77 18.75 10.55 0.8951 high
1567.50 689.77 18.75 12.66 0.9028 high
1567.50 689.77 18.75 12.66 0.9346 high
1567.27 690.24 18.30 12.39 0.0000 coast
1567.12 690.55 18.10 12.41 0.0000 coast
1563.75 683.44 30.00 21.09 0.9807 reinit
1563.75 683.44 30.00 21.09 0.9802 high
1563.75 683.44 30.00 21.09 0.9790 high
1567.50 687.66 22.50 14.77 0.9314 high
1563.75 687.66 26.25 14.77 0.9376 high
1567.50 687.66 22.50 14.77 0.9767 high
1563.75 687.66 26.25 14.77 0.9738 high
1564.57 688.62 24.57 13.32 0.0000 coast
1567.50 687.66 22.50 14.77 0.9775 high
1567.32 688.40 22.02 13.66 0.0000 coast
1567.50 687.66 22.50 14.77 0.9350 high
1567.87 688.15 21.70 14.03 0.0000 coast
1567.50 687.66 22.50 14.77 0.9216 high
1567.89 688.01 21.80 14.24 0.0000 coast
1568.15 688.22 21.35 13.92 0.0000 coast
1568.40 688.43 20.91 13.61 0.0000 coast
1567.50 687.66 22.50 14.77 0.8918 high
1567.50 689.77 22.50 12.66 0.9368 high
1567.50 693.98 18.75 8.44 0.9034 high
1567.50 689.77 18.75 12.66 0.9526 high
1567.50 689.77 22.50 14.77 0.9455 high
1567.50 691.88 18.75 10.55 0.9585 high
1567.50 689.77 22.50 12.66 0.9281 high
1567.50 689.77 22.50 12.66 0.9698 high
1567.50 691.88 18.75 10.55 0.9187 high
1567.50 691.88 18.75 10.55 0.9182 high
1567.57 691.99 18.77 10.40 0.0000 coast
1567.61 692.24 18.49 10.13 0.0000 coast
1567.65 692.48 18.21 9.86 0.0000 coast
802.50 677.11 26.25 12.66 0.9148 reinit
-100 -100 -100 -100 0.0000 coast_none
-100 -100 -100 -100 0.0000 coast_none
802.50 677.11 33.75 14.77 0.9293 high
-100 -100 -100 -100 0.0000 coast_none
-100 -100 -100 -100 0.0000 coast_none
-100 -100 -100 -100 0.0000 coast_none
-100 -100 -100 -100 0.0000 coast_none
-100 -100 -100 -100 0.0000 coast_none
172.50 4.22 22.50 6.33 0.9092 reinit
-100 -100 -100 -100 0.0000 coast_none
172.50 4.22 22.50 6.33 0.0000 coast
176.25 4.22 11.25 6.33 0.7812 high
176.88 4.22 9.35 6.33 0.0000 coast
177.68 4.22 6.95 6.33 0.0000 coast
178.49 4.22 4.54 6.33 0.0000 coast
172.50 4.22 18.75 6.33 0.9569 reinit
168.75 2.11 26.25 8.44 0.9054 high
165.00 2.11 30.00 12.66 0.9559 high
161.25 2.11 33.75 12.66 0.9843 high
157.50 2.11 41.25 14.77 0.9676 high
157.50 2.11 37.50 14.77 0.9720 high
157.50 2.11 37.50 12.66 0.9672 high
153.75 2.11 45.00 12.66 0.9747 high
150.00 0.00 48.75 16.88 0.9730 high
150.00 0.00 48.75 16.88 0.9626 high
150.00 0.00 48.75 16.88 0.9713 high
150.00 0.00 45.00 16.88 0.9795 high
146.25 0.00 48.75 16.88 0.9596 high
146.25 0.00 48.75 16.88 0.9818 high
142.50 0.00 52.50 18.98 0.9617 high
142.50 0.00 48.75 18.98 0.9825 high
138.75 0.00 52.50 21.09 0.9729 high
138.75 0.00 52.50 21.09 0.9721 high
138.75 0.00 48.75 21.09 0.9756 high
135.00 0.00 52.50 23.20 0.9742 high
131.25 0.00 56.25 25.31 0.9843 high
131.25 0.00 56.25 23.20 0.9786 high
131.25 0.00 52.50 25.31 0.9836 high
131.25 0.00 52.50 25.31 0.9844 high
127.50 0.00 52.50 25.31 0.9815 high
127.50 0.00 52.50 25.31 0.9896 high
123.75 0.00 52.50 25.31 0.9915 high
123.75 2.11 48.75 23.20 0.9867 high
120.00 0.00 52.50 27.42 0.9840 high
116.25 0.00 52.50 27.42 0.9762 high
116.25 2.11 52.50 27.42 0.9832 high
116.25 2.11 48.75 25.31 0.9908 high
112.50 0.00 48.75 27.42 0.9857 high
108.75 2.11 48.75 29.53 0.9941 high
108.75 2.11 48.75 31.64 0.9893 high
101.25 2.11 48.75 31.64 0.9888 high
93.75 2.11 52.50 31.64 0.9934 high
90.00 0.00 60.00 33.75 0.9855 high
86.25 0.00 60.00 33.75 0.9846 high
82.50 2.11 63.75 33.75 0.9901 high
78.75 0.00 71.25 37.97 0.9896 high
63.75 0.00 86.25 40.08 0.9744 high
56.25 0.00 93.75 40.08 0.9816 high
60.00 0.00 86.25 40.08 0.9845 high
48.75 0.00 93.75 42.19 0.9892 high
48.75 0.00 93.75 42.19 0.9855 high
45.00 0.00 93.75 44.30 0.9815 high
45.00 0.00 93.75 44.30 0.9862 high
37.50 0.00 101.25 44.30 0.9906 high
33.75 2.11 105.00 46.41 0.9852 high
33.75 2.11 105.00 44.30 0.9868 high
33.75 2.11 105.00 46.41 0.9912 high
33.75 2.11 101.25 46.41 0.9898 high
30.00 2.11 97.50 48.52 0.9881 high
26.25 2.11 97.50 48.52 0.9914 high
26.25 2.11 97.50 50.62 0.9870 high
26.25 4.22 90.00 50.62 0.9867 high
22.50 4.22 93.75 52.73 0.9917 high
18.75 2.11 97.50 54.84 0.9871 high
15.00 2.11 105.00 56.95 0.9879 high
15.00 2.11 101.25 56.95 0.9932 high
15.00 2.11 97.50 59.06 0.9906 high
15.00 4.22 97.50 56.95 0.9929 high
11.25 6.33 97.50 56.95 0.9881 high
11.25 6.33 93.75 56.95 0.9880 high
11.25 6.33 97.50 56.95 0.9868 high
11.25 8.44 90.00 54.84 0.9878 high
11.25 10.55 90.00 54.84 0.9923 high
11.25 10.55 86.25 56.95 0.9918 high
11.25 12.66 82.50 56.95 0.9947 high
11.25 14.77 82.50 54.84 0.9927 high
11.25 16.88 82.50 54.84 0.9932 high
11.25 16.88 78.75 54.84 0.9888 high
11.25 18.98 75.00 54.84 0.9946 high
11.25 21.09 75.00 50.62 0.9940 high
11.25 21.09 67.50 52.73 0.9957 high
11.25 21.09 63.75 52.73 0.9917 high
11.25 23.20 67.50 52.73 0.9905 high
11.25 27.42 63.75 48.52 0.9960 high
11.25 27.42 63.75 46.41 0.9945 high
11.25 29.53 60.00 42.19 0.9840 high
11.25 31.64 56.25 37.97 0.9930 high
11.00 32.89 54.90 37.72 0.0000 coast
11.25 35.86 52.50 23.20 0.9899 high
11.25 35.86 48.75 21.09 0.9743 high
11.25 37.97 48.75 21.09 0.9904 high
11.25 40.08 45.00 18.98 0.9859 high
11.25 40.08 45.00 18.98 0.9870 high
11.25 42.19 41.25 16.88 0.9876 high
15.00 42.19 33.75 16.88 0.9959 high
11.25 44.30 37.50 14.77 0.9775 high
15.00 44.30 30.00 12.66 0.9640 high
14.42 45.92 28.63 10.77 0.0000 coast
18.75 46.41 18.75 12.66 0.9301 high
18.75 48.52 15.00 8.44 0.9775 high
-100 -100 -100 -100 0.0000 coast_none
-100 -100 -100 -100 0.0000 coast_none
-100 -100 -100 -100 0.0000 coast_none
-100 -100 -100 -100 0.0000 coast_none
-100 -100 -100 -100 0.0000 coast_none
-100 -100 -100 -100 0.0000 coast_none
-100 -100 -100 -100 0.0000 coast_none
-100 -100 -100 -100 0.0000 coast_none
-100 -100 -100 -100 0.0000 coast_none
-100 -100 -100 -100 0.0000 coast_none
-100 -100 -100 -100 0.0000 miss
-100 -100 -100 -100 0.0000 miss
-100 -100 -100 -100 0.0000 miss
-100 -100 -100 -100 0.0000 miss
-100 -100 -100 -100 0.0000 miss
-100 -100 -100 -100 0.0000 miss
-100 -100 -100 -100 0.0000 miss
-100 -100 -100 -100 0.0000 miss
-100 -100 -100 -100 0.0000 miss
-100 -100 -100 -100 0.0000 miss
-100 -100 -100 -100 0.0000 miss
-100 -100 -100 -100 0.0000 miss
-100 -100 -100 -100 0.0000 miss
-100 -100 -100 -100 0.0000 miss
-100 -100 -100 -100 0.0000 miss
-100 -100 -100 -100 0.0000 miss
-100 -100 -100 -100 0.0000 miss
-100 -100 -100 -100 0.0000 miss
-100 -100 -100 -100 0.0000 miss
-100 -100 -100 -100 0.0000 miss
-100 -100 -100 -100 0.0000 lost
-100 -100 -100 -100 0.0000 none
-100 -100 -100 -100 0.0000 none
-100 -100 -100 -100 0.0000 none
-100 -100 -100 -100 0.0000 none
-100 -100 -100 -100 0.0000 none
-100 -100 -100 -100 0.0000 none
-100 -100 -100 -100 0.0000 none
-100 -100 -100 -100 0.0000 none
-100 -100 -100 -100 0.0000 none
-100 -100 -100 -100 0.0000 none
-100 -100 -100 -100 0.0000 none
-100 -100 -100 -100 0.0000 none
-100 -100 -100 -100 0.0000 none
-100 -100 -100 -100 0.0000 none
-100 -100 -100 -100 0.0000 none
-100 -100 -100 -100 0.0000 none
-100 -100 -100 -100 0.0000 none
-100 -100 -100 -100 0.0000 none
-100 -100 -100 -100 0.0000 none
-100 -100 -100 -100 0.0000 none
-100 -100 -100 -100 0.0000 none
-100 -100 -100 -100 0.0000 none
-100 -100 -100 -100 0.0000 none
-100 -100 -100 -100 0.0000 none
-100 -100 -100 -100 0.0000 none
-100 -100 -100 -100 0.0000 none
-100 -100 -100 -100 0.0000 none
-100 -100 -100 -100 0.0000 none
-100 -100 -100 -100 0.0000 none
-100 -100 -100 -100 0.0000 none
-100 -100 -100 -100 0.0000 none
-100 -100 -100 -100 0.0000 none
-100 -100 -100 -100 0.0000 none
-100 -100 -100 -100 0.0000 none
-100 -100 -100 -100 0.0000 none
-100 -100 -100 -100 0.0000 none
-100 -100 -100 -100 0.0000 none
-100 -100 -100 -100 0.0000 none
-100 -100 -100 -100 0.0000 none
-100 -100 -100 -100 0.0000 none
-100 -100 -100 -100 0.0000 none
-100 -100 -100 -100 0.0000 none
-100 -100 -100 -100 0.0000 none
-100 -100 -100 -100 0.0000 none
-100 -100 -100 -100 0.0000 none
-100 -100 -100 -100 0.0000 none
-100 -100 -100 -100 0.0000 none
-100 -100 -100 -100 0.0000 none
-100 -100 -100 -100 0.0000 none
-100 -100 -100 -100 0.0000 none
-100 -100 -100 -100 0.0000 none
-100 -100 -100 -100 0.0000 none
-100 -100 -100 -100 0.0000 none
-100 -100 -100 -100 0.0000 none
-100 -100 -100 -100 0.0000 none
-100 -100 -100 -100 0.0000 none
-100 -100 -100 -100 0.0000 none
-100 -100 -100 -100 0.0000 none
-100 -100 -100 -100 0.0000 none
-100 -100 -100 -100 0.0000 none
-100 -100 -100 -100 0.0000 none
-100 -100 -100 -100 0.0000 none
-100 -100 -100 -100 0.0000 none
-100 -100 -100 -100 0.0000 none
-100 -100 -100 -100 0.0000 none
-100 -100 -100 -100 0.0000 none
-100 -100 -100 -100 0.0000 none
-100 -100 -100 -100 0.0000 none
-100 -100 -100 -100 0.0000 none
-100 -100 -100 -100 0.0000 none
-100 -100 -100 -100 0.0000 none
-100 -100 -100 -100 0.0000 none
-100 -100 -100 -100 0.0000 none
-100 -100 -100 -100 0.0000 none
-100 -100 -100 -100 0.0000 none
-100 -100 -100 -100 0.0000 none
-100 -100 -100 -100 0.0000 none
-100 -100 -100 -100 0.0000 none
-100 -100 -100 -100 0.0000 none
-100 -100 -100 -100 0.0000 none
-100 -100 -100 -100 0.0000 none
-100 -100 -100 -100 0.0000 none
-100 -100 -100 -100 0.0000 none
-100 -100 -100 -100 0.0000 none
-100 -100 -100 -100 0.0000 none
-100 -100 -100 -100 0.0000 none
-100 -100 -100 -100 0.0000 none
-100 -100 -100 -100 0.0000 none
-100 -100 -100 -100 0.0000 none
-100 -100 -100 -100 0.0000 none
-100 -100 -100 -100 0.0000 none
-100 -100 -100 -100 0.0000 none
-100 -100 -100 -100 0.0000 none
-100 -100 -100 -100 0.0000 none
-100 -100 -100 -100 0.0000 none
-100 -100 -100 -100 0.0000 none
-100 -100 -100 -100 0.0000 none
-100 -100 -100 -100 0.0000 none
-100 -100 -100 -100 0.0000 none
-100 -100 -100 -100 0.0000 none
-100 -100 -100 -100 0.0000 none
-100 -100 -100 -100 0.0000 none
-100 -100 -100 -100 0.0000 none
-100 -100 -100 -100 0.0000 none
-100 -100 -100 -100 0.0000 none
-100 -100 -100 -100 0.0000 none
-100 -100 -100 -100 0.0000 none
-100 -100 -100 -100 0.0000 none
-100 -100 -100 -100 0.0000 none
-100 -100 -100 -100 0.0000 none
-100 -100 -100 -100 0.0000 none
-100 -100 -100 -100 0.0000 none
-100 -100 -100 -100 0.0000 none
-100 -100 -100 -100 0.0000 none
-100 -100 -100 -100 0.0000 none
-100 -100 -100 -100 0.0000 none
-100 -100 -100 -100 0.0000 none
-100 -100 -100 -100 0.0000 none
-100 -100 -100 -100 0.0000 none
-100 -100 -100 -100 0.0000 none
-100 -100 -100 -100 0.0000 none
-100 -100 -100 -100 0.0000 none
-100 -100 -100 -100 0.0000 none
-100 -100 -100 -100 0.0000 none
-100 -100 -100 -100 0.0000 none
-100 -100 -100 -100 0.0000 none
-100 -100 -100 -100 0.0000 none
-100 -100 -100 -100 0.0000 none
-100 -100 -100 -100 0.0000 none
-100 -100 -100 -100 0.0000 none
-100 -100 -100 -100 0.0000 none
-100 -100 -100 -100 0.0000 none
-100 -100 -100 -100 0.0000 none
-100 -100 -100 -100 0.0000 none
-100 -100 -100 -100 0.0000 none
-100 -100 -100 -100 0.0000 none
-100 -100 -100 -100 0.0000 none
-100 -100 -100 -100 0.0000 none
-100 -100 -100 -100 0.0000 none
-100 -100 -100 -100 0.0000 none
-100 -100 -100 -100 0.0000 none
-100 -100 -100 -100 0.0000 none
-100 -100 -100 -100 0.0000 none
-100 -100 -100 -100 0.0000 none
-100 -100 -100 -100 0.0000 none
-100 -100 -100 -100 0.0000 none
-100 -100 -100 -100 0.0000 none
-100 -100 -100 -100 0.0000 none
-100 -100 -100 -100 0.0000 none
-100 -100 -100 -100 0.0000 none
-100 -100 -100 -100 0.0000 none
-100 -100 -100 -100 0.0000 none
-100 -100 -100 -100 0.0000 none
-100 -100 -100 -100 0.0000 none
-100 -100 -100 -100 0.0000 none
-100 -100 -100 -100 0.0000 none
-100 -100 -100 -100 0.0000 none
-100 -100 -100 -100 0.0000 none
-100 -100 -100 -100 0.0000 none
-100 -100 -100 -100 0.0000 none
-100 -100 -100 -100 0.0000 none
-100 -100 -100 -100 0.0000 none
-100 -100 -100 -100 0.0000 none
-100 -100 -100 -100 0.0000 none
-100 -100 -100 -100 0.0000 none
-100 -100 -100 -100 0.0000 none
-100 -100 -100 -100 0.0000 none
-100 -100 -100 -100 0.0000 none
-100 -100 -100 -100 0.0000 none
-100 -100 -100 -100 0.0000 none
-100 -100 -100 -100 0.0000 none
-100 -100 -100 -100 0.0000 none
-100 -100 -100 -100 0.0000 none
-100 -100 -100 -100 0.0000 none
-100 -100 -100 -100 0.0000 none
-100 -100 -100 -100 0.0000 none
-100 -100 -100 -100 0.0000 none
-100 -100 -100 -100 0.0000 none
-100 -100 -100 -100 0.0000 none
-100 -100 -100 -100 0.0000 none
-100 -100 -100 -100 0.0000 none
-100 -100 -100 -100 0.0000 none
-100 -100 -100 -100 0.0000 none
-100 -100 -100 -100 0.0000 none
-100 -100 -100 -100 0.0000 none
-100 -100 -100 -100 0.0000 none
-100 -100 -100 -100 0.0000 none
-100 -100 -100 -100 0.0000 none
-100 -100 -100 -100 0.0000 none
-100 -100 -100 -100 0.0000 none
-100 -100 -100 -100 0.0000 none
-100 -100 -100 -100 0.0000 none
-100 -100 -100 -100 0.0000 none
-100 -100 -100 -100 0.0000 none
-100 -100 -100 -100 0.0000 none
-100 -100 -100 -100 0.0000 none
-100 -100 -100 -100 0.0000 none
-100 -100 -100 -100 0.0000 none
-100 -100 -100 -100 0.0000 none
-100 -100 -100 -100 0.0000 none
-100 -100 -100 -100 0.0000 none
-100 -100 -100 -100 0.0000 none
-100 -100 -100 -100 0.0000 none
-100 -100 -100 -100 0.0000 none
-100 -100 -100 -100 0.0000 none
-100 -100 -100 -100 0.0000 none
-100 -100 -100 -100 0.0000 none
-100 -100 -100 -100 0.0000 none
-100 -100 -100 -100 0.0000 none
1578.75 603.28 7.50 4.22 0.9765 init
1578.75 603.28 7.50 4.22 0.9386 high
1578.75 603.28 7.50 4.22 0.9556 high
1578.75 603.28 7.50 4.22 0.9346 high
-100 -100 -100 -100 0.0000 coast_none
-100 -100 -100 -100 0.0000 coast_none
1578.75 603.28 7.50 2.11 0.7745 high
1578.75 603.28 7.50 4.22 0.8797 high
-100 -100 -100 -100 0.0000 coast_none
-100 -100 -100 -100 0.0000 coast_none
-100 -100 -100 -100 0.0000 coast_none
-100 -100 -100 -100 0.0000 coast_none
-100 -100 -100 -100 0.0000 coast_none
-100 -100 -100 -100 0.0000 coast_none
-100 -100 -100 -100 0.0000 coast_none
-100 -100 -100 -100 0.0000 coast_none
-100 -100 -100 -100 0.0000 coast_none
-100 -100 -100 -100 0.0000 coast_none
-100 -100 -100 -100 0.0000 miss
-100 -100 -100 -100 0.0000 miss
-100 -100 -100 -100 0.0000 miss
-100 -100 -100 -100 0.0000 miss
-100 -100 -100 -100 0.0000 miss
-100 -100 -100 -100 0.0000 miss
-100 -100 -100 -100 0.0000 miss
-100 -100 -100 -100 0.0000 miss
-100 -100 -100 -100 0.0000 miss
-100 -100 -100 -100 0.0000 miss
-100 -100 -100 -100 0.0000 miss
-100 -100 -100 -100 0.0000 miss
-100 -100 -100 -100 0.0000 miss
-100 -100 -100 -100 0.0000 miss
-100 -100 -100 -100 0.0000 miss
-100 -100 -100 -100 0.0000 miss
-100 -100 -100 -100 0.0000 miss
-100 -100 -100 -100 0.0000 miss
-100 -100 -100 -100 0.0000 miss
-100 -100 -100 -100 0.0000 miss
-100 -100 -100 -100 0.0000 lost
-100 -100 -100 -100 0.0000 none
-100 -100 -100 -100 0.0000 none
-100 -100 -100 -100 0.0000 none
-100 -100 -100 -100 0.0000 none
-100 -100 -100 -100 0.0000 none
-100 -100 -100 -100 0.0000 none
-100 -100 -100 -100 0.0000 none
-100 -100 -100 -100 0.0000 none
-100 -100 -100 -100 0.0000 none
-100 -100 -100 -100 0.0000 none
-100 -100 -100 -100 0.0000 none
-100 -100 -100 -100 0.0000 none
-100 -100 -100 -100 0.0000 none
-100 -100 -100 -100 0.0000 none
-100 -100 -100 -100 0.0000 none
-100 -100 -100 -100 0.0000 none
-100 -100 -100 -100 0.0000 none
-100 -100 -100 -100 0.0000 none
-100 -100 -100 -100 0.0000 none
-100 -100 -100 -100 0.0000 none
-100 -100 -100 -100 0.0000 none
-100 -100 -100 -100 0.0000 none
-100 -100 -100 -100 0.0000 none
-100 -100 -100 -100 0.0000 none
-100 -100 -100 -100 0.0000 none
-100 -100 -100 -100 0.0000 none
-100 -100 -100 -100 0.0000 none
-100 -100 -100 -100 0.0000 none
-100 -100 -100 -100 0.0000 none
-100 -100 -100 -100 0.0000 none
-100 -100 -100 -100 0.0000 none
-100 -100 -100 -100 0.0000 none
-100 -100 -100 -100 0.0000 none
-100 -100 -100 -100 0.0000 none
-100 -100 -100 -100 0.0000 none
-100 -100 -100 -100 0.0000 none
-100 -100 -100 -100 0.0000 none
-100 -100 -100 -100 0.0000 none
-100 -100 -100 -100 0.0000 none
-100 -100 -100 -100 0.0000 none
-100 -100 -100 -100 0.0000 none
-100 -100 -100 -100 0.0000 none
-100 -100 -100 -100 0.0000 none
-100 -100 -100 -100 0.0000 none
-100 -100 -100 -100 0.0000 none
-100 -100 -100 -100 0.0000 none
-100 -100 -100 -100 0.0000 none
-100 -100 -100 -100 0.0000 none
-100 -100 -100 -100 0.0000 none
-100 -100 -100 -100 0.0000 none
-100 -100 -100 -100 0.0000 none
-100 -100 -100 -100 0.0000 none
-100 -100 -100 -100 0.0000 none
-100 -100 -100 -100 0.0000 none
-100 -100 -100 -100 0.0000 none
-100 -100 -100 -100 0.0000 none
-100 -100 -100 -100 0.0000 none
-100 -100 -100 -100 0.0000 none
-100 -100 -100 -100 0.0000 none
-100 -100 -100 -100 0.0000 none
-100 -100 -100 -100 0.0000 none
-100 -100 -100 -100 0.0000 none
-100 -100 -100 -100 0.0000 none
-100 -100 -100 -100 0.0000 none
-100 -100 -100 -100 0.0000 none
-100 -100 -100 -100 0.0000 none
-100 -100 -100 -100 0.0000 none
-100 -100 -100 -100 0.0000 none
-100 -100 -100 -100 0.0000 none
-100 -100 -100 -100 0.0000 none
-100 -100 -100 -100 0.0000 none
-100 -100 -100 -100 0.0000 none
-100 -100 -100 -100 0.0000 none
-100 -100 -100 -100 0.0000 none
-100 -100 -100 -100 0.0000 none
-100 -100 -100 -100 0.0000 none
-100 -100 -100 -100 0.0000 none
-100 -100 -100 -100 0.0000 none
-100 -100 -100 -100 0.0000 none
-100 -100 -100 -100 0.0000 none
-100 -100 -100 -100 0.0000 none
-100 -100 -100 -100 0.0000 none
-100 -100 -100 -100 0.0000 none
-100 -100 -100 -100 0.0000 none
-100 -100 -100 -100 0.0000 none
-100 -100 -100 -100 0.0000 none
-100 -100 -100 -100 0.0000 none
-100 -100 -100 -100 0.0000 none
-100 -100 -100 -100 0.0000 none
-100 -100 -100 -100 0.0000 none
-100 -100 -100 -100 0.0000 none
-100 -100 -100 -100 0.0000 none
-100 -100 -100 -100 0.0000 none
-100 -100 -100 -100 0.0000 none
-100 -100 -100 -100 0.0000 none
-100 -100 -100 -100 0.0000 none
-100 -100 -100 -100 0.0000 none
-100 -100 -100 -100 0.0000 none
-100 -100 -100 -100 0.0000 none
-100 -100 -100 -100 0.0000 none
-100 -100 -100 -100 0.0000 none
-100 -100 -100 -100 0.0000 none
-100 -100 -100 -100 0.0000 none
-100 -100 -100 -100 0.0000 none
-100 -100 -100 -100 0.0000 none
-100 -100 -100 -100 0.0000 none
-100 -100 -100 -100 0.0000 none
-100 -100 -100 -100 0.0000 none
-100 -100 -100 -100 0.0000 none
-100 -100 -100 -100 0.0000 none
-100 -100 -100 -100 0.0000 none
-100 -100 -100 -100 0.0000 none
-100 -100 -100 -100 0.0000 none
-100 -100 -100 -100 0.0000 none
-100 -100 -100 -100 0.0000 none
-100 -100 -100 -100 0.0000 none
-100 -100 -100 -100 0.0000 none
-100 -100 -100 -100 0.0000 none
-100 -100 -100 -100 0.0000 none
-100 -100 -100 -100 0.0000 none
-100 -100 -100 -100 0.0000 none
-100 -100 -100 -100 0.0000 none
-100 -100 -100 -100 0.0000 none
-100 -100 -100 -100 0.0000 none
-100 -100 -100 -100 0.0000 none
-100 -100 -100 -100 0.0000 none
-100 -100 -100 -100 0.0000 none
-100 -100 -100 -100 0.0000 none
-100 -100 -100 -100 0.0000 none
-100 -100 -100 -100 0.0000 none
-100 -100 -100 -100 0.0000 none
-100 -100 -100 -100 0.0000 none
-100 -100 -100 -100 0.0000 none
-100 -100 -100 -100 0.0000 none
-100 -100 -100 -100 0.0000 none
-100 -100 -100 -100 0.0000 none
-100 -100 -100 -100 0.0000 none
-100 -100 -100 -100 0.0000 none
-100 -100 -100 -100 0.0000 none
-100 -100 -100 -100 0.0000 none
-100 -100 -100 -100 0.0000 none
-100 -100 -100 -100 0.0000 none
-100 -100 -100 -100 0.0000 none
-100 -100 -100 -100 0.0000 none
-100 -100 -100 -100 0.0000 none
-100 -100 -100 -100 0.0000 none
-100 -100 -100 -100 0.0000 none
-100 -100 -100 -100 0.0000 none
-100 -100 -100 -100 0.0000 none
-100 -100 -100 -100 0.0000 none
-100 -100 -100 -100 0.0000 none
-100 -100 -100 -100 0.0000 none
-100 -100 -100 -100 0.0000 none
-100 -100 -100 -100 0.0000 none
-100 -100 -100 -100 0.0000 none
-100 -100 -100 -100 0.0000 none
-100 -100 -100 -100 0.0000 none
-100 -100 -100 -100 0.0000 none
-100 -100 -100 -100 0.0000 none
-100 -100 -100 -100 0.0000 none
-100 -100 -100 -100 0.0000 none
-100 -100 -100 -100 0.0000 none
-100 -100 -100 -100 0.0000 none
-100 -100 -100 -100 0.0000 none
-100 -100 -100 -100 0.0000 none
-100 -100 -100 -100 0.0000 none
-100 -100 -100 -100 0.0000 none
-100 -100 -100 -100 0.0000 none
-100 -100 -100 -100 0.0000 none
-100 -100 -100 -100 0.0000 none
-100 -100 -100 -100 0.0000 none
-100 -100 -100 -100 0.0000 none
-100 -100 -100 -100 0.0000 none
-100 -100 -100 -100 0.0000 none
-100 -100 -100 -100 0.0000 none
-100 -100 -100 -100 0.0000 none
-100 -100 -100 -100 0.0000 none
-100 -100 -100 -100 0.0000 none
-100 -100 -100 -100 0.0000 none
-100 -100 -100 -100 0.0000 none
-100 -100 -100 -100 0.0000 none
-100 -100 -100 -100 0.0000 none
-100 -100 -100 -100 0.0000 none
-100 -100 -100 -100 0.0000 none
-100 -100 -100 -100 0.0000 none
-100 -100 -100 -100 0.0000 none
-100 -100 -100 -100 0.0000 none
-100 -100 -100 -100 0.0000 none
-100 -100 -100 -100 0.0000 none
-100 -100 -100 -100 0.0000 none
-100 -100 -100 -100 0.0000 none
-100 -100 -100 -100 0.0000 none
-100 -100 -100 -100 0.0000 none
-100 -100 -100 -100 0.0000 none
-100 -100 -100 -100 0.0000 none
-100 -100 -100 -100 0.0000 none
-100 -100 -100 -100 0.0000 none
-100 -100 -100 -100 0.0000 none
-100 -100 -100 -100 0.0000 none
-100 -100 -100 -100 0.0000 none
-100 -100 -100 -100 0.0000 none
-100 -100 -100 -100 0.0000 none
-100 -100 -100 -100 0.0000 none
-100 -100 -100 -100 0.0000 none
-100 -100 -100 -100 0.0000 none
-100 -100 -100 -100 0.0000 none
-100 -100 -100 -100 0.0000 none
-100 -100 -100 -100 0.0000 none
-100 -100 -100 -100 0.0000 none
-100 -100 -100 -100 0.0000 none
-100 -100 -100 -100 0.0000 none
-100 -100 -100 -100 0.0000 none
-100 -100 -100 -100 0.0000 none
-100 -100 -100 -100 0.0000 none
-100 -100 -100 -100 0.0000 none
-100 -100 -100 -100 0.0000 none
-100 -100 -100 -100 0.0000 none
-100 -100 -100 -100 0.0000 none
-100 -100 -100 -100 0.0000 none
-100 -100 -100 -100 0.0000 none
-100 -100 -100 -100 0.0000 none
-100 -100 -100 -100 0.0000 none
-100 -100 -100 -100 0.0000 none
-100 -100 -100 -100 0.0000 none
-100 -100 -100 -100 0.0000 none
-100 -100 -100 -100 0.0000 none
-100 -100 -100 -100 0.0000 none
-100 -100 -100 -100 0.0000 none
-100 -100 -100 -100 0.0000 none
-100 -100 -100 -100 0.0000 none
-100 -100 -100 -100 0.0000 none
-100 -100 -100 -100 0.0000 none
-100 -100 -100 -100 0.0000 none
-100 -100 -100 -100 0.0000 none
-100 -100 -100 -100 0.0000 none
-100 -100 -100 -100 0.0000 none
-100 -100 -100 -100 0.0000 none
-100 -100 -100 -100 0.0000 none
-100 -100 -100 -100 0.0000 none
-100 -100 -100 -100 0.0000 none
-100 -100 -100 -100 0.0000 none
-100 -100 -100 -100 0.0000 none
-100 -100 -100 -100 0.0000 none
-100 -100 -100 -100 0.0000 none
-100 -100 -100 -100 0.0000 none
-100 -100 -100 -100 0.0000 none
-100 -100 -100 -100 0.0000 none
-100 -100 -100 -100 0.0000 none
-100 -100 -100 -100 0.0000 none
-100 -100 -100 -100 0.0000 none
-100 -100 -100 -100 0.0000 none
-100 -100 -100 -100 0.0000 none
-100 -100 -100 -100 0.0000 none
-100 -100 -100 -100 0.0000 none
-100 -100 -100 -100 0.0000 none
-100 -100 -100 -100 0.0000 none
-100 -100 -100 -100 0.0000 none
-100 -100 -100 -100 0.0000 none
-100 -100 -100 -100 0.0000 none
-100 -100 -100 -100 0.0000 none
-100 -100 -100 -100 0.0000 none
-100 -100 -100 -100 0.0000 none
-100 -100 -100 -100 0.0000 none
-100 -100 -100 -100 0.0000 none
-100 -100 -100 -100 0.0000 none
-100 -100 -100 -100 0.0000 none
-100 -100 -100 -100 0.0000 none
-100 -100 -100 -100 0.0000 none
-100 -100 -100 -100 0.0000 none
-100 -100 -100 -100 0.0000 none
-100 -100 -100 -100 0.0000 none
-100 -100 -100 -100 0.0000 none
-100 -100 -100 -100 0.0000 none
-100 -100 -100 -100 0.0000 none
-100 -100 -100 -100 0.0000 none
-100 -100 -100 -100 0.0000 none
-100 -100 -100 -100 0.0000 none
-100 -100 -100 -100 0.0000 none
-100 -100 -100 -100 0.0000 none
-100 -100 -100 -100 0.0000 none
-100 -100 -100 -100 0.0000 none
-100 -100 -100 -100 0.0000 none
-100 -100 -100 -100 0.0000 none
-100 -100 -100 -100 0.0000 none
-100 -100 -100 -100 0.0000 none
-100 -100 -100 -100 0.0000 none
-100 -100 -100 -100 0.0000 none
-100 -100 -100 -100 0.0000 none
-100 -100 -100 -100 0.0000 none
-100 -100 -100 -100 0.0000 none
-100 -100 -100 -100 0.0000 none
-100 -100 -100 -100 0.0000 none
-100 -100 -100 -100 0.0000 none
-100 -100 -100 -100 0.0000 none
-100 -100 -100 -100 0.0000 none
-100 -100 -100 -100 0.0000 none
-100 -100 -100 -100 0.0000 none
-100 -100 -100 -100 0.0000 none
-100 -100 -100 -100 0.0000 none
-100 -100 -100 -100 0.0000 none
-100 -100 -100 -100 0.0000 none
-100 -100 -100 -100 0.0000 none
-100 -100 -100 -100 0.0000 none
-100 -100 -100 -100 0.0000 none
-100 -100 -100 -100 0.0000 none
-100 -100 -100 -100 0.0000 none
-100 -100 -100 -100 0.0000 none
-100 -100 -100 -100 0.0000 none
-100 -100 -100 -100 0.0000 none
-100 -100 -100 -100 0.0000 none
-100 -100 -100 -100 0.0000 none
-100 -100 -100 -100 0.0000 none
-100 -100 -100 -100 0.0000 none
-100 -100 -100 -100 0.0000 none
-100 -100 -100 -100 0.0000 none
-100 -100 -100 -100 0.0000 none
-100 -100 -100 -100 0.0000 none
-100 -100 -100 -100 0.0000 none
-100 -100 -100 -100 0.0000 none
-100 -100 -100 -100 0.0000 none
-100 -100 -100 -100 0.0000 none
-100 -100 -100 -100 0.0000 none
-100 -100 -100 -100 0.0000 none
-100 -100 -100 -100 0.0000 none
-100 -100 -100 -100 0.0000 none
-100 -100 -100 -100 0.0000 none
-100 -100 -100 -100 0.0000 none
-100 -100 -100 -100 0.0000 none
-100 -100 -100 -100 0.0000 none
-100 -100 -100 -100 0.0000 none
-100 -100 -100 -100 0.0000 none
-100 -100 -100 -100 0.0000 none
-100 -100 -100 -100 0.0000 none
-100 -100 -100 -100 0.0000 none
-100 -100 -100 -100 0.0000 none
-100 -100 -100 -100 0.0000 none
-100 -100 -100 -100 0.0000 none
-100 -100 -100 -100 0.0000 none
-100 -100 -100 -100 0.0000 none
-100 -100 -100 -100 0.0000 none
-100 -100 -100 -100 0.0000 none
-100 -100 -100 -100 0.0000 none
-100 -100 -100 -100 0.0000 none
-100 -100 -100 -100 0.0000 none
-100 -100 -100 -100 0.0000 none
-100 -100 -100 -100 0.0000 none
-100 -100 -100 -100 0.0000 none
-100 -100 -100 -100 0.0000 none
-100 -100 -100 -100 0.0000 none
-100 -100 -100 -100 0.0000 none
-100 -100 -100 -100 0.0000 none
-100 -100 -100 -100 0.0000 none
-100 -100 -100 -100 0.0000 none
-100 -100 -100 -100 0.0000 none
-100 -100 -100 -100 0.0000 none
-100 -100 -100 -100 0.0000 none
-100 -100 -100 -100 0.0000 none
-100 -100 -100 -100 0.0000 none
-100 -100 -100 -100 0.0000 none
-100 -100 -100 -100 0.0000 none
-100 -100 -100 -100 0.0000 none
-100 -100 -100 -100 0.0000 none
-100 -100 -100 -100 0.0000 none
-100 -100 -100 -100 0.0000 none
802.50 677.11 33.75 14.77 0.9296 init
802.50 677.11 33.75 14.77 0.9494 high
798.75 675.00 37.50 16.88 0.9525 high
802.50 677.11 33.75 14.77 0.9506 high
801.17 676.36 35.08 15.51 0.0000 coast
800.95 676.24 35.30 15.63 0.0000 coast
-100 -100 -100 -100 0.0000 coast_none
-100 -100 -100 -100 0.0000 coast_none
-100 -100 -100 -100 0.0000 coast_none
-100 -100 -100 -100 0.0000 coast_none
-100 -100 -100 -100 0.0000 coast_none
-100 -100 -100 -100 0.0000 coast_none
802.50 677.11 30.00 12.66 0.9112 high
802.50 677.11 29.73 12.50 0.0000 coast
-100 -100 -100 -100 0.0000 coast_none
802.50 677.11 30.00 12.66 0.8458 high
802.56 677.14 29.60 12.43 0.0000 coast
798.75 675.00 33.75 14.77 0.9381 high
802.50 677.11 26.25 12.66 0.8866 high
801.27 676.42 28.23 13.20 0.0000 coast
-100 -100 -100 -100 0.0000 coast_none
801.09 676.32 27.53 13.13 0.0000 coast
801.00 676.27 27.19 13.09 0.0000 coast
-100 -100 -100 -100 0.0000 coast_none
-100 -100 -100 -100 0.0000 coast_none
813.75 681.33 11.25 6.33 0.5951 high
813.75 681.33 7.50 4.22 0.3725 low
814.74 681.71 5.72 3.51 0.0000 coast
-100 -100 -100 -100 0.0000 coast_none
813.75 681.33 7.50 4.22 0.3908 low
814.18 681.50 6.51 3.78 0.0000 coast
814.47 681.61 5.82 3.47 0.0000 coast
810.00 679.22 26.25 12.66 0.9031 reinit
813.75 681.33 18.75 8.44 0.8708 high
814.03 681.49 18.19 8.12 0.0000 coast
810.00 681.33 22.50 8.44 0.8532 high
-100 -100 -100 -100 0.0000 coast_none
-100 -100 -100 -100 0.0000 coast_none
813.75 679.22 18.75 10.55 0.8140 high
813.75 679.22 18.75 10.55 0.8281 high
810.00 679.22 22.50 10.55 0.9355 high
810.00 679.22 22.50 10.55 0.9033 high
809.93 678.93 22.40 10.74 0.0000 coast
809.57 678.75 22.65 10.87 0.0000 coast
806.25 679.22 26.25 10.55 0.8895 high
-100 -100 -100 -100 0.0000 coast_none
-100 -100 -100 -100 0.0000 coast_none
-100 -100 -100 -100 0.0000 coast_none
-100 -100 -100 -100 0.0000 coast_none
-100 -100 -100 -100 0.0000 coast_none
802.90 678.36 29.13 11.14 0.0000 coast
-100 -100 -100 -100 0.0000 coast_none
-100 -100 -100 -100 0.0000 coast_none
-100 -100 -100 -100 0.0000 coast_none
-100 -100 -100 -100 0.0000 coast_none
-100 -100 -100 -100 0.0000 miss
-100 -100 -100 -100 0.0000 miss
-100 -100 -100 -100 0.0000 miss
-100 -100 -100 -100 0.0000 miss
802.50 677.11 22.50 10.55 0.7808 high
-100 -100 -100 -100 0.0000 coast_none
-100 -100 -100 -100 0.0000 coast_none
-100 -100 -100 -100 0.0000 coast_none
-100 -100 -100 -100 0.0000 coast_none
-100 -100 -100 -100 0.0000 coast_none
-100 -100 -100 -100 0.0000 coast_none
817.50 681.33 3.75 4.22 0.5706 high
818.11 681.48 2.66 3.88 0.0000 coast
-100 -100 -100 -100 0.0000 coast_none
-100 -100 -100 -100 0.0000 coast_none
-100 -100 -100 -100 0.0000 coast_none
813.75 681.33 7.50 4.22 0.5582 high
-100 -100 -100 -100 0.0000 coast_none
-100 -100 -100 -100 0.0000 coast_none
-100 -100 -100 -100 0.0000 coast_none
802.50 677.11 30.00 14.77 0.9248 reinit
802.50 677.11 33.75 14.77 0.9631 high
802.50 677.11 34.03 14.77 0.0000 coast
802.50 677.11 34.80 14.77 0.0000 coast
810.00 679.22 15.00 8.44 0.8271 high
811.05 679.51 12.90 7.55 0.0000 coast
812.66 679.97 9.25 6.19 0.0000 coast
806.25 681.33 18.75 6.33 0.7737 high
806.23 681.97 17.78 5.27 0.0000 coast
-100 -100 -100 -100 0.0000 coast_none
806.05 683.26 16.07 3.19 0.0000 coast
-100 -100 -100 -100 0.0000 coast_none
-100 -100 -100 -100 0.0000 coast_none
813.75 681.33 7.50 4.22 0.7425 high
813.75 681.33 3.75 2.11 0.6745 high
814.56 681.58 2.19 1.43 0.0000 coast
814.91 681.54 1.00 1.00 0.0000 coast
802.50 677.11 30.00 12.66 0.9235 reinit
802.50 677.11 30.00 12.66 0.9160 high
798.75 675.00 33.75 16.88 0.9452 high
802.50 677.11 26.25 12.66 0.9264 high
802.50 677.11 30.00 12.66 0.9578 high
802.50 677.11 26.25 12.66 0.8956 high
802.50 679.22 26.25 10.55 0.8773 high
802.62 679.05 25.59 10.65 0.0000 coast
802.50 677.11 30.00 12.66 0.9234 high
802.50 679.22 26.25 10.55 0.8562 high
802.50 677.11 30.00 14.77 0.9361 high
802.50 677.11 30.00 12.66 0.9587 high
802.58 677.31 29.80 13.05 0.0000 coast
802.50 677.11 33.75 14.77 0.8978 high
802.50 677.11 33.75 14.77 0.9586 high
-100 -100 -100 -100 0.0000 coast_none
-100 -100 -100 -100 0.0000 coast_none
-100 -100 -100 -100 0.0000 coast_none
-100 -100 -100 -100 0.0000 coast_none
802.68 677.00 35.93 15.70 0.0000 coast
810.00 681.33 18.75 8.44 0.8018 high
809.95 681.26 19.42 8.72 0.0000 coast
802.50 677.11 26.25 12.66 0.8528 high
-100 -100 -100 -100 0.0000 coast_none
-100 -100 -100 -100 0.0000 coast_none
801.94 676.74 25.97 12.84 0.0000 coast
801.48 676.47 26.14 13.04 0.0000 coast
-100 -100 -100 -100 0.0000 coast_none
802.50 675.00 30.00 14.77 0.9556 high
802.50 675.00 30.00 14.77 0.9607 high
798.75 675.00 37.50 16.88 0.9631 high
798.75 675.00 37.50 16.88 0.9463 high
802.50 677.11 30.00 12.66 0.8743 high
800.70 675.99 33.52 14.56 0.0000 coast
800.40 675.82 34.11 14.76 0.0000 coast
800.09 675.66 34.70 14.96 0.0000 coast
-100 -100 -100 -100 0.0000 coast_none
15.00 8.44 3.75 2.11 0.9020 reinit
15.00 8.44 3.75 2.11 0.0000 coast
15.00 8.44 3.75 2.11 0.0000 coast
11.25 4.22 26.25 14.77 0.9870 reinit
11.25 4.22 26.25 14.77 0.9793 high
7.50 4.22 30.00 16.88 0.9597 high
7.50 4.22 30.00 16.88 0.9703 high
7.50 4.22 33.75 16.88 0.9735 high
7.50 4.22 33.75 16.88 0.9756 high
7.50 2.11 37.50 21.09 0.9781 high
7.50 2.11 37.50 21.09 0.9549 high
7.50 2.11 37.50 21.09 0.9785 high
7.50 2.11 33.75 21.09 0.9601 high
7.50 2.11 41.25 21.09 0.9786 high
11.25 2.11 37.50 21.09 0.9794 high
11.25 2.11 37.50 21.09 0.9768 high
11.25 2.11 37.50 21.09 0.9880 high
11.25 2.11 41.25 21.09 0.9705 high
11.25 2.11 45.00 21.09 0.9888 high
11.25 2.11 41.25 23.20 0.9933 high
11.25 2.11 41.25 23.20 0.9918 high
11.25 2.11 45.00 25.31 0.9897 high
11.25 2.11 45.00 29.53 0.9916 high
11.25 2.11 48.75 27.42 0.9901 high
11.25 2.11 52.50 29.53 0.9885 high
11.25 2.11 52.50 29.53 0.9913 high
11.25 2.11 56.25 31.64 0.9949 high
11.25 2.11 56.25 33.75 0.9930 high
7.50 2.11 60.00 33.75 0.9897 high
7.50 2.11 63.75 35.86 0.9914 high
11.25 0.00 60.00 40.08 0.9845 high
11.25 0.00 63.75 37.97 0.9871 high
11.25 0.00 67.50 42.19 0.9898 high
11.25 0.00 67.50 40.08 0.9901 high
11.25 0.00 71.25 40.08 0.9912 high
11.25 0.00 75.00 40.08 0.9899 high
11.25 0.00 78.75 37.97 0.9883 high
11.25 0.00 86.25 42.19 0.9880 high
11.25 0.00 86.25 40.08 0.9904 high
11.25 0.00 90.00 40.08 0.9842 high
15.00 0.00 86.25 40.08 0.9883 high
15.00 0.00 93.75 40.08 0.9815 high
18.75 0.00 93.75 40.08 0.9898 high
22.50 0.00 93.75 42.19 0.9876 high
26.25 0.00 90.00 37.97 0.9906 high
26.25 0.00 93.75 40.08 0.9870 high
26.25 0.00 97.50 42.19 0.9904 high
26.25 0.00 101.25 40.08 0.9861 high
30.00 0.00 97.50 37.97 0.9875 high
30.00 0.00 101.25 40.08 0.9876 high
33.75 0.00 105.00 37.97 0.9872 high
33.75 0.00 105.00 40.08 0.9898 high
37.50 2.11 105.00 37.97 0.9900 high
41.25 2.11 105.00 37.97 0.9928 high
45.00 2.11 97.50 40.08 0.9880 high
45.00 2.11 105.00 40.08 0.9879 high
48.75 2.11 105.00 40.08 0.9885 high
48.75 2.11 101.25 40.08 0.9849 high
52.50 4.22 101.25 40.08 0.9909 high
56.25 2.11 105.00 44.30 0.9845 high
56.25 2.11 108.75 44.30 0.9872 high
60.00 4.22 101.25 42.19 0.9887 high
60.00 4.22 101.25 46.41 0.9840 high
63.75 6.33 105.00 46.41 0.9892 high
63.75 6.33 105.00 48.52 0.9897 high
67.50 8.44 105.00 46.41 0.9889 high
67.50 10.55 108.75 46.41 0.9879 high
67.50 12.66 105.00 46.41 0.9893 high
67.50 16.88 90.00 42.19 0.9915 high
71.25 18.98 97.50 44.30 0.9903 high
71.25 21.09 93.75 44.30 0.9901 high
75.00 23.20 101.25 46.41 0.9902 high
75.00 25.31 93.75 46.41 0.9924 high
78.75 27.42 97.50 44.30 0.9886 high
75.00 29.53 101.25 46.41 0.9920 high
75.00 31.64 105.00 48.52 0.9887 high
78.75 35.86 101.25 44.30 0.9897 high
78.75 37.97 105.00 46.41 0.9895 high
78.75 40.08 108.75 48.52 0.9902 high
78.75 44.30 108.75 44.30 0.9923 high
78.75 44.30 105.00 46.41 0.9879 high
75.00 48.52 105.00 44.30 0.9928 high
78.75 50.62 90.00 42.19 0.9910 high
78.75 52.73 97.50 42.19 0.9915 high
78.75 54.84 101.25 42.19 0.9884 high
78.75 56.95 97.50 44.30 0.9868 high
78.75 59.06 105.00 44.30 0.9915 high
78.75 61.17 101.25 44.30 0.9871 high
78.75 63.28 105.00 46.41 0.9880 high
78.75 65.39 101.25 46.41 0.9900 high
78.75 69.61 108.75 42.19 0.9872 high
78.75 71.72 108.75 44.30 0.9901 high
78.75 75.94 108.75 44.30 0.9896 high
78.75 78.05 105.00 44.30 0.9847 high
78.75 80.16 108.75 44.30 0.9911 high
78.75 84.38 101.25 44.30 0.9957 high
78.75 86.48 97.50 44.30 0.9907 high
78.75 90.70 105.00 46.41 0.9911 high
78.75 94.92 108.75 44.30 0.9914 high
78.75 97.03 105.00 46.41 0.9876 high
75.00 99.14 108.75 46.41 0.9953 high
78.75 103.36 108.75 44.30 0.9839 high
78.75 107.58 108.75 44.30 0.9907 high
78.75 109.69 108.75 46.41 0.9866 high
78.75 113.91 105.00 44.30 0.9820 high
75.00 116.02 112.50 42.19 0.9848 high
75.00 118.12 112.50 44.30 0.9905 high
78.75 122.34 105.00 44.30 0.9902 high
78.75 126.56 105.00 44.30 0.9852 high
75.00 130.78 108.75 42.19 0.9887 high
75.00 130.78 112.50 44.30 0.9875 high
78.75 135.00 108.75 46.41 0.9902 high
75.00 139.22 112.50 44.30 0.9895 high
78.75 143.44 108.75 44.30 0.9928 high
78.75 145.55 108.75 44.30 0.9831 high
75.00 147.66 108.75 44.30 0.9898 high
75.00 151.88 112.50 44.30 0.9849 high
75.00 156.09 108.75 42.19 0.9897 high
78.75 160.31 105.00 44.30 0.9888 high
75.00 164.53 108.75 44.30 0.9887 high
75.00 166.64 108.75 46.41 0.9920 high
75.00 172.97 108.75 42.19 0.9903 high
75.00 175.08 108.75 44.30 0.9859 high
78.75 179.30 105.00 42.19 0.9856 high
75.00 181.41 105.00 46.41 0.9852 high
75.00 185.62 112.50 44.30 0.9913 high
75.00 189.84 108.75 42.19 0.9888 high
75.00 194.06 105.00 44.30 0.9895 high
75.00 196.17 108.75 44.30 0.9897 high
71.25 200.39 108.75 44.30 0.9893 high
71.25 204.61 108.75 44.30 0.9901 high
71.25 206.72 112.50 44.30 0.9876 high
71.25 210.94 108.75 44.30 0.9914 high
71.25 215.16 108.75 42.19 0.9877 high
71.25 217.27 105.00 44.30 0.9893 high
71.25 221.48 105.00 42.19 0.9923 high
75.00 225.70 105.00 42.19 0.9851 high
71.25 227.81 108.75 44.30 0.9896 high
71.25 232.03 105.00 42.19 0.9867 high
67.50 236.25 112.50 44.30 0.9908 high
71.25 240.47 108.75 42.19 0.9897 high
71.25 242.58 108.75 44.30 0.9836 high
71.25 246.80 105.00 44.30 0.9889 high
71.25 251.02 105.00 42.19 0.9905 high
67.50 253.12 108.75 42.19 0.9911 high
71.25 257.34 108.75 42.19 0.9850 high
71.25 261.56 105.00 42.19 0.9895 high
71.25 263.67 105.00 42.19 0.9885 high
71.25 265.78 108.75 44.30 0.9855 high
67.50 270.00 112.50 44.30 0.9897 high
67.50 272.11 108.75 44.30 0.9903 high
71.25 274.22 105.00 42.19 0.9862 high
71.25 276.33 105.00 42.19 0.9909 high
71.25 278.44 105.00 42.19 0.9896 high
71.25 280.55 108.75 42.19 0.9919 high
67.50 280.55 108.75 40.08 0.9881 high
71.25 282.66 105.00 40.08 0.9916 high
71.25 282.66 105.00 42.19 0.9874 high
71.25 282.66 105.00 42.19 0.9917 high
67.50 284.77 108.75 40.08 0.9881 high
67.50 284.77 112.50 40.08 0.9884 high
67.50 284.77 108.75 42.19 0.9865 high
67.50 284.77 108.75 42.19 0.9904 high
67.50 284.77 105.00 42.19 0.9867 high
67.50 284.77 108.75 40.08 0.9892 high
63.75 284.77 112.50 40.08 0.9847 high
63.75 284.77 108.75 42.19 0.9845 high
63.75 284.77 108.75 42.19 0.9934 high
63.75 286.88 108.75 42.19 0.9891 high
63.75 286.88 108.75 42.19 0.9933 high
63.75 286.88 105.00 42.19 0.9907 high
60.00 286.88 112.50 42.19 0.9912 high
63.75 288.98 105.00 40.08 0.9931 high
60.00 288.98 108.75 42.19 0.9916 high
60.00 288.98 108.75 42.19 0.9885 high
60.00 288.98 105.00 42.19 0.9906 high
60.00 288.98 105.00 40.08 0.9923 high
60.00 291.09 108.75 40.08 0.9915 high
60.00 291.09 108.75 40.08 0.9905 high
60.00 291.09 105.00 40.08 0.9917 high
60.00 291.09 108.75 42.19 0.9890 high
56.25 291.09 108.75 44.30 0.9868 high
60.00 291.09 108.75 42.19 0.9884 high
56.25 291.09 112.50 42.19 0.9896 high
56.25 291.09 112.50 46.41 0.9854 high
56.25 291.09 112.50 50.62 0.9924 high
60.00 293.20 108.75 46.41 0.9861 high
60.00 293.20 108.75 44.30 0.9895 high
63.75 293.20 108.75 46.41 0.9920 high
63.75 293.20 108.75 46.41 0.9847 high
63.75 293.20 112.50 46.41 0.9894 high
67.50 295.31 108.75 44.30 0.9886 high
71.25 295.31 105.00 46.41 0.9884 high
78.75 297.42 101.25 44.30 0.9922 high
78.75 297.42 105.00 46.41 0.9909 high
78.75 297.42 108.75 44.30 0.9853 high
82.50 299.53 105.00 44.30 0.9946 high
82.50 299.53 108.75 44.30 0.9894 high
86.25 299.53 108.75 44.30 0.9884 high
90.00 299.53 108.75 44.30 0.9868 high
93.75 301.64 105.00 42.19 0.9879 high
97.50 299.53 108.75 46.41 0.9896 high
101.25 301.64 108.75 44.30 0.9917 high
105.00 301.64 112.50 44.30 0.9861 high
112.50 301.64 108.75 44.30 0.9933 high
116.25 301.64 108.75 44.30 0.9897 high
120.00 301.64 108.75 46.41 0.9875 high
123.75 303.75 108.75 42.19 0.9899 high
131.25 303.75 108.75 44.30 0.9870 high
135.00 303.75 108.75 44.30 0.9893 high
138.75 305.86 108.75 42.19 0.9933 high
146.25 305.86 108.75 40.08 0.9900 high
153.75 305.86 105.00 42.19 0.9900 high
161.25 307.97 101.25 40.08 0.9941 high
165.00 307.97 105.00 42.19 0.9870 high
172.50 307.97 105.00 42.19 0.9894 high
176.25 307.97 105.00 42.19 0.9869 high
183.75 307.97 105.00 44.30 0.9877 high
187.50 307.97 108.75 42.19 0.9887 high
195.00 307.97 105.00 42.19 0.9926 high
198.75 310.08 108.75 42.19 0.9901 high
206.25 310.08 108.75 40.08 0.9899 high
213.75 310.08 105.00 40.08 0.9880 high
217.50 310.08 105.00 40.08 0.9929 high
225.00 310.08 101.25 44.30 0.9922 high
228.75 312.19 108.75 40.08 0.9927 high
232.50 312.19 112.50 42.19 0.9903 high
243.75 312.19 105.00 44.30 0.9898 high
247.50 312.19 108.75 42.19 0.9842 high
255.00 314.30 108.75 40.08 0.9848 high
262.50 314.30 101.25 40.08 0.9922 high
266.25 314.30 108.75 42.19 0.9902 high
273.75 314.30 105.00 42.19 0.9869 high
281.25 314.30 105.00 40.08 0.9897 high
285.00 314.30 105.00 40.08 0.9845 high
292.50 314.30 105.00 40.08 0.9856 high
296.25 316.41 108.75 40.08 0.9856 high
307.50 316.41 101.25 42.19 0.9839 high
307.50 316.41 105.00 40.08 0.9848 high
315.00 316.41 105.00 37.97 0.9844 high
322.50 316.41 105.00 42.19 0.9848 high
330.00 316.41 105.00 40.08 0.9881 high
333.75 316.41 108.75 42.19 0.9882 high
341.25 316.41 105.00 42.19 0.9825 high
345.00 316.41 108.75 42.19 0.9910 high
352.50 318.52 105.00 40.08 0.9867 high
360.00 318.52 105.00 40.08 0.9895 high
367.50 318.52 105.00 37.97 0.9844 high
371.25 318.52 105.00 42.19 0.9881 high
378.75 320.62 105.00 40.08 0.9928 high
386.25 320.62 105.00 40.08 0.9897 high
393.75 320.62 105.00 40.08 0.9834 high
401.25 322.73 101.25 37.97 0.9902 high
405.00 320.62 101.25 40.08 0.9869 high
412.50 322.73 105.00 40.08 0.9877 high
416.25 322.73 105.00 40.08 0.9884 high
427.50 322.73 101.25 40.08 0.9909 high
431.25 322.73 101.25 40.08 0.9904 high
438.75 324.84 101.25 35.86 0.9931 high
442.50 324.84 101.25 37.97 0.9830 high
446.25 324.84 105.00 37.97 0.9857 high
457.50 324.84 101.25 37.97 0.9895 high
465.00 324.84 101.25 37.97 0.9849 high
468.75 324.84 105.00 42.19 0.9876 high
472.50 326.95 105.00 35.86 0.9781 high
483.75 326.95 105.00 40.08 0.9890 high
487.50 326.95 105.00 40.08 0.9890 high
495.00 324.84 101.25 40.08 0.9882 high
502.50 326.95 97.50 37.97 0.9833 high
506.25 326.95 105.00 37.97 0.9938 high
513.75 326.95 105.00 37.97 0.9849 high
521.25 326.95 101.25 37.97 0.9876 high
528.75 329.06 101.25 37.97 0.9887 high
536.25 329.06 97.50 37.97 0.9911 high
540.00 329.06 101.25 40.08 0.9906 high
547.50 329.06 101.25 37.97 0.9943 high
551.25 329.06 105.00 42.19 0.9930 high
558.75 329.06 101.25 37.97 0.9911 high
562.50 329.06 105.00 40.08 0.9812 high
570.00 329.06 105.00 40.08 0.9905 high
577.50 326.95 105.00 42.19 0.9870 high
581.25 329.06 105.00 37.97 0.9899 high
588.75 329.06 105.00 40.08 0.9764 high
596.25 331.17 105.00 37.97 0.9835 high
603.75 329.06 105.00 42.19 0.9786 high
611.25 329.06 101.25 40.08 0.9916 high
615.00 329.06 105.00 40.08 0.9888 high
622.50 331.17 101.25 37.97 0.9927 high
630.00 331.17 105.00 37.97 0.9882 high
637.50 329.06 101.25 42.19 0.9876 high
641.25 331.17 105.00 37.97 0.9901 high
652.50 331.17 101.25 37.97 0.9865 high
656.25 331.17 108.75 37.97 0.9907 high
663.75 331.17 105.00 37.97 0.9863 high
671.25 331.17 101.25 37.97 0.9907 high
678.75 331.17 101.25 37.97 0.9850 high
682.50 331.17 105.00 40.08 0.9859 high
690.00 331.17 105.00 37.97 0.9852 high
697.50 331.17 105.00 37.97 0.9772 high
705.00 331.17 101.25 37.97 0.9842 high
712.50 331.17 101.25 35.86 0.9853 high
716.25 331.17 105.00 37.97 0.9883 high
723.75 331.17 105.00 37.97 0.9840 high
727.50 331.17 105.00 37.97 0.9882 high
738.75 331.17 101.25 35.86 0.9879 high
742.50 331.17 101.25 37.97 0.9892 high
746.25 331.17 105.00 37.97 0.9907 high
753.75 331.17 105.00 37.97 0.9876 high
761.25 331.17 101.25 37.97 0.9795 high
768.75 331.17 101.25 37.97 0.9876 high
772.50 329.06 101.25 40.08 0.9898 high
776.25 329.06 105.00 40.08 0.9898 high
783.75 326.95 105.00 42.19 0.9875 high
787.50 326.95 105.00 42.19 0.9878 high
795.00 326.95 101.25 42.19 0.9857 high
798.75 326.95 101.25 42.19 0.9844 high
802.50 326.95 101.25 42.19 0.9910 high
806.25 326.95 101.25 42.19 0.9864 high
810.00 326.95 105.00 42.19 0.9875 high
813.75 326.95 105.00 42.19 0.9905 high
817.50 326.95 101.25 44.30 0.9847 high
821.25 326.95 101.25 42.19 0.9903 high
821.25 326.95 105.00 42.19 0.9817 high
825.00 326.95 101.25 42.19 0.9882 high
828.75 329.06 101.25 40.08 0.9897 high
832.50 329.06 97.50 37.97 0.9853 high
832.50 329.06 101.25 40.08 0.9919 high
832.50 329.06 101.25 40.08 0.9918 high
836.25 329.06 101.25 37.97 0.9876 high
836.25 329.06 101.25 40.08 0.9880 high
836.25 329.06 105.00 37.97 0.9881 high
836.25 329.06 105.00 37.97 0.9827 high
836.25 329.06 105.00 37.97 0.9914 high
836.25 329.06 105.00 40.08 0.9880 high
840.00 329.06 105.00 40.08 0.9871 high
836.25 329.06 108.75 40.08 0.9881 high
840.00 329.06 105.00 37.97 0.9873 high
840.00 329.06 105.00 37.97 0.9860 high
840.00 329.06 105.00 37.97 0.9929 high
840.00 329.06 105.00 37.97 0.9885 high
840.00 329.06 105.00 40.08 0.9879 high
840.00 329.06 108.75 35.86 0.9835 high
843.75 326.95 105.00 37.97 0.9826 high
843.75 326.95 105.00 37.97 0.9881 high
847.50 326.95 101.25 37.97 0.9914 high
847.50 326.95 101.25 37.97 0.9897 high
843.75 326.95 105.00 37.97 0.9839 high
847.50 324.84 101.25 40.08 0.9910 high
847.50 324.84 101.25 37.97 0.9925 high
847.50 324.84 101.25 37.97 0.9878 high
847.50 324.84 101.25 37.97 0.9822 high
847.50 324.84 101.25 37.97 0.9833 high
847.50 324.84 101.25 37.97 0.9888 high
847.50 324.84 101.25 37.97 0.9901 high
847.50 322.73 101.25 40.08 0.9883 high
847.50 324.84 101.25 37.97 0.9929 high
847.50 324.84 101.25 37.97 0.9903 high
847.50 324.84 105.00 37.97 0.9923 high
847.50 324.84 105.00 35.86 0.9920 high
851.25 322.73 101.25 37.97 0.9901 high
851.25 322.73 101.25 37.97 0.9896 high
851.25 322.73 101.25 37.97 0.9875 high
855.00 322.73 101.25 37.97 0.9890 high
855.00 322.73 101.25 37.97 0.9894 high
855.00 320.62 101.25 40.08 0.9884 high
855.00 322.73 105.00 37.97 0.9898 high
855.00 320.62 101.25 40.08 0.9871 high
855.00 320.62 105.00 40.08 0.9873 high
858.75 320.62 105.00 40.08 0.9880 high
858.75 320.62 105.00 37.97 0.9878 high
862.50 320.62 101.25 40.08 0.9897 high
862.50 318.52 105.00 42.19 0.9834 high
862.50 320.62 105.00 40.08 0.9857 high
862.50 320.62 105.00 40.08 0.9861 high
866.25 318.52 105.00 40.08 0.9875 high
866.25 318.52 105.00 40.08 0.9858 high
870.00 320.62 105.00 37.97 0.9842 high
870.00 320.62 105.00 37.97 0.9904 high
873.75 320.62 105.00 37.97 0.9884 high
877.50 318.52 101.25 40.08 0.9912 high
877.50 318.52 101.25 40.08 0.9893 high
877.50 318.52 105.00 37.97 0.9928 high
877.50 318.52 105.00 37.97 0.9893 high
877.50 318.52 108.75 37.97 0.9909 high
881.25 318.52 105.00 37.97 0.9869 high
881.25 318.52 105.00 37.97 0.9869 high
881.25 316.41 105.00 40.08 0.9824 high
881.25 316.41 108.75 42.19 0.9838 high
885.00 318.52 105.00 37.97 0.9878 high
885.00 316.41 108.75 40.08 0.9883 high
888.75 316.41 105.00 40.08 0.9902 high
888.75 316.41 105.00 40.08 0.9893 high
892.50 316.41 105.00 40.08 0.9878 high
892.50 316.41 105.00 40.08 0.9887 high
892.50 316.41 105.00 40.08 0.9860 high
892.50 316.41 105.00 40.08 0.9855 high
892.50 318.52 105.00 37.97 0.9920 high
892.50 318.52 105.00 40.08 0.9897 high
892.50 318.52 108.75 40.08 0.9888 high
892.50 320.62 108.75 40.08 0.9880 high
892.50 322.73 108.75 37.97 0.9826 high
892.50 322.73 108.75 37.97 0.9836 high
896.25 322.73 105.00 40.08 0.9893 high
896.25 324.84 105.00 37.97 0.9852 high
896.25 324.84 105.00 37.97 0.9864 high
892.50 326.95 108.75 37.97 0.9855 high
896.25 329.06 105.00 37.97 0.9887 high
896.25 329.06 105.00 37.97 0.9894 high
896.25 331.17 105.00 37.97 0.9860 high
896.25 331.17 105.00 37.97 0.9872 high
896.25 333.28 105.00 37.97 0.9870 high
896.25 333.28 105.00 37.97 0.9889 high
896.25 333.28 105.00 40.08 0.9879 high
896.25 335.39 105.00 40.08 0.9832 high
892.50 337.50 105.00 37.97 0.9887 high
896.25 339.61 101.25 37.97 0.9907 high
892.50 339.61 105.00 37.97 0.9922 high
896.25 341.72 101.25 37.97 0.9914 high
896.25 341.72 101.25 40.08 0.9902 high
892.50 343.83 108.75 40.08 0.9870 high
892.50 345.94 105.00 40.08 0.9903 high
892.50 348.05 105.00 37.97 0.9879 high
892.50 350.16 105.00 37.97 0.9864 high
892.50 350.16 105.00 42.19 0.9835 high
892.50 352.27 105.00 40.08 0.9882 high
892.50 354.38 105.00 40.08 0.9876 high
888.75 356.48 108.75 37.97 0.9852 high
892.50 358.59 101.25 37.97 0.9894 high
892.50 360.70 101.25 37.97 0.9924 high
892.50 360.70 101.25 40.08 0.9925 high
892.50 364.92 105.00 37.97 0.9854 high
892.50 364.92 101.25 40.08 0.9887 high
892.50 367.03 101.25 37.97 0.9901 high
892.50 367.03 101.25 40.08 0.9910 high
888.75 369.14 105.00 42.19 0.9866 high
888.75 371.25 105.00 40.08 0.9916 high
888.75 371.25 105.00 40.08 0.9836 high
888.75 373.36 105.00 40.08 0.9881 high
888.75 375.47 105.00 37.97 0.9854 high
888.75 375.47 105.00 37.97 0.9840 high
888.75 375.47 105.00 37.97 0.9837 high
885.00 375.47 108.75 40.08 0.9875 high
885.00 375.47 108.75 40.08 0.9873 high
888.75 377.58 101.25 37.97 0.9925 high
885.00 377.58 105.00 37.97 0.9883 high
885.00 377.58 105.00 37.97 0.9842 high
885.00 377.58 105.00 40.08 0.9907 high
885.00 377.58 105.00 40.08 0.9889 high
885.00 379.69 105.00 37.97 0.9865 high
888.75 379.69 101.25 37.97 0.9879 high
885.00 379.69 105.00 37.97 0.9880 high
885.00 381.80 108.75 37.97 0.9870 high
888.75 381.80 101.25 37.97 0.9875 high
885.00 383.91 105.00 35.86 0.9888 high
885.00 383.91 105.00 37.97 0.9914 high
885.00 383.91 105.00 37.97 0.9839 high
885.00 386.02 105.00 40.08 0.9896 high
885.00 388.12 105.00 37.97 0.9902 high
885.00 390.23 105.00 37.97 0.9865 high
885.00 392.34 105.00 37.97 0.9898 high
885.00 392.34 105.00 37.97 0.9879 high
885.00 392.34 105.00 37.97 0.9864 high
885.00 394.45 105.00 35.86 0.9909 high
888.75 394.45 101.25 37.97 0.9892 high
888.75 394.45 101.25 37.97 0.9878 high
888.75 396.56 105.00 37.97 0.9888 high
888.75 396.56 105.00 37.97 0.9910 high
888.75 396.56 105.00 37.97 0.9850 high
888.75 398.67 101.25 35.86 0.9891 high
892.50 398.67 101.25 35.86 0.9828 high
892.50 398.67 101.25 35.86 0.9868 high
892.50 398.67 101.25 37.97 0.9898 high
892.50 398.67 101.25 37.97 0.9906 high
892.50 398.67 101.25 37.97 0.9867 high
892.50 398.67 101.25 37.97 0.9881 high
892.50 398.67 101.25 37.97 0.9895 high
892.50 398.67 101.25 37.97 0.9922 high
892.50 398.67 105.00 37.97 0.9868 high
892.50 400.78 105.00 35.86 0.9907 high
892.50 400.78 105.00 35.86 0.9883 high
892.50 400.78 105.00 35.86 0.9866 high
892.50 400.78 105.00 37.97 0.9890 high
892.50 400.78 105.00 35.86 0.9889 high
892.50 400.78 105.00 35.86 0.9904 high
896.25 398.67 101.25 37.97 0.9914 high
896.25 398.67 101.25 37.97 0.9919 high
896.25 400.78 105.00 37.97 0.9860 high
896.25 398.67 105.00 40.08 0.9890 high
896.25 398.67 105.00 37.97 0.9875 high
900.00 398.67 101.25 37.97 0.9896 high
900.00 400.78 105.00 35.86 0.9926 high
900.00 400.78 105.00 37.97 0.9916 high
903.75 400.78 101.25 37.97 0.9895 high
903.75 400.78 101.25 37.97 0.9909 high
903.75 400.78 105.00 40.08 0.9872 high
907.50 400.78 101.25 37.97 0.9907 high
907.50 400.78 101.25 37.97 0.9938 high
907.50 400.78 105.00 37.97 0.9919 high
907.50 400.78 105.00 40.08 0.9932 high
911.25 400.78 101.25 37.97 0.9937 high
911.25 400.78 101.25 37.97 0.9877 high
911.25 400.78 105.00 37.97 0.9880 high
915.00 398.67 101.25 40.08 0.9870 high
915.00 400.78 105.00 37.97 0.9910 high
918.75 400.78 101.25 40.08 0.9889 high
922.50 400.78 101.25 40.08 0.9896 high
922.50 400.78 101.25 37.97 0.9897 high
922.50 400.78 105.00 40.08 0.9868 high
926.25 400.78 101.25 37.97 0.9875 high
926.25 400.78 105.00 37.97 0.9834 high
926.25 400.78 108.75 37.97 0.9869 high
930.00 400.78 105.00 37.97 0.9880 high
933.75 400.78 101.25 37.97 0.9859 high
937.50 402.89 101.25 35.86 0.9835 high
937.50 400.78 101.25 37.97 0.9929 high
941.25 400.78 101.25 37.97 0.9870 high
941.25 400.78 101.25 37.97 0.9889 high
941.25 400.78 105.00 37.97 0.9865 high
945.00 400.78 101.25 37.97 0.9913 high
948.75 400.78 101.25 37.97 0.9867 high
952.50 400.78 101.25 37.97 0.9922 high
952.50 398.67 101.25 40.08 0.9894 high
956.25 400.78 101.25 37.97 0.9896 high
956.25 400.78 101.25 37.97 0.9884 high
960.00 400.78 101.25 37.97 0.9919 high
963.75 400.78 101.25 37.97 0.9896 high
963.75 400.78 105.00 37.97 0.9917 high
967.50 400.78 101.25 37.97 0.9897 high
971.25 400.78 101.25 37.97 0.9888 high
971.25 400.78 105.00 37.97 0.9887 high
975.00 400.78 105.00 37.97 0.9887 high
978.75 400.78 105.00 37.97 0.9871 high
982.50 398.67 101.25 40.08 0.9855 high
986.25 400.78 101.25 37.97 0.9864 high
986.25 398.67 105.00 40.08 0.9871 high
990.00 400.78 105.00 37.97 0.9846 high
997.50 400.78 101.25 35.86 0.9879 high
997.50 398.67 101.25 37.97 0.9915 high
1001.25 400.78 101.25 35.86 0.9918 high
1001.25 398.67 101.25 37.97 0.9949 high
1005.00 398.67 105.00 37.97 0.9900 high
1012.50 398.67 97.50 37.97 0.9942 high
1012.50 398.67 101.25 37.97 0.9932 high
1016.25 398.67 101.25 37.97 0.9882 high
1020.00 398.67 101.25 37.97 0.9880 high
1020.00 398.67 105.00 37.97 0.9913 high
1023.75 398.67 105.00 37.97 0.9907 high
1027.50 398.67 101.25 37.97 0.9954 high
1031.25 398.67 101.25 37.97 0.9875 high
1035.00 398.67 101.25 37.97 0.9889 high
1038.75 398.67 101.25 37.97 0.9955 high
1042.50 398.67 101.25 37.97 0.9905 high
1042.50 398.67 105.00 37.97 0.9873 high
1046.25 398.67 105.00 37.97 0.9901 high
1050.00 398.67 105.00 37.97 0.9873 high
1053.75 398.67 101.25 37.97 0.9921 high
1057.50 398.67 101.25 37.97 0.9926 high
1057.50 398.67 105.00 37.97 0.9894 high
1061.25 398.67 101.25 37.97 0.9887 high
1065.00 398.67 105.00 37.97 0.9870 high
1072.50 398.67 97.50 37.97 0.9957 high
1072.50 398.67 101.25 37.97 0.9922 high
1076.25 398.67 101.25 37.97 0.9911 high
1080.00 398.67 101.25 37.97 0.9898 high
1080.00 398.67 105.00 37.97 0.9902 high
1087.50 398.67 101.25 37.97 0.9894 high
1087.50 400.78 105.00 35.86 0.9930 high
1091.25 400.78 101.25 35.86 0.9918 high
1095.00 400.78 101.25 35.86 0.9861 high
1098.75 398.67 105.00 40.08 0.9842 high
1102.50 400.78 105.00 37.97 0.9913 high
1106.25 400.78 105.00 37.97 0.9821 high
1106.25 400.78 105.00 37.97 0.9892 high
1110.00 400.78 105.00 37.97 0.9850 high
1113.75 400.78 105.00 37.97 0.9866 high
1117.50 400.78 105.00 37.97 0.9827 high
1121.25 400.78 101.25 37.97 0.9867 high
1125.00 400.78 101.25 37.97 0.9907 high
1128.75 400.78 105.00 37.97 0.9887 high
1132.50 400.78 101.25 37.97 0.9924 high
1132.50 400.78 105.00 37.97 0.9881 high
1136.25 400.78 105.00 37.97 0.9833 high
1140.00 400.78 105.00 37.97 0.9889 high
1143.75 400.78 105.00 37.97 0.9900 high
1147.50 400.78 101.25 37.97 0.9919 high
1151.25 400.78 101.25 37.97 0.9921 high
1155.00 400.78 101.25 37.97 0.9909 high
1155.00 400.78 105.00 37.97 0.9912 high
1158.75 400.78 105.00 37.97 0.9894 high
1162.50 400.78 105.00 37.97 0.9891 high
1166.25 400.78 105.00 37.97 0.9922 high
1170.00 400.78 105.00 37.97 0.9898 high
1173.75 400.78 105.00 37.97 0.9822 high
1177.50 400.78 101.25 37.97 0.9895 high
1181.25 398.67 101.25 40.08 0.9914 high
1181.25 398.67 105.00 37.97 0.9874 high
1185.00 400.78 105.00 37.97 0.9901 high
1188.75 398.67 105.00 40.08 0.9871 high
1192.50 400.78 105.00 37.97 0.9876 high
1192.50 400.78 105.00 37.97 0.9875 high
1200.00 400.78 101.25 35.86 0.9868 high
1200.00 400.78 105.00 37.97 0.9894 high
1203.75 400.78 105.00 37.97 0.9874 high
1207.50 398.67 105.00 37.97 0.9896 high
1211.25 398.67 105.00 37.97 0.9918 high
1211.25 398.67 105.00 37.97 0.9904 high
1215.00 398.67 105.00 37.97 0.9926 high
1215.00 398.67 108.75 37.97 0.9830 high
1218.75 398.67 108.75 37.97 0.9924 high
1222.50 398.67 108.75 37.97 0.9916 high
1222.50 398.67 108.75 37.97 0.9909 high
1226.25 398.67 108.75 37.97 0.9901 high
1230.00 398.67 105.00 37.97 0.9918 high
1233.75 398.67 105.00 37.97 0.9942 high
1233.75 398.67 105.00 37.97 0.9873 high
1237.50 398.67 101.25 37.97 0.9931 high
1237.50 398.67 105.00 37.97 0.9931 high
1241.25 398.67 101.25 37.97 0.9928 high
1241.25 398.67 101.25 37.97 0.9867 high
1241.25 396.56 105.00 37.97 0.9875 high
1241.25 396.56 105.00 37.97 0.9928 high
1245.00 396.56 101.25 37.97 0.9926 high
1245.00 394.45 101.25 40.08 0.9876 high
1245.00 394.45 105.00 37.97 0.9904 high
1245.00 392.34 105.00 40.08 0.9884 high
1245.00 392.34 108.75 37.97 0.9828 high
1248.75 392.34 105.00 37.97 0.9938 high
1248.75 390.23 105.00 40.08 0.9859 high
1248.75 390.23 105.00 37.97 0.9908 high
1248.75 390.23 108.75 37.97 0.9911 high
1248.75 390.23 108.75 40.08 0.9920 high
1248.75 388.12 108.75 42.19 0.9837 high
1248.75 388.12 108.75 40.08 0.9872 high
1248.75 388.12 108.75 40.08 0.9886 high
1248.75 388.12 108.75 40.08 0.9888 high
1252.50 388.12 105.00 37.97 0.9894 high
1252.50 388.12 105.00 37.97 0.9886 high
1252.50 388.12 105.00 37.97 0.9946 high
1252.50 388.12 105.00 37.97 0.9925 high
1252.50 388.12 105.00 37.97 0.9890 high
1252.50 388.12 105.00 37.97 0.9909 high
1252.50 386.02 105.00 40.08 0.9833 high
1252.50 386.02 105.00 40.08 0.9825 high
1252.50 386.02 105.00 40.08 0.9870 high
1252.50 386.02 105.00 40.08 0.9821 high
1252.50 388.12 105.00 37.97 0.9908 high
1248.75 388.12 108.75 37.97 0.9899 high
1252.50 386.02 105.00 40.08 0.9912 high
1252.50 386.02 105.00 40.08 0.9896 high
1252.50 386.02 105.00 40.08 0.9874 high
1252.50 386.02 105.00 40.08 0.9882 high
1252.50 386.02 105.00 40.08 0.9844 high
1252.50 386.02 105.00 40.08 0.9895 high
1252.50 386.02 105.00 40.08 0.9865 high
1252.50 386.02 105.00 40.08 0.9854 high
1252.50 386.02 105.00 37.97 0.9903 high
1252.50 386.02 108.75 40.08 0.9801 high
1252.50 386.02 108.75 40.08 0.9831 high
1252.50 386.02 108.75 40.08 0.9878 high
1256.25 386.02 105.00 40.08 0.9840 high
1256.25 386.02 105.00 40.08 0.9873 high
1256.25 386.02 105.00 40.08 0.9856 high
1256.25 386.02 105.00 40.08 0.9926 high
1260.00 386.02 105.00 40.08 0.9879 high
1260.00 386.02 105.00 40.08 0.9865 high
1260.00 386.02 105.00 40.08 0.9871 high
1263.75 386.02 101.25 40.08 0.9945 high
1263.75 386.02 105.00 40.08 0.9908 high
1263.75 386.02 105.00 40.08 0.9925 high
1267.50 386.02 101.25 40.08 0.9914 high
1267.50 388.12 101.25 37.97 0.9930 high
1267.50 386.02 105.00 40.08 0.9880 high
1271.25 386.02 101.25 40.08 0.9896 high
1271.25 386.02 101.25 40.08 0.9872 high
1275.00 386.02 101.25 42.19 0.9941 high
1278.75 386.02 97.50 44.30 0.9920 high
1278.75 386.02 101.25 44.30 0.9870 high
1278.75 386.02 101.25 44.30 0.9916 high
1282.50 388.12 105.00 42.19 0.9925 high
1286.25 388.12 101.25 42.19 0.9897 high
1290.00 388.12 101.25 42.19 0.9874 high
1293.75 388.12 101.25 42.19 0.9850 high
1297.50 390.23 101.25 40.08 0.9910 high
1301.25 388.12 101.25 42.19 0.9887 high
1301.25 390.23 108.75 40.08 0.9859 high
1308.75 390.23 105.00 40.08 0.9873 high
1312.50 392.34 105.00 37.97 0.9896 high
1316.25 392.34 105.00 37.97 0.9913 high
1316.25 392.34 108.75 40.08 0.9913 high
1320.00 392.34 108.75 40.08 0.9899 high
1327.50 394.45 105.00 37.97 0.9930 high
1331.25 394.45 105.00 37.97 0.9898 high
1335.00 392.34 105.00 40.08 0.9927 high
1338.75 394.45 105.00 40.08 0.9918 high
1342.50 394.45 105.00 40.08 0.9844 high
1346.25 394.45 105.00 40.08 0.9902 high
1350.00 392.34 108.75 42.19 0.9879 high
1357.50 394.45 101.25 40.08 0.9878 high
1357.50 394.45 105.00 40.08 0.9906 high
1361.25 394.45 101.25 40.08 0.9901 high
1365.00 392.34 101.25 42.19 0.9903 high
1365.00 392.34 105.00 42.19 0.9899 high
1368.75 394.45 105.00 42.19 0.9932 high
1372.50 394.45 101.25 40.08 0.9942 high
1372.50 394.45 105.00 40.08 0.9901 high
1376.25 394.45 101.25 40.08 0.9911 high
1376.25 394.45 105.00 40.08 0.9890 high
1376.25 394.45 105.00 37.97 0.9933 high
1380.00 394.45 105.00 37.97 0.9879 high
1380.00 394.45 105.00 37.97 0.9926 high
1380.00 394.45 108.75 37.97 0.9901 high
1383.75 394.45 105.00 37.97 0.9910 high
1383.75 392.34 105.00 40.08 0.9917 high
1383.75 394.45 105.00 35.86 0.9908 high
1387.50 392.34 105.00 40.08 0.9907 high
1387.50 392.34 105.00 40.08 0.9905 high
1391.25 392.34 101.25 37.97 0.9905 high
1391.25 392.34 101.25 37.97 0.9899 high
1391.25 390.23 105.00 40.08 0.9925 high
1391.25 390.23 105.00 40.08 0.9924 high
1395.00 390.23 101.25 40.08 0.9940 high
1395.00 390.23 105.00 40.08 0.9918 high
1395.00 390.23 105.00 40.08 0.9919 high
1395.00 390.23 105.00 37.97 0.9909 high
1398.75 388.12 105.00 40.08 0.9870 high
1398.75 388.12 105.00 40.08 0.9900 high
1398.75 388.12 105.00 42.19 0.9912 high
1398.75 388.12 108.75 40.08 0.9901 high
1402.50 388.12 105.00 37.97 0.9887 high
1402.50 386.02 105.00 40.08 0.9878 high
1402.50 386.02 105.00 40.08 0.9889 high
1402.50 386.02 105.00 40.08 0.9841 high
1402.50 386.02 108.75 37.97 0.9885 high
1406.25 386.02 105.00 37.97 0.9895 high
1406.25 386.02 105.00 37.97 0.9869 high
1406.25 386.02 108.75 35.86 0.9901 high
1406.25 383.91 108.75 37.97 0.9884 high
1406.25 383.91 108.75 37.97 0.9888 high
1406.25 383.91 108.75 37.97 0.9895 high
1410.00 381.80 105.00 37.97 0.9910 high
1410.00 381.80 105.00 37.97 0.9859 high
1410.00 381.80 108.75 37.97 0.9912 high
1410.00 381.80 105.00 37.97 0.9899 high
1410.00 379.69 108.75 37.97 0.9881 high
1410.00 379.69 108.75 37.97 0.9851 high
1410.00 377.58 108.75 40.08 0.9873 high
1410.00 377.58 108.75 40.08 0.9892 high
1410.00 377.58 108.75 37.97 0.9905 high
1410.00 375.47 108.75 40.08 0.9871 high
1410.00 375.47 108.75 37.97 0.9891 high
1413.75 375.47 105.00 37.97 0.9872 high
1413.75 373.36 105.00 40.08 0.9912 high
1413.75 373.36 108.75 40.08 0.9949 high
1413.75 373.36 108.75 37.97 0.9843 high
1413.75 371.25 105.00 40.08 0.9942 high
1413.75 371.25 108.75 40.08 0.9897 high
1413.75 369.14 108.75 40.08 0.9901 high
1413.75 369.14 108.75 40.08 0.9902 high
1413.75 369.14 108.75 37.97 0.9897 high
1410.00 367.03 112.50 40.08 0.9872 high
1410.00 367.03 112.50 37.97 0.9848 high
1413.75 364.92 108.75 40.08 0.9917 high
1413.75 364.92 108.75 40.08 0.9914 high
1413.75 364.92 108.75 37.97 0.9888 high
1410.00 362.81 112.50 40.08 0.9896 high
1413.75 360.70 108.75 40.08 0.9902 high
1413.75 360.70 108.75 40.08 0.9900 high
1410.00 358.59 112.50 40.08 0.9854 high
1410.00 358.59 112.50 40.08 0.9916 high
1410.00 356.48 112.50 40.08 0.9913 high
1410.00 356.48 112.50 40.08 0.9881 high
1410.00 354.38 112.50 42.19 0.9911 high
1410.00 354.38 112.50 40.08 0.9907 high
1410.00 352.27 112.50 42.19 0.9888 high
1410.00 352.27 112.50 40.08 0.9870 high
1410.00 350.16 112.50 40.08 0.9931 high
1410.00 350.16 112.50 40.08 0.9935 high
1410.00 348.05 112.50 42.19 0.9886 high
1410.00 345.94 112.50 44.30 0.9843 high
1410.00 343.83 108.75 44.30 0.9876 high
1410.00 343.83 108.75 44.30 0.9939 high
1410.00 341.72 108.75 44.30 0.9852 high
1406.25 341.72 116.25 44.30 0.9874 high
1410.00 339.61 112.50 44.30 0.9900 high
1410.00 339.61 108.75 44.30 0.9879 high
1406.25 337.50 112.50 42.19 0.9933 high
1406.25 335.39 112.50 44.30 0.9873 high
1406.25 333.28 112.50 44.30 0.9915 high
1406.25 333.28 112.50 44.30 0.9927 high
1406.25 331.17 112.50 44.30 0.9923 high
1402.50 329.06 116.25 46.41 0.9890 high
1402.50 329.06 116.25 46.41 0.9894 high
1402.50 326.95 116.25 44.30 0.9875 high
1402.50 324.84 116.25 44.30 0.9880 high
1402.50 322.73 116.25 44.30 0.9932 high
1402.50 322.73 116.25 44.30 0.9886 high
1398.75 320.62 120.00 46.41 0.9911 high
1398.75 318.52 120.00 46.41 0.9869 high
1402.50 316.41 116.25 48.52 0.9859 high
1398.75 316.41 120.00 48.52 0.9908 high
1398.75 316.41 120.00 46.41 0.9891 high
1398.75 314.30 120.00 46.41 0.9902 high
1398.75 314.30 116.25 44.30 0.9898 high
1398.75 312.19 116.25 42.19 0.9864 high
1398.75 310.08 116.25 46.41 0.9880 high
1398.75 310.08 116.25 44.30 0.9908 high
1395.00 307.97 120.00 46.41 0.9906 high
1395.00 307.97 120.00 46.41 0.9874 high
1395.00 305.86 120.00 48.52 0.9854 high
1395.00 303.75 120.00 46.41 0.9953 high
1395.00 301.64 120.00 50.62 0.9893 high
1395.00 299.53 120.00 50.62 0.9905 high
1391.25 299.53 123.75 46.41 0.9916 high
1391.25 297.42 123.75 48.52 0.9869 high
1391.25 297.42 123.75 48.52 0.9898 high
1391.25 295.31 123.75 48.52 0.9894 high
1387.50 293.20 123.75 50.62 0.9916 high
1387.50 293.20 127.50 50.62 0.9892 high
1387.50 291.09 123.75 50.62 0.9868 high
1387.50 291.09 123.75 50.62 0.9944 high
1387.50 288.98 123.75 52.73 0.9888 high
1387.50 288.98 123.75 48.52 0.9906 high
1387.50 286.88 123.75 50.62 0.9849 high
1387.50 284.77 123.75 52.73 0.9847 high
1387.50 282.66 123.75 54.84 0.9893 high
1383.75 280.55 127.50 52.73 0.9884 high
1383.75 280.55 127.50 52.73 0.9883 high
1383.75 278.44 127.50 50.62 0.9825 high
1383.75 278.44 127.50 48.52 0.9833 high
1383.75 276.33 127.50 52.73 0.9892 high
1383.75 276.33 123.75 52.73 0.9882 high
1380.00 276.33 127.50 52.73 0.9888 high
1383.75 276.33 123.75 52.73 0.9899 high
1380.00 274.22 127.50 52.73 0.9864 high
1380.00 274.22 127.50 52.73 0.9859 high
1380.00 274.22 127.50 52.73 0.9845 high
1383.75 274.22 123.75 52.73 0.9836 high
1380.00 274.22 127.50 52.73 0.9849 high
1380.00 276.33 127.50 50.62 0.9851 high
1380.00 276.33 127.50 52.73 0.9861 high
1380.00 276.33 127.50 52.73 0.9865 high
1380.00 276.33 123.75 52.73 0.9843 high
1380.00 276.33 127.50 52.73 0.9800 high
1380.00 278.44 127.50 50.62 0.9848 high
1380.00 278.44 127.50 50.62 0.9845 high
1380.00 280.55 127.50 50.62 0.9925 high
1380.00 280.55 127.50 54.84 0.9903 high
1380.00 280.55 127.50 54.84 0.9886 high
1380.00 282.66 127.50 52.73 0.9891 high
1380.00 282.66 127.50 54.84 0.9880 high
1380.00 282.66 127.50 54.84 0.9861 high
1380.00 284.77 127.50 52.73 0.9862 high
1383.75 284.77 123.75 52.73 0.9873 high
1383.75 284.77 123.75 52.73 0.9886 high
1383.75 284.77 123.75 54.84 0.9864 high
1383.75 286.88 123.75 52.73 0.9853 high
1383.75 286.88 123.75 52.73 0.9868 high
1383.75 288.98 123.75 50.62 0.9911 high
1383.75 288.98 123.75 50.62 0.9915 high
1383.75 288.98 127.50 50.62 0.9828 high
1383.75 291.09 127.50 48.52 0.9913 high
1383.75 291.09 127.50 50.62 0.9897 high
1383.75 291.09 127.50 50.62 0.9881 high
1383.75 291.09 123.75 50.62 0.9895 high
1383.75 291.09 127.50 50.62 0.9891 high
1383.75 293.20 127.50 48.52 0.9920 high
1383.75 293.20 127.50 50.62 0.9929 high
1383.75 293.20 127.50 50.62 0.9890 high
1383.75 295.31 127.50 50.62 0.9900 high
1383.75 295.31 127.50 48.52 0.9884 high
1383.75 295.31 131.25 50.62 0.9896 high
1383.75 297.42 131.25 50.62 0.9848 high
1383.75 297.42 131.25 50.62 0.9897 high
1383.75 297.42 131.25 52.73 0.9880 high
1383.75 297.42 131.25 52.73 0.9899 high
1383.75 299.53 131.25 50.62 0.9875 high
1383.75 299.53 131.25 52.73 0.9890 high
1383.75 301.64 131.25 50.62 0.9917 high
1383.75 301.64 131.25 50.62 0.9863 high
1383.75 303.75 131.25 50.62 0.9904 high
1383.75 305.86 131.25 50.62 0.9901 high
1383.75 307.97 131.25 48.52 0.9909 high
1383.75 307.97 131.25 50.62 0.9914 high
1383.75 310.08 131.25 46.41 0.9880 high
1383.75 310.08 131.25 48.52 0.9901 high
1387.50 312.19 127.50 46.41 0.9900 high
1383.75 314.30 131.25 46.41 0.9923 high
1383.75 316.41 131.25 46.41 0.9912 high
1383.75 316.41 131.25 48.52 0.9896 high
1383.75 318.52 131.25 48.52 0.9915 high
1383.75 320.62 131.25 46.41 0.9903 high
1387.50 322.73 127.50 46.41 0.9880 high
1387.50 324.84 127.50 46.41 0.9885 high
1387.50 324.84 127.50 46.41 0.9899 high
1387.50 326.95 127.50 48.52 0.9899 high
1387.50 329.06 127.50 46.41 0.9936 high
1387.50 331.17 127.50 52.73 0.9867 high
1387.50 333.28 127.50 52.73 0.9914 high
1387.50 335.39 127.50 52.73 0.9827 high
1387.50 337.50 127.50 50.62 0.9898 high
1387.50 339.61 127.50 50.62 0.9852 high
1387.50 341.72 127.50 50.62 0.9880 high
1387.50 343.83 127.50 50.62 0.9877 high
1387.50 345.94 127.50 50.62 0.9877 high
1387.50 348.05 127.50 50.62 0.9922 high
1387.50 348.05 127.50 52.73 0.9935 high
1383.75 350.16 131.25 50.62 0.9915 high
1383.75 352.27 131.25 48.52 0.9899 high
1383.75 354.38 131.25 46.41 0.9818 high
1383.75 356.48 127.50 46.41 0.9909 high
1383.75 358.59 131.25 46.41 0.9898 high
1380.00 360.70 135.00 46.41 0.9863 high
1380.00 362.81 135.00 46.41 0.9859 high
1380.00 364.92 131.25 46.41 0.9914 high
1380.00 364.92 131.25 48.52 0.9872 high
1380.00 367.03 131.25 46.41 0.9845 high
1380.00 369.14 131.25 48.52 0.9898 high
1376.25 371.25 135.00 46.41 0.9884 high
1380.00 373.36 131.25 46.41 0.9875 high
1380.00 373.36 127.50 46.41 0.9928 high
1380.00 375.47 127.50 46.41 0.9936 high
1380.00 375.47 127.50 48.52 0.9874 high
1380.00 377.58 127.50 48.52 0.9914 high
1376.25 377.58 131.25 48.52 0.9822 high
1376.25 379.69 131.25 46.41 0.9936 high
1376.25 381.80 131.25 46.41 0.9904 high
1376.25 381.80 131.25 48.52 0.9889 high
1376.25 383.91 131.25 46.41 0.9894 high
1376.25 383.91 131.25 46.41 0.9892 high
1376.25 386.02 131.25 46.41 0.9876 high
1376.25 386.02 131.25 46.41 0.9884 high
1376.25 386.02 131.25 48.52 0.9926 high
1376.25 388.12 131.25 46.41 0.9910 high
1376.25 388.12 131.25 46.41 0.9903 high
1376.25 388.12 131.25 46.41 0.9907 high
1376.25 388.12 131.25 48.52 0.9881 high
1376.25 388.12 127.50 48.52 0.9871 high
1376.25 390.23 127.50 50.62 0.9868 high
1376.25 390.23 127.50 50.62 0.9894 high
1376.25 390.23 127.50 50.62 0.9866 high
1376.25 390.23 127.50 52.73 0.9894 high
1376.25 390.23 127.50 52.73 0.9907 high
1376.25 390.23 127.50 52.73 0.9883 high
1372.50 390.23 131.25 48.52 0.9856 high
1372.50 390.23 131.25 52.73 0.9812 high
1372.50 392.34 131.25 46.41 0.9849 high
1372.50 392.34 131.25 46.41 0.9869 high
1372.50 392.34 131.25 46.41 0.9861 high
1372.50 392.34 127.50 46.41 0.9865 high
1372.50 392.34 127.50 46.41 0.9901 high
1372.50 392.34 127.50 46.41 0.9924 high
1372.50 392.34 127.50 46.41 0.9916 high
1372.50 392.34 127.50 46.41 0.9899 high
1372.50 392.34 127.50 46.41 0.9900 high
1372.50 392.34 127.50 46.41 0.9868 high
1372.50 392.34 127.50 46.41 0.9848 high
1372.50 392.34 127.50 46.41 0.9856 high
1372.50 392.34 127.50 46.41 0.9869 high
1372.50 392.34 127.50 46.41 0.9852 high
1372.50 392.34 127.50 46.41 0.9850 high
1372.50 392.34 127.50 46.41 0.9860 high
1372.50 392.34 127.50 46.41 0.9900 high
1372.50 392.34 127.50 46.41 0.9893 high
1372.50 390.23 127.50 48.52 0.9892 high
1372.50 390.23 127.50 48.52 0.9854 high
1372.50 390.23 127.50 48.52 0.9923 high
1372.50 390.23 127.50 48.52 0.9882 high
1372.50 390.23 127.50 46.41 0.9832 high
1372.50 390.23 127.50 48.52 0.9877 high
1372.50 390.23 127.50 46.41 0.9925 high
1372.50 388.12 127.50 46.41 0.9920 high
1372.50 388.12 127.50 46.41 0.9897 high
1372.50 388.12 127.50 46.41 0.9879 high
1372.50 388.12 127.50 46.41 0.9876 high
1372.50 388.12 127.50 46.41 0.9888 high
1372.50 386.02 127.50 48.52 0.9894 high
1372.50 386.02 127.50 48.52 0.9907 high
1372.50 386.02 131.25 48.52 0.9897 high
1372.50 386.02 131.25 46.41 0.9889 high
1372.50 386.02 127.50 46.41 0.9925 high
1372.50 386.02 131.25 46.41 0.9910 high
1372.50 386.02 127.50 46.41 0.9889 high
1372.50 386.02 127.50 46.41 0.9914 high
1372.50 386.02 127.50 46.41 0.9911 high
1372.50 386.02 127.50 46.41 0.9898 high
1372.50 386.02 127.50 46.41 0.9870 high
1372.50 386.02 127.50 46.41 0.9878 high
1372.50 386.02 127.50 46.41 0.9901 high
1372.50 386.02 127.50 46.41 0.9886 high
1372.50 386.02 127.50 46.41 0.9870 high
1372.50 386.02 127.50 50.62 0.9856 high
1372.50 386.02 127.50 50.62 0.9849 high
1372.50 386.02 127.50 46.41 0.9863 high
1372.50 386.02 127.50 46.41 0.9883 high
1372.50 386.02 127.50 48.52 0.9839 high
1372.50 386.02 127.50 46.41 0.9877 high
1368.75 386.02 131.25 50.62 0.9875 high
1368.75 386.02 131.25 50.62 0.9928 high
1368.75 386.02 131.25 50.62 0.9873 high
1372.50 386.02 127.50 52.73 0.9907 high
1372.50 386.02 127.50 52.73 0.9933 high
1372.50 386.02 127.50 50.62 0.9948 high
1372.50 386.02 127.50 52.73 0.9910 high
1368.75 386.02 131.25 52.73 0.9884 high
1368.75 388.12 131.25 50.62 0.9849 high
1368.75 388.12 131.25 50.62 0.9898 high
1368.75 388.12 131.25 50.62 0.9884 high
1368.75 390.23 131.25 48.52 0.9870 high
1368.75 390.23 131.25 44.30 0.9906 high
1368.75 390.23 131.25 44.30 0.9868 high
1368.75 390.23 131.25 44.30 0.9821 high
1368.75 390.23 131.25 44.30 0.9879 high
1368.75 390.23 127.50 46.41 0.9891 high
1368.75 390.23 127.50 44.30 0.9874 high
1368.75 390.23 127.50 48.52 0.9849 high
1368.75 390.23 127.50 48.52 0.9835 high
1368.75 390.23 127.50 48.52 0.9848 high
1368.75 390.23 123.75 48.52 0.9917 high
1368.75 390.23 123.75 48.52 0.9865 high
1365.00 390.23 127.50 46.41 0.9850 high
1365.00 390.23 127.50 46.41 0.9879 high
1365.00 390.23 127.50 48.52 0.9869 high
1365.00 390.23 127.50 48.52 0.9872 high
1365.00 390.23 127.50 44.30 0.9897 high
1365.00 390.23 127.50 44.30 0.9851 high
1361.25 390.23 131.25 44.30 0.9874 high
1361.25 390.23 131.25 44.30 0.9887 high
1361.25 390.23 131.25 44.30 0.9845 high
1361.25 390.23 131.25 44.30 0.9841 high
1361.25 388.12 131.25 46.41 0.9858 high
1361.25 388.12 131.25 44.30 0.9890 high
1361.25 388.12 127.50 44.30 0.9898 high
1361.25 386.02 131.25 46.41 0.9907 high
1361.25 386.02 127.50 44.30 0.9879 high
1361.25 386.02 127.50 44.30 0.9896 high
1357.50 383.91 131.25 46.41 0.9879 high
1361.25 383.91 127.50 44.30 0.9888 high
1357.50 381.80 131.25 46.41 0.9923 high
1357.50 381.80 131.25 44.30 0.9872 high
1357.50 379.69 131.25 46.41 0.9867 high
1357.50 379.69 131.25 44.30 0.9823 high
1357.50 377.58 131.25 44.30 0.9846 high
1357.50 375.47 127.50 46.41 0.9910 high
1353.75 375.47 131.25 44.30 0.9893 high
1353.75 373.36 135.00 44.30 0.9902 high
1353.75 371.25 131.25 46.41 0.9893 high
1353.75 369.14 131.25 46.41 0.9910 high
1353.75 367.03 131.25 46.41 0.9897 high
1350.00 367.03 135.00 46.41 0.9831 high
1353.75 364.92 131.25 46.41 0.9871 high
1350.00 362.81 131.25 46.41 0.9944 high
1346.25 362.81 135.00 46.41 0.9887 high
1350.00 360.70 135.00 44.30 0.9908 high
1346.25 358.59 135.00 46.41 0.9841 high
1346.25 356.48 138.75 46.41 0.9838 high
1346.25 354.38 138.75 46.41 0.9924 high
1346.25 352.27 138.75 48.52 0.9893 high
1346.25 350.16 135.00 46.41 0.9897 high
1342.50 350.16 138.75 46.41 0.9880 high
1342.50 345.94 135.00 48.52 0.9909 high
1342.50 343.83 135.00 48.52 0.9908 high
1342.50 341.72 135.00 48.52 0.9897 high
1342.50 341.72 135.00 46.41 0.9919 high
1338.75 339.61 138.75 46.41 0.9862 high
1338.75 335.39 135.00 50.62 0.9888 high
1338.75 335.39 135.00 48.52 0.9897 high
1338.75 333.28 135.00 48.52 0.9901 high
1335.00 331.17 138.75 50.62 0.9878 high
1335.00 329.06 138.75 50.62 0.9891 high
1335.00 326.95 138.75 50.62 0.9897 high
1335.00 324.84 135.00 50.62 0.9949 high
1331.25 322.73 142.50 50.62 0.9909 high
1331.25 320.62 138.75 50.62 0.9889 high
1331.25 318.52 138.75 50.62 0.9889 high
1327.50 316.41 142.50 52.73 0.9882 high
1327.50 314.30 142.50 52.73 0.9882 high
1327.50 310.08 138.75 56.95 0.9864 high
1327.50 310.08 142.50 52.73 0.9877 high
1327.50 307.97 138.75 54.84 0.9929 high
1323.75 305.86 142.50 52.73 0.9938 high
1323.75 301.64 142.50 56.95 0.9879 high
1320.00 299.53 142.50 54.84 0.9809 high
1320.00 297.42 142.50 54.84 0.9901 high
1320.00 295.31 142.50 54.84 0.9906 high
1316.25 291.09 146.25 56.95 0.9883 high
1316.25 288.98 146.25 54.84 0.9891 high
1316.25 284.77 146.25 56.95 0.9883 high
1312.50 282.66 150.00 56.95 0.9885 high
1312.50 278.44 146.25 56.95 0.9871 high
1308.75 276.33 150.00 59.06 0.9924 high
1308.75 274.22 150.00 61.17 0.9895 high
1308.75 270.00 150.00 61.17 0.9910 high
1308.75 267.89 150.00 61.17 0.9860 high
1308.75 265.78 150.00 61.17 0.9872 high
1305.00 261.56 150.00 61.17 0.9896 high
1305.00 259.45 150.00 59.06 0.9903 high
1301.25 257.34 153.75 54.84 0.9876 high
1301.25 255.23 153.75 52.73 0.9882 high
1301.25 251.02 153.75 54.84 0.9875 high
1301.25 248.91 153.75 54.84 0.9860 high
1301.25 246.80 153.75 61.17 0.9888 high
1297.50 242.58 157.50 63.28 0.9877 high
1297.50 240.47 157.50 63.28 0.9887 high
1297.50 238.36 157.50 61.17 0.9875 high
1297.50 236.25 157.50 61.17 0.9867 high
1297.50 234.14 157.50 61.17 0.9893 high
1297.50 229.92 157.50 63.28 0.9899 high
1293.75 227.81 161.25 63.28 0.9893 high
1293.75 225.70 157.50 65.39 0.9886 high
1293.75 223.59 157.50 65.39 0.9869 high
1293.75 221.48 157.50 65.39 0.9883 high
1290.00 217.27 161.25 69.61 0.9871 high
1290.00 215.16 161.25 67.50 0.9881 high
1290.00 213.05 157.50 67.50 0.9886 high
1286.25 210.94 161.25 67.50 0.9865 high
1286.25 208.83 161.25 69.61 0.9805 high
1286.25 206.72 161.25 69.61 0.9829 high
1282.50 202.50 165.00 71.72 0.9858 high
1286.25 200.39 161.25 73.83 0.9811 high
1282.50 196.17 161.25 78.05 0.9830 high
1282.50 194.06 165.00 78.05 0.9837 high
1282.50 191.95 165.00 78.05 0.9791 high
1278.75 191.95 165.00 78.05 0.9770 high
1278.75 189.84 165.00 78.05 0.9784 high
1278.75 187.73 165.00 80.16 0.9812 high
1278.75 187.73 165.00 78.05 0.9760 high
1278.75 185.62 165.00 78.05 0.9791 high
1275.00 183.52 168.75 80.16 0.9798 high
1275.00 183.52 168.75 80.16 0.9808 high
1275.00 183.52 168.75 78.05 0.9805 high
1275.00 183.52 168.75 78.05 0.9808 high
1275.00 183.52 168.75 75.94 0.9876 high
1275.00 183.52 165.00 75.94 0.9851 high
1275.00 183.52 165.00 75.94 0.9811 high
1271.25 183.52 168.75 75.94 0.9839 high
1271.25 183.52 168.75 75.94 0.9830 high
1271.25 183.52 168.75 73.83 0.9864 high
1271.25 183.52 168.75 73.83 0.9839 high
1271.25 183.52 168.75 73.83 0.9891 high
1271.25 183.52 168.75 73.83 0.9862 high
1271.25 183.52 168.75 73.83 0.9891 high
1271.25 183.52 165.00 73.83 0.9877 high
1271.25 183.52 165.00 73.83 0.9894 high
1271.25 183.52 165.00 73.83 0.9867 high
1267.50 183.52 168.75 73.83 0.9891 high
1271.25 183.52 165.00 75.94 0.9883 high
1271.25 185.62 165.00 73.83 0.9868 high
1271.25 185.62 168.75 73.83 0.9877 high
1271.25 187.73 168.75 71.72 0.9892 high
1271.25 187.73 168.75 73.83 0.9864 high
1271.25 189.84 168.75 71.72 0.9873 high
1271.25 189.84 168.75 71.72 0.9895 high
1271.25 191.95 168.75 69.61 0.9875 high
1271.25 191.95 168.75 71.72 0.9878 high
1271.25 191.95 168.75 71.72 0.9872 high
1271.25 194.06 168.75 69.61 0.9911 high
1271.25 194.06 168.75 71.72 0.9922 high
1271.25 196.17 168.75 69.61 0.9909 high
1271.25 196.17 168.75 69.61 0.9899 high
1275.00 196.17 168.75 71.72 0.9912 high
1271.25 198.28 172.50 71.72 0.9881 high
1275.00 198.28 168.75 71.72 0.9917 high
1275.00 198.28 172.50 71.72 0.9923 high
1275.00 198.28 172.50 71.72 0.9907 high
1275.00 200.39 172.50 71.72 0.9891 high
1278.75 200.39 168.75 71.72 0.9930 high
1278.75 200.39 168.75 71.72 0.9921 high
1278.75 202.50 168.75 69.61 0.9918 high
1278.75 202.50 172.50 71.72 0.9924 high
1278.75 202.50 172.50 71.72 0.9893 high
1282.50 202.50 168.75 71.72 0.9916 high
1282.50 204.61 168.75 71.72 0.9889 high
1282.50 204.61 172.50 71.72 0.9891 high
1282.50 204.61 172.50 71.72 0.9877 high
1282.50 204.61 172.50 73.83 0.9906 high
1286.25 204.61 168.75 73.83 0.9901 high
1286.25 206.72 168.75 71.72 0.9911 high
1286.25 206.72 172.50 71.72 0.9869 high
1286.25 206.72 172.50 71.72 0.9911 high
1286.25 208.83 172.50 71.72 0.9915 high
1290.00 208.83 168.75 71.72 0.9899 high
1290.00 208.83 172.50 71.72 0.9917 high
1290.00 208.83 172.50 69.61 0.9910 high
1290.00 208.83 172.50 71.72 0.9917 high
1290.00 208.83 172.50 71.72 0.9914 high
1290.00 208.83 172.50 71.72 0.9913 high
1293.75 208.83 172.50 71.72 0.9886 high
1293.75 208.83 172.50 69.61 0.9928 high
1293.75 208.83 172.50 71.72 0.9873 high
1293.75 208.83 172.50 71.72 0.9890 high
1293.75 208.83 176.25 71.72 0.9886 high
1297.50 206.72 172.50 73.83 0.9905 high
1297.50 206.72 172.50 73.83 0.9899 high
1297.50 206.72 172.50 71.72 0.9941 high
1297.50 206.72 176.25 73.83 0.9907 high
1297.50 206.72 176.25 71.72 0.9923 high
1297.50 204.61 176.25 73.83 0.9891 high
1297.50 204.61 176.25 73.83 0.9892 high
1301.25 202.50 172.50 73.83 0.9914 high
1301.25 202.50 172.50 73.83 0.9896 high
1301.25 202.50 176.25 71.72 0.9907 high
1301.25 200.39 176.25 75.94 0.9901 high
1301.25 200.39 176.25 73.83 0.9872 high
1301.25 200.39 176.25 73.83 0.9905 high
1301.25 198.28 176.25 73.83 0.9899 high
1301.25 198.28 176.25 73.83 0.9922 high
1301.25 196.17 176.25 75.94 0.9904 high
1301.25 194.06 176.25 75.94 0.9912 high
1305.00 194.06 176.25 75.94 0.9884 high
1305.00 194.06 176.25 73.83 0.9886 high
1305.00 191.95 176.25 73.83 0.9913 high
1305.00 191.95 176.25 73.83 0.9931 high
1305.00 189.84 180.00 73.83 0.9880 high
1305.00 187.73 176.25 75.94 0.9910 high
1305.00 187.73 180.00 73.83 0.9888 high
1305.00 185.62 180.00 73.83 0.9883 high
1305.00 183.52 180.00 75.94 0.9898 high
1305.00 181.41 180.00 78.05 0.9906 high
1308.75 181.41 176.25 75.94 0.9898 high
1308.75 179.30 176.25 75.94 0.9877 high
1308.75 177.19 176.25 75.94 0.9912 high
1308.75 177.19 180.00 73.83 0.9895 high
1308.75 175.08 176.25 73.83 0.9889 high
1308.75 172.97 180.00 75.94 0.9879 high
1308.75 170.86 180.00 75.94 0.9893 high
1308.75 168.75 180.00 78.05 0.9917 high
1308.75 166.64 180.00 78.05 0.9918 high
1308.75 166.64 180.00 75.94 0.9896 high
1308.75 164.53 180.00 75.94 0.9904 high
1312.50 162.42 176.25 75.94 0.9923 high
1312.50 160.31 176.25 78.05 0.9921 high
1312.50 160.31 180.00 73.83 0.9905 high
1312.50 158.20 180.00 75.94 0.9871 high
1312.50 156.09 180.00 78.05 0.9894 high
1312.50 153.98 180.00 78.05 0.9927 high
1308.75 151.88 183.75 78.05 0.9888 high
1312.50 149.77 180.00 71.72 0.9915 high
1312.50 147.66 180.00 78.05 0.9907 high
1312.50 145.55 180.00 75.94 0.9895 high
1312.50 143.44 180.00 78.05 0.9911 high
1312.50 141.33 180.00 78.05 0.9923 high
1312.50 139.22 180.00 75.94 0.9909 high
1312.50 137.11 180.00 80.16 0.9908 high
1312.50 135.00 180.00 80.16 0.9934 high
1312.50 135.00 180.00 78.05 0.9929 high
1312.50 132.89 180.00 75.94 0.9916 high
1312.50 130.78 180.00 78.05 0.9911 high
1308.75 128.67 183.75 78.05 0.9926 high
1308.75 126.56 183.75 78.05 0.9909 high
1308.75 124.45 183.75 78.05 0.9902 high
1308.75 122.34 183.75 80.16 0.9896 high
1308.75 120.23 183.75 80.16 0.9925 high
1308.75 118.12 183.75 80.16 0.9891 high
1308.75 116.02 187.50 80.16 0.9927 high
1308.75 113.91 187.50 80.16 0.9902 high
1308.75 111.80 187.50 80.16 0.9911 high
1305.00 109.69 187.50 80.16 0.9900 high
1305.00 107.58 191.25 80.16 0.9891 high
1305.00 105.47 187.50 78.05 0.9906 high
1305.00 103.36 187.50 78.05 0.9914 high
1305.00 101.25 187.50 80.16 0.9900 high
1305.00 99.14 187.50 80.16 0.9891 high
1301.25 97.03 191.25 80.16 0.9881 high
1301.25 94.92 191.25 82.27 0.9889 high
1301.25 92.81 191.25 80.16 0.9902 high
1301.25 90.70 191.25 80.16 0.9913 high
1297.50 88.59 195.00 80.16 0.9895 high
1297.50 84.38 191.25 84.38 0.9908 high
1297.50 82.27 191.25 84.38 0.9919 high
1297.50 80.16 191.25 80.16 0.9878 high
1293.75 78.05 195.00 82.27 0.9874 high
1293.75 75.94 195.00 80.16 0.9905 high
1293.75 73.83 195.00 82.27 0.9913 high
1290.00 71.72 198.75 82.27 0.9866 high
1290.00 69.61 195.00 82.27 0.9910 high
1290.00 67.50 195.00 82.27 0.9905 high
1290.00 65.39 195.00 80.16 0.9864 high
1286.25 61.17 198.75 82.27 0.9919 high
1286.25 59.06 198.75 82.27 0.9905 high
1282.50 56.95 202.50 80.16 0.9901 high
1282.50 52.73 202.50 84.38 0.9869 high
1282.50 50.62 198.75 86.48 0.9904 high
1282.50 46.41 198.75 78.05 0.9896 high
1278.75 44.30 202.50 88.59 0.9869 high
1278.75 40.08 195.00 88.59 0.9868 high
1278.75 35.86 198.75 92.81 0.9874 high
1278.75 35.86 198.75 84.38 0.9860 high
1278.75 33.75 198.75 88.59 0.9850 high
1278.75 31.64 195.00 88.59 0.9843 high
1278.75 29.53 198.75 88.59 0.9823 high
1282.50 31.64 180.00 84.38 0.9848 high
1282.50 29.53 187.50 84.38 0.9853 high
1278.75 23.20 198.75 90.70 0.9797 high
1278.75 18.98 176.25 88.59 0.9794 high
1278.75 16.88 195.00 90.70 0.9831 high
1278.75 14.77 198.75 90.70 0.9836 high
1278.75 12.66 202.50 92.81 0.9822 high
1278.75 16.88 172.50 86.48 0.9845 high
1278.75 10.55 180.00 90.70 0.9852 high
1278.75 6.33 172.50 92.81 0.9834 high
1278.75 6.33 176.25 92.81 0.9840 high
1278.75 4.22 198.75 92.81 0.9862 high
1278.75 2.11 165.00 92.81 0.9826 high
1278.75 2.11 165.00 88.59 0.9866 high
1282.50 2.11 161.25 84.38 0.9799 high
1282.50 2.11 161.25 78.05 0.9821 high
1282.50 2.11 161.25 84.38 0.9840 high
1278.75 2.11 161.25 69.61 0.9865 high
1278.75 2.11 168.75 69.61 0.9821 high
1278.75 2.11 161.25 67.50 0.9821 high
1278.75 2.11 176.25 73.83 0.9833 high
1278.75 2.11 187.50 82.27 0.9783 high
1278.75 2.11 187.50 82.27 0.9808 high
1278.75 2.11 191.25 80.16 0.9824 high
1278.75 2.11 195.00 80.16 0.9804 high
1278.75 2.11 198.75 78.05 0.9847 high
1278.75 2.11 198.75 78.05 0.9835 high
1275.00 2.11 202.50 75.94 0.9787 high
1275.00 2.11 176.25 73.83 0.9827 high
1271.25 2.11 168.75 73.83 0.9820 high
1271.25 2.11 161.25 69.61 0.9815 high
1271.25 2.11 161.25 69.61 0.9855 high
1271.25 2.11 195.00 71.72 0.9831 high
1271.25 2.11 195.00 71.72 0.9810 high
1271.25 2.11 172.50 71.72 0.9799 high
1271.25 2.11 165.00 69.61 0.9849 high
1271.25 2.11 168.75 67.50 0.9864 high
1271.25 2.11 195.00 69.61 0.9823 high
1271.25 2.11 191.25 67.50 0.9826 high
1275.00 2.11 161.25 67.50 0.9795 high
1275.00 2.11 191.25 73.83 0.9774 high
1275.00 2.11 168.75 69.61 0.9808 high
1275.00 2.11 195.00 71.72 0.9788 high
1275.00 2.11 195.00 73.83 0.9818 high
1275.00 2.11 191.25 75.94 0.9813 high
1278.75 2.11 157.50 59.06 0.9817 high
1278.75 2.11 157.50 65.39 0.9794 high
1278.75 2.11 180.00 73.83 0.9768 high
1282.50 2.11 191.25 78.05 0.9777 high
1278.75 2.11 195.00 78.05 0.9807 high
1282.50 2.11 191.25 80.16 0.9793 high
1282.50 2.11 191.25 80.16 0.9834 high
1282.50 2.11 187.50 82.27 0.9817 high
1282.50 2.11 191.25 82.27 0.9823 high
1282.50 2.11 172.50 82.27 0.9808 high
1282.50 2.11 165.00 82.27 0.9832 high
1286.25 2.11 195.00 84.38 0.9856 high
1286.25 2.11 191.25 84.38 0.9861 high
1286.25 2.11 153.75 86.48 0.9854 high
1286.25 2.11 150.00 86.48 0.9866 high
1286.25 2.11 165.00 88.59 0.9872 high
1286.25 2.11 165.00 90.70 0.9867 high
1290.00 4.22 195.00 90.70 0.9878 high
1286.25 4.22 195.00 90.70 0.9839 high
1290.00 6.33 191.25 90.70 0.9861 high
1293.75 8.44 187.50 90.70 0.9847 high
1293.75 10.55 187.50 88.59 0.9831 high
1290.00 12.66 191.25 88.59 0.9860 high
1290.00 10.55 165.00 84.38 0.9846 high
1290.00 14.77 195.00 80.16 0.9850 high
1293.75 16.88 191.25 84.38 0.9868 high
1293.75 18.98 195.00 86.48 0.9867 high
1297.50 21.09 191.25 86.48 0.9883 high
1293.75 18.98 191.25 86.48 0.9871 high
1293.75 21.09 195.00 86.48 0.9863 high
1297.50 23.20 191.25 84.38 0.9904 high
1297.50 25.31 187.50 86.48 0.9860 high
1301.25 25.31 183.75 82.27 0.9863 high
1301.25 29.53 191.25 86.48 0.9895 high
1301.25 29.53 183.75 86.48 0.9888 high
1301.25 31.64 168.75 75.94 0.9932 high
1301.25 31.64 191.25 86.48 0.9880 high
1305.00 35.86 187.50 86.48 0.9840 high
1308.75 37.97 176.25 84.38 0.9869 high
1308.75 40.08 183.75 82.27 0.9876 high
1308.75 42.19 187.50 84.38 0.9887 high
1308.75 44.30 191.25 84.38 0.9878 high
1312.50 46.41 187.50 84.38 0.9854 high
1308.75 48.52 191.25 84.38 0.9870 high
1312.50 50.62 187.50 84.38 0.9870 high
1312.50 52.73 187.50 84.38 0.9815 high
