952.50 298.12 42.50 14.06 0.9863 init
950.00 299.53 42.50 12.66 0.9845 high
945.00 299.53 45.00 11.25 0.9805 high
945.00 299.53 45.00 11.25 0.9848 high
945.00 298.12 45.00 12.66 0.9882 high
942.50 298.12 45.00 12.66 0.9790 high
942.50 296.72 45.00 14.06 0.9857 high
940.00 296.72 47.50 14.06 0.9846 high
940.00 296.72 47.50 14.06 0.9882 high
937.50 296.72 47.50 14.06 0.9916 high
937.50 296.72 45.00 14.06 0.9873 high
935.00 295.31 47.50 14.06 0.9822 high
935.00 295.31 47.50 12.66 0.9839 high
935.00 295.31 47.50 12.66 0.9831 high
932.50 293.91 50.00 14.06 0.9841 high
932.50 293.91 47.50 14.06 0.9908 high
930.00 292.50 50.00 15.47 0.9873 high
930.00 292.50 50.00 15.47 0.9853 high
930.00 292.50 50.00 15.47 0.9852 high
930.00 292.50 50.00 15.47 0.9927 high
930.00 291.09 47.50 16.88 0.9842 high
930.00 291.09 47.50 15.47 0.9799 high
927.50 291.09 50.00 14.06 0.9886 high
927.50 291.09 50.00 14.06 0.9886 high
927.50 291.09 50.00 14.06 0.9888 high
925.00 289.69 52.50 15.47 0.9769 high
925.00 289.69 52.50 15.47 0.9811 high
925.00 291.09 52.50 14.06 0.9868 high
925.00 291.09 52.50 14.06 0.9860 high
925.00 289.69 52.50 16.88 0.9864 high
925.00 288.28 55.00 18.28 0.9871 high
925.00 288.28 55.00 18.28 0.9845 high
925.00 288.28 57.50 18.28 0.9844 high
925.00 288.28 57.50 18.28 0.9847 high
922.50 286.88 60.00 19.69 0.9716 high
925.00 286.88 57.50 19.69 0.9810 high
925.00 288.28 60.00 18.28 0.9857 high
925.00 286.88 62.50 19.69 0.9911 high
925.00 286.88 62.50 19.69 0.9909 high
922.50 286.88 62.50 19.69 0.9827 high
925.00 286.88 60.00 19.69 0.9849 high
922.50 285.47 65.00 19.69 0.9854 high
922.50 285.47 65.00 19.69 0.9884 high
922.50 285.47 65.00 19.69 0.9888 high
920.00 284.06 67.50 21.09 0.9851 high
920.00 284.06 67.50 21.09 0.9756 high
920.00 284.06 67.50 21.09 0.9794 high
917.50 282.66 70.00 22.50 0.9784 high
917.50 282.66 70.00 22.50 0.9784 high
920.00 282.66 67.50 22.50 0.9844 high
920.00 282.66 67.50 22.50 0.9887 high
917.50 281.25 72.50 22.50 0.9873 high
917.50 281.25 72.50 23.91 0.9809 high
917.50 281.25 72.50 23.91 0.9812 high
910.00 281.25 80.00 23.91 0.9803 high
912.50 279.84 77.50 25.31 0.9856 high
915.00 278.44 75.00 26.72 0.9868 high
915.00 279.84 75.00 25.31 0.9866 high
915.00 279.84 75.00 25.31 0.9871 high
912.50 278.44 77.50 25.31 0.9903 high
910.00 278.44 80.00 26.72 0.9888 high
907.50 277.03 82.50 28.12 0.9831 high
907.50 277.03 82.50 26.72 0.9786 high
907.50 277.03 82.50 26.72 0.9798 high
907.50 277.03 82.50 28.12 0.9907 high
900.00 277.03 90.00 28.12 0.9805 high
900.00 275.62 90.00 29.53 0.9832 high
902.50 275.62 85.00 29.53 0.9825 high
902.50 275.62 85.00 29.53 0.9824 high
897.50 275.62 90.00 29.53 0.9805 high
887.50 274.22 100.00 32.34 0.9817 high
885.00 274.22 100.00 32.34 0.9792 high
887.50 272.81 97.50 32.34 0.9857 high
887.50 272.81 97.50 32.34 0.9844 high
887.50 272.81 95.00 32.34 0.9803 high
882.50 271.41 100.00 33.75 0.9832 high
872.50 270.00 110.00 35.16 0.9808 high
867.50 270.00 107.50 35.16 0.9822 high
867.50 270.00 107.50 35.16 0.9819 high
860.00 270.00 115.00 35.16 0.9828 high
860.00 267.19 110.00 37.97 0.9875 high
860.00 265.78 110.00 39.38 0.9834 high
855.00 265.78 112.50 39.38 0.9816 high
