348.75 451.41 165.00 80.16 0.9841 init
360.00 449.30 161.25 78.05 0.9856 high
367.50 447.19 157.50 75.94 0.9860 high
375.00 445.08 157.50 73.83 0.9827 high
382.50 438.75 157.50 78.05 0.9861 high
390.00 436.64 153.75 75.94 0.9825 high
397.50 432.42 150.00 75.94 0.9794 high
405.00 430.31 146.25 71.72 0.9778 high
412.50 426.09 146.25 75.94 0.9838 high
420.00 426.09 142.50 75.94 0.9819 high
431.25 423.98 138.75 73.83 0.9836 high
435.00 421.88 146.25 71.72 0.9831 high
446.25 419.77 138.75 71.72 0.9849 high
446.25 409.22 142.50 78.05 0.9841 high
446.25 411.33 142.50 73.83 0.9821 high
450.00 413.44 138.75 67.50 0.9828 high
450.00 411.33 138.75 65.39 0.9825 high
450.00 405.00 138.75 67.50 0.9875 high
453.75 396.56 138.75 73.83 0.9831 high
450.00 396.56 138.75 67.50 0.9882 high
453.75 390.23 138.75 69.61 0.9836 high
453.75 386.02 138.75 69.61 0.9831 high
453.75 377.58 138.75 69.61 0.9816 high
453.75 369.14 142.50 67.50 0.9866 high
453.75 360.70 142.50 65.39 0.9867 high
457.50 350.16 138.75 65.39 0.9855 high
457.50 339.61 138.75 67.50 0.9883 high
457.50 324.84 138.75 71.72 0.9836 high
461.25 316.41 138.75 71.72 0.9891 high
461.25 305.86 138.75 71.72 0.9831 high
461.25 297.42 138.75 69.61 0.9866 high
465.00 288.98 135.00 69.61 0.9853 high
468.75 280.55 135.00 69.61 0.9870 high
472.50 274.22 138.75 69.61 0.9825 high
468.75 270.00 138.75 69.61 0.9839 high
476.25 263.67 131.25 69.61 0.9840 high
480.00 259.45 131.25 67.50 0.9801 high
480.00 257.34 135.00 63.28 0.9850 high
483.75 253.12 131.25 65.39 0.9850 high
483.75 251.02 138.75 67.50 0.9791 high
483.75 246.80 138.75 65.39 0.9835 high
487.50 244.69 138.75 65.39 0.9822 high
487.50 242.58 138.75 67.50 0.9837 high
487.50 240.47 138.75 67.50 0.9851 high
487.50 238.36 142.50 67.50 0.9862 high
487.50 238.36 142.50 67.50 0.9835 high
491.25 236.25 138.75 67.50 0.9833 high
491.25 236.25 157.50 67.50 0.9822 high
491.25 236.25 157.50 67.50 0.9811 high
491.25 236.25 153.75 67.50 0.9830 high
495.00 238.36 142.50 67.50 0.9828 high
495.00 240.47 142.50 65.39 0.9869 high
495.00 240.47 153.75 65.39 0.9843 high
495.00 242.58 153.75 63.28 0.9833 high
495.00 242.58 150.00 65.39 0.9814 high
495.00 242.58 150.00 65.39 0.9809 high
495.00 242.58 150.00 63.28 0.9831 high
495.00 240.47 142.50 63.28 0.9850 high
495.00 238.36 150.00 65.39 0.9811 high
495.00 234.14 142.50 67.50 0.9818 high
495.00 232.03 135.00 67.50 0.9850 high
491.25 225.70 131.25 67.50 0.9821 high
491.25 221.48 131.25 67.50 0.9839 high
487.50 217.27 135.00 65.39 0.9824 high
487.50 213.05 135.00 67.50 0.9826 high
487.50 208.83 135.00 69.61 0.9826 high
483.75 204.61 138.75 69.61 0.9820 high
483.75 202.50 135.00 69.61 0.9863 high
483.75 198.28 135.00 71.72 0.9845 high
480.00 196.17 135.00 67.50 0.9824 high
480.00 194.06 138.75 67.50 0.9813 high
476.25 189.84 138.75 71.72 0.9818 high
476.25 189.84 138.75 69.61 0.9783 high
468.75 177.19 146.25 78.05 0.9757 high
465.00 166.64 150.00 88.59 0.9734 high
472.50 185.62 142.50 67.50 0.9824 high
472.50 185.62 142.50 67.50 0.9841 high
468.75 164.53 146.25 88.59 0.9726 high
472.50 177.19 142.50 75.94 0.9799 high
472.50 183.52 138.75 69.61 0.9862 high
465.00 175.08 146.25 75.94 0.9830 high
461.25 160.31 150.00 90.70 0.9790 high
461.25 160.31 146.25 88.59 0.9778 high
446.25 160.31 165.00 88.59 0.9784 high
453.75 160.31 157.50 84.38 0.9827 high
453.75 151.88 157.50 88.59 0.9754 high
461.25 149.77 150.00 84.38 0.9757 high
461.25 149.77 150.00 82.27 0.9813 high
461.25 143.44 150.00 82.27 0.9790 high
483.75 149.77 131.25 69.61 0.9835 high
476.79 144.61 136.78 73.58 0.0000 coast
483.75 141.33 127.50 67.50 0.9807 high
498.75 139.22 116.25 63.28 0.9842 high
497.37 136.78 116.68 62.99 0.0000 coast
500.33 134.38 113.82 61.45 0.0000 coast
498.75 126.56 37.50 27.42 0.9740 reinit
498.75 126.56 37.50 27.42 0.0000 coast
498.75 126.56 37.50 27.42 0.0000 coast
495.00 113.91 108.75 63.28 0.9749 reinit
495.00 111.80 108.75 65.39 0.9737 high
498.75 109.69 120.00 65.39 0.9735 high
498.75 107.58 123.75 65.39 0.9734 high
498.75 107.58 131.25 67.50 0.9713 high
498.75 105.47 97.50 65.39 0.9771 high
502.50 105.47 105.00 65.39 0.9715 high
502.50 105.47 112.50 65.39 0.9746 high
502.50 103.36 120.00 67.50 0.9724 high
502.50 103.36 116.25 67.50 0.9766 high
502.50 103.36 116.25 67.50 0.9750 high
502.50 103.36 120.00 67.50 0.9731 high
502.50 103.36 120.00 67.50 0.9764 high
502.50 103.36 120.00 67.50 0.9741 high
502.50 103.36 120.00 67.50 0.9753 high
502.50 101.25 120.00 67.50 0.9750 high
502.50 101.25 120.00 69.61 0.9729 high
502.50 101.25 127.50 69.61 0.9714 high
502.50 101.25 123.75 67.50 0.9717 high
506.25 103.36 116.25 65.39 0.9761 high
506.25 103.36 116.25 65.39 0.9718 high
506.25 103.36 108.75 65.39 0.9700 high
506.25 103.36 101.25 65.39 0.9749 high
506.25 103.36 105.00 65.39 0.9715 high
506.25 103.36 101.25 65.39 0.9742 high
506.25 105.47 101.25 63.28 0.9702 high
506.25 105.47 101.25 61.17 0.9747 high
510.00 105.47 105.00 63.28 0.9752 high
510.00 105.47 97.50 63.28 0.9793 high
510.00 103.36 97.50 65.39 0.9780 high
510.00 103.36 97.50 65.39 0.9730 high
510.00 103.36 101.25 65.39 0.9725 high
510.00 103.36 105.00 65.39 0.9727 high
510.00 105.47 120.00 63.28 0.9723 high
513.75 103.36 120.00 65.39 0.9681 high
510.00 103.36 120.00 65.39 0.9671 high
513.75 103.36 120.00 65.39 0.9700 high
513.75 105.47 116.25 63.28 0.9723 high
510.00 105.47 101.25 63.28 0.9743 high
513.75 105.47 120.00 65.39 0.9707 high
513.75 107.58 116.25 61.17 0.9701 high
513.75 107.58 116.25 61.17 0.9750 high
513.75 107.58 101.25 61.17 0.9747 high
517.50 107.58 112.50 61.17 0.9759 high
517.50 107.58 112.50 61.17 0.9802 high
521.25 107.58 105.00 61.17 0.9791 high
521.25 107.58 105.00 59.06 0.9824 high
517.50 107.58 105.00 61.17 0.9822 high
521.25 107.58 86.25 59.06 0.9848 high
521.25 107.58 86.25 59.06 0.9848 high
521.25 107.58 86.25 61.17 0.9850 high
521.25 107.58 97.50 61.17 0.9817 high
521.25 107.58 93.75 59.06 0.9839 high
521.25 109.69 108.75 56.95 0.9842 high
521.25 109.69 112.50 56.95 0.9823 high
517.50 107.58 116.25 59.06 0.9747 high
513.75 107.58 120.00 59.06 0.9799 high
513.75 107.58 112.50 59.06 0.9774 high
513.75 107.58 116.25 59.06 0.9805 high
517.50 107.58 90.00 52.73 0.9822 high
513.75 107.58 93.75 59.06 0.9905 high
513.75 105.47 93.75 59.06 0.9803 high
513.75 105.47 101.25 59.06 0.9769 high
513.75 105.47 112.50 61.17 0.9817 high
513.75 105.47 120.00 61.17 0.9769 high
513.75 103.36 120.00 61.17 0.9703 high
513.75 103.36 108.75 59.06 0.9800 high
513.75 105.47 101.25 56.95 0.9792 high
513.75 105.47 105.00 56.95 0.9818 high
513.75 105.47 105.00 56.95 0.9759 high
513.75 103.36 105.00 59.06 0.9804 high
513.75 103.36 97.50 56.95 0.9781 high
513.75 103.36 97.50 56.95 0.9756 high
513.75 103.36 101.25 59.06 0.9762 high
513.75 101.25 101.25 61.17 0.9761 high
513.75 101.25 86.25 61.17 0.9771 high
513.75 101.25 82.50 59.06 0.9841 high
513.75 103.36 86.25 56.95 0.9835 high
513.75 101.25 101.25 59.06 0.9788 high
513.75 101.25 101.25 59.06 0.9773 high
510.00 101.25 90.00 54.84 0.9685 high
510.00 103.36 71.25 42.19 0.9758 high
510.00 101.25 75.00 46.41 0.9793 high
506.25 101.25 75.00 46.41 0.9788 high
506.25 101.25 82.50 46.41 0.9790 high
506.25 101.25 86.25 46.41 0.9803 high
506.25 103.36 90.00 44.30 0.9829 high
502.50 103.36 90.00 46.41 0.9761 high
502.50 103.36 108.75 56.95 0.9763 high
502.50 103.36 108.75 59.06 0.9774 high
506.25 103.36 105.00 56.95 0.9793 high
502.50 105.47 93.75 44.30 0.9807 high
498.75 105.47 97.50 46.41 0.9757 high
498.75 105.47 97.50 52.73 0.9859 high
498.75 105.47 97.50 52.73 0.9807 high
495.00 105.47 97.50 54.84 0.9804 high
495.00 105.47 82.50 48.52 0.9827 high
495.00 105.47 97.50 54.84 0.9814 high
495.00 105.47 105.00 59.06 0.9844 high
495.00 105.47 105.00 56.95 0.9748 high
495.00 105.47 105.00 50.62 0.9794 high
495.00 105.47 90.00 44.30 0.9790 high
495.00 103.36 86.25 46.41 0.9814 high
495.00 103.36 101.25 48.52 0.9839 high
495.00 103.36 108.75 50.62 0.9814 high
495.00 103.36 108.75 56.95 0.9831 high
491.25 103.36 112.50 54.84 0.9800 high
495.00 105.47 105.00 46.41 0.9825 high
491.25 103.36 112.50 52.73 0.9798 high
495.00 105.47 108.75 54.84 0.9772 high
495.00 105.47 108.75 59.06 0.9748 high
498.75 105.47 112.50 61.17 0.9744 high
498.75 105.47 105.00 54.84 0.9794 high
498.75 105.47 101.25 54.84 0.9834 high
502.50 105.47 97.50 59.06 0.9764 high
506.25 103.36 101.25 63.28 0.9796 high
502.50 105.47 90.00 61.17 0.9788 high
498.75 105.47 97.50 63.28 0.9792 high
500.61 105.37 95.28 63.87 0.0000 coast
498.75 103.36 116.25 65.39 0.9749 high
498.75 103.36 108.75 63.28 0.9772 high
498.75 101.25 105.00 61.17 0.9805 high
498.75 101.25 105.00 61.17 0.9806 high
498.75 99.14 108.75 65.39 0.9768 high
498.75 99.14 108.75 59.06 0.9811 high
502.50 97.03 108.75 61.17 0.9813 high
502.50 97.03 108.75 61.17 0.9735 high
506.25 97.03 101.25 52.73 0.9819 high
502.50 97.03 105.00 50.62 0.9807 high
502.50 99.14 105.00 48.52 0.9785 high
502.50 94.92 105.00 54.84 0.9763 high
502.50 94.92 108.75 54.84 0.9780 high
502.50 92.81 112.50 56.95 0.9789 high
502.50 92.81 108.75 54.84 0.9779 high
506.25 94.92 105.00 52.73 0.9810 high
510.00 90.70 101.25 56.95 0.9833 high
513.75 92.81 97.50 52.73 0.9785 high
513.75 92.81 93.75 52.73 0.9781 high
517.50 90.70 90.00 54.84 0.9795 high
517.50 90.70 90.00 54.84 0.9818 high
517.50 90.70 90.00 59.06 0.9736 high
517.50 90.70 90.00 56.95 0.9818 high
517.50 90.70 90.00 59.06 0.9800 high
517.50 90.70 93.75 59.06 0.9773 high
513.75 90.70 97.50 54.84 0.9807 high
517.50 90.70 97.50 56.95 0.9764 high
517.50 88.59 97.50 63.28 0.9756 high
517.50 88.59 101.25 65.39 0.9743 high
517.50 90.70 105.00 59.06 0.9778 high
517.50 90.70 105.00 54.84 0.9772 high
517.50 92.81 105.00 52.73 0.9745 high
517.50 92.81 105.00 52.73 0.9758 high
517.50 92.81 105.00 52.73 0.9756 high
517.50 92.81 105.00 52.73 0.9727 high
517.50 92.81 105.00 54.84 0.9796 high
521.25 92.81 101.25 52.73 0.9777 high
521.25 92.81 101.25 52.73 0.9779 high
525.00 92.81 97.50 54.84 0.9776 high
525.00 92.81 101.25 61.17 0.9782 high
532.50 90.70 112.50 63.28 0.9796 high
528.75 88.59 112.50 65.39 0.9796 high
532.50 88.59 97.50 63.28 0.9748 high
536.25 88.59 97.50 63.28 0.9831 high
536.25 88.59 105.00 65.39 0.9784 high
543.75 90.70 108.75 65.39 0.9813 high
543.75 90.70 97.50 65.39 0.9776 high
543.75 90.70 101.25 63.28 0.9830 high
551.25 90.70 90.00 67.50 0.9775 high
558.75 92.81 93.75 65.39 0.9876 high
558.75 92.81 105.00 67.50 0.9846 high
566.25 92.81 101.25 67.50 0.9849 high
566.25 94.92 93.75 65.39 0.9843 high
569.65 94.63 96.03 66.70 0.0000 coast
572.57 94.97 95.69 67.07 0.0000 coast
588.75 101.25 41.25 27.42 0.9771 reinit
588.75 101.25 41.25 27.42 0.0000 coast
588.75 101.25 41.25 27.42 0.0000 coast
1083.75 451.41 18.75 6.33 0.9757 reinit
1080.00 449.30 26.25 10.55 0.9429 high
1079.72 449.14 26.81 10.86 0.0000 coast
1078.95 448.70 28.36 11.73 0.0000 coast
1080.00 449.30 26.25 10.55 0.9706 high
1079.35 448.93 27.55 11.28 0.0000 coast
-100 -100 -100 -100 0.0000 coast_none
637.50 94.92 135.00 80.16 0.9814 reinit
626.25 92.81 150.00 82.27 0.9850 high
622.50 88.59 161.25 88.59 0.9823 high
633.75 86.48 161.25 88.59 0.9810 high
667.50 94.92 135.00 84.38 0.9770 high
660.00 88.59 146.25 92.81 0.9771 high
663.75 84.38 153.75 97.03 0.9773 high
675.00 84.38 146.25 99.14 0.9726 high
675.00 84.38 150.00 97.03 0.9731 high
690.00 84.38 138.75 99.14 0.9751 high
705.00 116.02 131.25 69.61 0.9794 high
712.50 116.02 131.25 69.61 0.9809 high
716.25 118.12 135.00 69.61 0.9819 high
723.75 118.12 131.25 67.50 0.9866 high
727.50 118.12 131.25 69.61 0.9785 high
735.00 120.23 131.25 69.61 0.9804 high
738.75 120.23 131.25 69.61 0.9837 high
742.50 120.23 135.00 69.61 0.9835 high
750.00 120.23 135.00 69.61 0.9824 high
750.00 122.34 138.75 67.50 0.9852 high
757.50 124.45 135.00 67.50 0.9843 high
757.50 124.45 142.50 67.50 0.9802 high
761.25 124.45 146.25 69.61 0.9805 high
761.25 126.56 150.00 67.50 0.9790 high
765.00 126.56 153.75 67.50 0.9845 high
768.75 126.56 153.75 67.50 0.9765 high
772.50 128.67 153.75 67.50 0.9808 high
772.50 126.56 153.75 69.61 0.9847 high
776.25 126.56 153.75 69.61 0.9841 high
776.25 128.67 161.25 69.61 0.9853 high
780.00 128.67 157.50 69.61 0.9818 high
783.75 130.78 153.75 67.50 0.9809 high
787.50 130.78 153.75 67.50 0.9816 high
787.50 130.78 153.75 67.50 0.9800 high
791.25 130.78 150.00 67.50 0.9835 high
795.00 132.89 150.00 65.39 0.9827 high
795.00 132.89 150.00 65.39 0.9847 high
798.75 135.00 146.25 63.28 0.9840 high
802.50 135.00 138.75 61.17 0.9828 high
802.50 137.11 138.75 59.06 0.9855 high
806.25 137.11 135.00 59.06 0.9835 high
810.00 137.11 131.25 59.06 0.9829 high
810.00 135.00 131.25 59.06 0.9837 high
810.00 137.11 131.25 56.95 0.9824 high
810.00 135.00 135.00 59.06 0.9865 high
810.00 135.00 131.25 59.06 0.9849 high
810.00 135.00 135.00 59.06 0.9842 high
810.00 135.00 135.00 59.06 0.9863 high
810.00 135.00 135.00 59.06 0.9839 high
810.00 132.89 135.00 61.17 0.9801 high
810.00 132.89 135.00 61.17 0.9845 high
810.00 132.89 135.00 61.17 0.9837 high
813.75 132.89 131.25 61.17 0.9860 high
813.75 132.89 131.25 61.17 0.9814 high
813.75 132.89 131.25 61.17 0.9861 high
813.75 130.78 131.25 63.28 0.9855 high
813.75 128.67 131.25 65.39 0.9841 high
813.75 126.56 127.50 67.50 0.9884 high
813.75 126.56 127.50 67.50 0.9870 high
813.75 124.45 131.25 69.61 0.9861 high
813.75 124.45 131.25 67.50 0.9851 high
813.75 124.45 131.25 69.61 0.9824 high
813.75 124.45 131.25 69.61 0.9857 high
813.75 124.45 131.25 69.61 0.9839 high
813.75 126.56 131.25 67.50 0.9822 high
813.75 126.56 127.50 69.61 0.9839 high
813.75 128.67 127.50 67.50 0.9840 high
813.75 130.78 127.50 67.50 0.9848 high
810.00 130.78 131.25 69.61 0.9825 high
810.00 132.89 131.25 69.61 0.9849 high
810.00 137.11 127.50 65.39 0.9839 high
810.00 141.33 127.50 65.39 0.9826 high
810.00 143.44 127.50 65.39 0.9807 high
810.00 147.66 127.50 63.28 0.9822 high
813.75 151.88 123.75 63.28 0.9876 high
810.00 156.09 127.50 63.28 0.9869 high
810.00 160.31 127.50 61.17 0.9797 high
810.00 164.53 127.50 59.06 0.9892 high
810.00 168.75 127.50 56.95 0.9820 high
806.25 170.86 131.25 56.95 0.9891 high
806.25 172.97 131.25 56.95 0.9859 high
806.25 177.19 131.25 54.84 0.9882 high
806.25 179.30 127.50 54.84 0.9846 high
806.25 181.41 127.50 54.84 0.9832 high
802.50 183.52 131.25 54.84 0.9834 high
802.50 187.73 127.50 54.84 0.9860 high
802.50 189.84 127.50 52.73 0.9871 high
806.25 191.95 127.50 52.73 0.9852 high
806.25 194.06 123.75 52.73 0.9905 high
806.25 196.17 127.50 52.73 0.9834 high
806.25 196.17 127.50 54.84 0.9898 high
806.25 198.28 127.50 52.73 0.9930 high
802.50 200.39 127.50 50.62 0.9890 high
802.50 200.39 127.50 52.73 0.9864 high
806.25 202.50 123.75 50.62 0.9926 high
806.25 202.50 123.75 50.62 0.9877 high
806.25 202.50 123.75 50.62 0.9878 high
806.25 202.50 123.75 50.62 0.9880 high
806.25 202.50 123.75 50.62 0.9867 high
806.25 200.39 123.75 52.73 0.9906 high
802.50 200.39 131.25 50.62 0.9891 high
802.50 198.28 127.50 52.73 0.9888 high
802.50 198.28 131.25 52.73 0.9870 high
806.25 196.17 123.75 52.73 0.9886 high
802.50 194.06 127.50 52.73 0.9896 high
802.50 191.95 131.25 52.73 0.9872 high
802.50 189.84 127.50 52.73 0.9858 high
802.50 187.73 127.50 52.73 0.9834 high
806.25 185.62 123.75 50.62 0.9861 high
802.50 181.41 127.50 52.73 0.9794 high
802.50 179.30 127.50 52.73 0.9859 high
802.50 175.08 127.50 52.73 0.9873 high
802.50 170.86 131.25 52.73 0.9892 high
802.50 166.64 127.50 52.73 0.9887 high
802.50 162.42 131.25 54.84 0.9890 high
802.50 156.09 131.25 54.84 0.9879 high
798.75 151.88 131.25 56.95 0.9867 high
798.75 147.66 131.25 54.84 0.9892 high
798.75 143.44 131.25 54.84 0.9849 high
798.75 137.11 135.00 56.95 0.9855 high
798.75 130.78 135.00 56.95 0.9864 high
795.00 124.45 138.75 59.06 0.9838 high
795.00 118.12 138.75 59.06 0.9862 high
795.00 111.80 135.00 59.06 0.9872 high
795.00 105.47 112.50 59.06 0.9837 high
795.00 99.14 135.00 61.17 0.9817 high
795.00 92.81 112.50 61.17 0.9808 high
795.00 71.72 142.50 75.94 0.9807 high
794.44 70.42 135.53 73.20 0.0000 coast
794.09 63.87 136.40 74.92 0.0000 coast
806.25 65.39 105.00 63.28 0.9756 high
804.82 58.15 108.65 66.16 0.0000 coast
805.48 52.26 106.93 66.80 0.0000 coast
1076.25 447.19 33.75 12.66 0.9736 reinit
1080.00 447.19 30.00 12.66 0.9588 high
1080.00 447.19 26.25 12.66 0.9648 high
1080.00 449.30 30.00 10.55 0.9598 high
1080.00 449.30 30.00 10.55 0.9785 high
1080.00 447.19 30.00 12.66 0.9625 high
1080.00 447.19 30.00 12.66 0.9667 high
1080.00 449.30 26.25 10.55 0.9816 high
1080.00 447.19 26.25 12.66 0.9487 high
1080.00 447.19 30.00 12.66 0.9790 high
1080.00 447.19 30.00 12.66 0.9761 high
1080.00 447.19 30.00 12.66 0.9485 high
1080.00 447.19 30.00 12.66 0.9746 high
1080.00 447.19 30.00 12.66 0.9575 high
1080.00 447.19 26.25 12.66 0.9570 high
1080.00 447.19 26.25 10.55 0.9656 high
1080.00 447.19 26.25 10.55 0.9857 high
1080.00 447.19 26.25 10.55 0.9708 high
1080.00 447.19 26.25 10.55 0.9371 high
1080.00 447.19 22.50 10.55 0.9770 high
1080.00 447.19 26.25 10.55 0.9899 high
1080.00 447.19 26.25 12.66 0.9782 high
1080.00 447.19 26.25 10.55 0.9837 high
1080.00 447.19 26.25 10.55 0.9716 high
1080.00 447.19 26.25 10.55 0.9533 high
1080.00 447.19 22.50 10.55 0.9849 high
1080.00 447.19 26.25 10.55 0.9637 high
1080.00 447.19 26.25 12.66 0.9471 high
1080.00 449.30 26.25 8.44 0.9663 high
1080.00 447.19 26.25 12.66 0.9529 high
1080.00 447.19 26.25 12.66 0.9584 high
1080.00 447.19 30.00 12.66 0.9559 high
1080.00 447.19 30.00 12.66 0.9734 high
1080.00 449.30 26.25 8.44 0.9784 high
1080.00 449.30 26.25 8.44 0.9391 high
1080.00 447.19 30.00 12.66 0.9574 high
1080.00 447.19 30.00 12.66 0.9390 high
1080.00 447.19 30.00 12.66 0.9607 high
1080.00 447.19 26.25 12.66 0.9662 high
1080.00 447.19 30.00 12.66 0.9489 high
1080.00 447.19 30.00 12.66 0.9823 high
1080.00 449.30 26.25 8.44 0.9673 high
1080.00 447.19 26.25 10.55 0.9815 high
1080.00 447.19 26.25 12.66 0.9614 high
1080.00 447.19 30.00 12.66 0.9545 high
1080.00 447.19 30.00 12.66 0.9854 high
1080.00 447.19 26.25 12.66 0.9682 high
1080.00 447.19 26.25 10.55 0.9537 high
1080.00 447.12 26.58 11.27 0.0000 coast
-100 -100 -100 -100 0.0000 coast_none
742.50 65.39 168.75 78.05 0.9837 reinit
765.00 75.94 142.50 82.27 0.9830 high
761.25 97.03 153.75 73.83 0.9843 high
765.00 107.58 146.25 73.83 0.9853 high
765.00 118.12 146.25 73.83 0.9835 high
761.25 126.56 150.00 73.83 0.9852 high
761.25 135.00 150.00 75.94 0.9805 high
761.25 143.44 150.00 73.83 0.9846 high
765.00 151.88 146.25 71.72 0.9842 high
765.00 158.20 146.25 73.83 0.9834 high
768.75 166.64 146.25 69.61 0.9821 high
768.75 170.86 146.25 69.61 0.9854 high
772.50 177.19 146.25 67.50 0.9840 high
772.50 181.41 146.25 63.28 0.9849 high
776.25 183.52 146.25 67.50 0.9850 high
776.25 185.62 146.25 65.39 0.9882 high
776.25 185.62 146.25 67.50 0.9844 high
776.25 187.73 146.25 65.39 0.9864 high
780.00 189.84 146.25 65.39 0.9822 high
776.25 191.95 150.00 63.28 0.9852 high
776.25 189.84 153.75 67.50 0.9801 high
776.25 187.73 153.75 69.61 0.9809 high
780.00 185.62 150.00 71.72 0.9824 high
780.00 185.62 150.00 69.61 0.9855 high
780.00 183.52 150.00 73.83 0.9854 high
780.00 183.52 150.00 71.72 0.9841 high
783.75 183.52 146.25 71.72 0.9872 high
783.75 181.41 150.00 73.83 0.9822 high
783.75 183.52 153.75 71.72 0.9863 high
783.75 183.52 153.75 71.72 0.9862 high
783.75 183.52 153.75 69.61 0.9838 high
783.75 183.52 153.75 71.72 0.9841 high
783.75 183.52 153.75 71.72 0.9833 high
783.75 187.73 150.00 67.50 0.9853 high
787.50 187.73 146.25 69.61 0.9805 high
783.75 191.95 150.00 65.39 0.9875 high
787.50 191.95 146.25 67.50 0.9853 high
787.50 194.06 146.25 65.39 0.9837 high
787.50 196.17 142.50 63.28 0.9869 high
787.50 196.17 146.25 65.39 0.9874 high
780.00 198.28 150.00 63.28 0.9867 high
780.00 198.28 150.00 63.28 0.9879 high
780.00 198.28 150.00 63.28 0.9870 high
776.25 198.28 153.75 63.28 0.9856 high
776.25 198.28 150.00 63.28 0.9867 high
776.25 198.28 146.25 63.28 0.9848 high
776.25 196.17 146.25 65.39 0.9861 high
776.25 194.06 146.25 67.50 0.9837 high
772.50 191.95 146.25 69.61 0.9866 high
768.75 191.95 150.00 69.61 0.9820 high
768.75 187.73 146.25 73.83 0.9839 high
768.75 187.73 146.25 71.72 0.9857 high
768.75 187.73 142.50 73.83 0.9860 high
765.00 185.62 142.50 75.94 0.9820 high
765.00 187.73 142.50 73.83 0.9847 high
761.25 187.73 142.50 75.94 0.9816 high
757.50 187.73 146.25 75.94 0.9829 high
757.50 189.84 142.50 73.83 0.9833 high
753.75 191.95 146.25 75.94 0.9877 high
753.75 191.95 142.50 78.05 0.9810 high
753.75 196.17 142.50 75.94 0.9801 high
753.75 198.28 142.50 78.05 0.9818 high
750.00 200.39 142.50 75.94 0.9861 high
746.25 204.61 146.25 73.83 0.9848 high
750.00 206.72 138.75 73.83 0.9831 high
746.25 208.83 146.25 75.94 0.9850 high
746.25 215.16 142.50 73.83 0.9846 high
746.25 219.38 142.50 71.72 0.9865 high
746.25 225.70 138.75 69.61 0.9877 high
746.25 227.81 138.75 69.61 0.9874 high
746.25 234.14 138.75 67.50 0.9850 high
746.25 240.47 138.75 65.39 0.9831 high
742.50 246.80 142.50 61.17 0.9847 high
738.75 253.12 142.50 59.06 0.9847 high
738.75 257.34 142.50 59.06 0.9854 high
738.75 261.56 138.75 56.95 0.9886 high
738.75 263.67 138.75 56.95 0.9870 high
735.00 265.78 142.50 56.95 0.9857 high
735.00 270.00 142.50 56.95 0.9835 high
735.00 270.00 138.75 59.06 0.9834 high
731.25 272.11 142.50 59.06 0.9901 high
731.25 274.22 138.75 59.06 0.9874 high
731.25 276.33 138.75 56.95 0.9862 high
731.25 278.44 138.75 56.95 0.9899 high
727.50 280.55 142.50 56.95 0.9898 high
727.50 282.66 138.75 54.84 0.9863 high
727.50 284.77 138.75 54.84 0.9880 high
723.75 286.88 142.50 54.84 0.9868 high
723.75 286.88 138.75 56.95 0.9853 high
723.75 286.88 138.75 56.95 0.9854 high
720.00 288.98 142.50 54.84 0.9867 high
720.00 286.88 142.50 56.95 0.9894 high
716.25 286.88 142.50 56.95 0.9890 high
716.25 286.88 142.50 56.95 0.9868 high
716.25 284.77 138.75 61.17 0.9874 high
716.25 282.66 142.50 61.17 0.9865 high
716.25 282.66 142.50 59.06 0.9877 high
716.25 280.55 138.75 59.06 0.9868 high
716.25 278.44 142.50 61.17 0.9882 high
716.25 276.33 138.75 61.17 0.9891 high
712.50 274.22 142.50 61.17 0.9870 high
712.50 272.11 142.50 61.17 0.9892 high
712.50 267.89 142.50 63.28 0.9855 high
708.75 263.67 142.50 63.28 0.9879 high
712.50 261.56 138.75 63.28 0.9850 high
708.75 257.34 142.50 63.28 0.9851 high
708.75 253.12 146.25 63.28 0.9843 high
708.75 246.80 142.50 65.39 0.9847 high
708.75 244.69 146.25 63.28 0.9887 high
708.75 240.47 146.25 61.17 0.9848 high
708.75 232.03 142.50 65.39 0.9905 high
705.00 229.92 150.00 61.17 0.9856 high
708.75 225.70 146.25 59.06 0.9891 high
708.75 219.38 146.25 61.17 0.9868 high
712.50 215.16 142.50 56.95 0.9861 high
716.25 208.83 142.50 59.06 0.9873 high
712.50 202.50 146.25 59.06 0.9835 high
716.25 196.17 142.50 59.06 0.9880 high
712.50 189.84 146.25 56.95 0.9871 high
716.25 181.41 142.50 59.06 0.9834 high
716.25 172.97 146.25 61.17 0.9859 high
716.25 166.64 146.25 61.17 0.9863 high
712.50 158.20 150.00 63.28 0.9858 high
712.50 149.77 150.00 61.17 0.9828 high
712.50 139.22 150.00 63.28 0.9859 high
712.50 130.78 150.00 63.28 0.9809 high
712.50 120.23 150.00 65.39 0.9856 high
708.75 105.47 157.50 71.72 0.9850 high
716.25 80.16 150.00 90.70 0.9804 high
697.50 67.50 168.75 92.81 0.9759 high
716.25 65.39 153.75 86.48 0.9785 high
750.00 65.39 120.00 75.94 0.9891 high
746.25 63.28 123.75 69.61 0.9764 high
747.29 52.14 123.64 73.55 0.0000 coast
-100 -100 -100 -100 0.0000 coast_none
1080.00 447.19 30.00 12.66 0.9512 reinit
1080.00 447.19 30.00 12.66 0.9669 high
1080.00 447.19 30.00 12.66 0.9553 high
1080.00 447.19 30.00 12.66 0.9795 high
1076.25 445.08 33.75 14.77 0.9647 high
1076.25 445.08 33.75 14.77 0.9687 high
1080.00 447.19 26.25 12.66 0.9646 high
1080.00 447.19 26.25 10.55 0.9955 high
1080.00 447.19 30.00 12.66 0.9821 high
1080.00 447.19 26.25 12.66 0.9665 high
1080.00 447.19 30.00 12.66 0.9527 high
1080.00 447.19 30.00 12.66 0.9832 high
1080.00 447.19 30.00 12.66 0.9658 high
1080.04 447.21 30.04 12.68 0.0000 coast
-100 -100 -100 -100 0.0000 coast_none
1083.75 449.30 18.75 8.44 0.9359 high
-100 -100 -100 -100 0.0000 coast_none
-100 -100 -100 -100 0.0000 coast_none
723.75 65.39 176.25 80.16 0.9812 reinit
727.50 63.28 165.00 84.38 0.9827 high
727.50 63.28 172.50 84.38 0.9797 high
727.50 63.28 172.50 84.38 0.9812 high
727.50 63.28 165.00 82.27 0.9871 high
735.00 63.28 146.25 80.16 0.9778 high
765.00 63.28 108.75 78.05 0.9779 high
763.44 63.11 108.44 77.76 0.0000 coast
746.25 63.28 142.50 75.94 0.9814 high
731.25 63.28 157.50 73.83 0.9781 high
727.50 61.17 168.75 75.94 0.9774 high
735.00 63.28 161.25 75.94 0.9789 high
738.75 63.28 146.25 78.05 0.9816 high
731.25 63.28 153.75 84.38 0.9859 high
720.00 65.39 157.50 84.38 0.9835 high
708.75 65.39 191.25 94.92 0.9811 high
693.75 67.50 176.25 105.47 0.9825 high
678.75 71.72 187.50 109.69 0.9777 high
693.75 109.69 168.75 86.48 0.9850 high
690.00 124.45 172.50 86.48 0.9842 high
690.00 137.11 168.75 88.59 0.9827 high
686.25 149.77 168.75 90.70 0.9826 high
686.25 166.64 168.75 86.48 0.9857 high
682.50 181.41 168.75 84.38 0.9874 high
682.50 194.06 168.75 88.59 0.9869 high
678.75 206.72 168.75 86.48 0.9858 high
675.00 217.27 172.50 84.38 0.9848 high
678.75 227.81 168.75 86.48 0.9853 high
675.00 236.25 172.50 86.48 0.9838 high
675.00 242.58 172.50 84.38 0.9841 high
671.25 248.91 176.25 84.38 0.9840 high
671.25 251.02 176.25 86.48 0.9845 high
671.25 257.34 176.25 82.27 0.9839 high
671.25 259.45 176.25 84.38 0.9842 high
675.00 261.56 172.50 84.38 0.9840 high
675.00 263.67 172.50 82.27 0.9847 high
675.00 263.67 172.50 84.38 0.9848 high
675.00 263.67 172.50 84.38 0.9829 high
675.00 263.67 172.50 82.27 0.9851 high
678.75 261.56 168.75 82.27 0.9859 high
678.75 261.56 172.50 82.27 0.9853 high
678.75 259.45 172.50 84.38 0.9854 high
678.75 259.45 172.50 82.27 0.9885 high
678.75 255.23 172.50 86.48 0.9870 high
678.75 253.12 172.50 84.38 0.9859 high
678.75 251.02 172.50 84.38 0.9844 high
682.50 248.91 168.75 84.38 0.9857 high
682.50 244.69 172.50 86.48 0.9826 high
682.50 244.69 172.50 86.48 0.9826 high
682.50 242.58 172.50 86.48 0.9824 high
682.50 240.47 172.50 88.59 0.9811 high
682.50 238.36 172.50 90.70 0.9813 high
682.50 238.36 172.50 90.70 0.9804 high
682.50 238.36 172.50 90.70 0.9804 high
682.50 244.69 172.50 84.38 0.9823 high
682.50 246.80 172.50 82.27 0.9798 high
682.50 238.36 172.50 92.81 0.9787 high
682.50 242.58 172.50 88.59 0.9778 high
682.50 248.91 172.50 84.38 0.9800 high
682.50 244.69 176.25 92.81 0.9813 high
682.50 246.80 172.50 90.70 0.9786 high
682.50 251.02 172.50 90.70 0.9837 high
686.25 255.23 172.50 88.59 0.9828 high
682.50 259.45 176.25 88.59 0.9838 high
686.25 265.78 168.75 84.38 0.9865 high
686.25 272.11 168.75 82.27 0.9837 high
686.25 280.55 168.75 80.16 0.9854 high
686.25 288.98 168.75 80.16 0.9850 high
686.25 299.53 168.75 82.27 0.9841 high
686.25 310.08 168.75 78.05 0.9838 high
686.25 322.73 168.75 75.94 0.9859 high
682.50 333.28 172.50 78.05 0.9818 high
682.50 348.05 172.50 73.83 0.9844 high
678.75 360.70 176.25 73.83 0.9828 high
678.75 373.36 176.25 75.94 0.9847 high
678.75 381.80 172.50 78.05 0.9852 high
678.75 392.34 172.50 78.05 0.9842 high
678.75 396.56 172.50 84.38 0.9837 high
675.00 409.22 176.25 78.05 0.9849 high
675.00 413.44 176.25 80.16 0.9804 high
678.75 419.77 172.50 80.16 0.9792 high
678.75 426.09 176.25 75.94 0.9869 high
682.50 428.20 172.50 78.05 0.9821 high
682.50 432.42 172.50 78.05 0.9859 high
686.25 432.42 168.75 78.05 0.9846 high
686.25 434.53 168.75 78.05 0.9849 high
686.25 436.64 172.50 75.94 0.9845 high
686.25 436.64 176.25 78.05 0.9820 high
686.25 438.75 176.25 75.94 0.9832 high
686.25 438.75 176.25 75.94 0.9841 high
686.25 438.75 176.25 75.94 0.9843 high
690.00 438.75 176.25 75.94 0.9876 high
690.00 438.75 176.25 73.83 0.9856 high
693.75 438.75 172.50 73.83 0.9871 high
693.75 438.75 176.25 73.83 0.9833 high
693.75 436.64 176.25 75.94 0.9858 high
697.50 436.64 172.50 75.94 0.9867 high
697.50 436.64 176.25 71.72 0.9881 high
697.50 434.53 176.25 73.83 0.9842 high
701.25 434.53 172.50 71.72 0.9855 high
701.25 432.42 172.50 71.72 0.9890 high
697.50 430.31 176.25 71.72 0.9884 high
701.25 428.20 176.25 73.83 0.9879 high
701.25 428.20 176.25 71.72 0.9838 high
705.00 426.09 176.25 71.72 0.9864 high
705.00 423.98 180.00 71.72 0.9853 high
708.75 421.88 176.25 71.72 0.9881 high
712.50 419.77 172.50 71.72 0.9857 high
712.50 417.66 176.25 71.72 0.9874 high
712.50 415.55 176.25 71.72 0.9872 high
712.50 413.44 180.00 71.72 0.9881 high
712.50 409.22 180.00 73.83 0.9850 high
716.25 405.00 180.00 78.05 0.9857 high
720.00 400.78 176.25 78.05 0.9816 high
720.00 396.56 180.00 80.16 0.9863 high
723.75 394.45 176.25 80.16 0.9846 high
723.75 390.23 180.00 82.27 0.9839 high
723.75 386.02 183.75 86.48 0.9837 high
727.50 381.80 180.00 86.48 0.9881 high
727.50 377.58 183.75 88.59 0.9838 high
731.25 377.58 183.75 88.59 0.9858 high
731.25 375.47 183.75 88.59 0.9825 high
731.25 373.36 183.75 88.59 0.9839 high
735.00 373.36 183.75 88.59 0.9841 high
735.00 371.25 183.75 88.59 0.9847 high
735.00 371.25 187.50 86.48 0.9866 high
735.00 369.14 187.50 88.59 0.9854 high
735.00 364.92 187.50 92.81 0.9814 high
738.75 362.81 183.75 92.81 0.9760 high
738.75 360.70 187.50 92.81 0.9797 high
738.75 358.59 187.50 92.81 0.9784 high
738.75 356.48 187.50 94.92 0.9761 high
738.75 354.38 187.50 94.92 0.9763 high
738.75 354.38 187.50 97.03 0.9744 high
738.75 354.38 187.50 97.03 0.9757 high
738.75 354.38 187.50 97.03 0.9753 high
738.75 362.81 187.50 88.59 0.9771 high
738.75 356.48 187.50 94.92 0.9728 high
738.75 356.48 183.75 97.03 0.9753 high
738.75 356.48 183.75 97.03 0.9786 high
735.00 358.59 187.50 94.92 0.9817 high
735.00 354.38 187.50 99.14 0.9760 high
731.25 356.48 191.25 99.14 0.9788 high
735.00 369.14 187.50 88.59 0.9791 high
735.00 367.03 187.50 90.70 0.9751 high
738.75 371.25 180.00 88.59 0.9782 high
735.00 367.03 183.75 92.81 0.9759 high
731.25 371.25 187.50 90.70 0.9782 high
731.25 373.36 187.50 90.70 0.9817 high
735.00 375.47 180.00 92.81 0.9816 high
735.00 381.80 180.00 86.48 0.9859 high
731.25 386.02 183.75 84.38 0.9863 high
735.00 390.23 180.00 84.38 0.9855 high
735.00 394.45 180.00 80.16 0.9870 high
735.00 396.56 180.00 80.16 0.9829 high
735.00 398.67 180.00 80.16 0.9824 high
735.00 400.78 180.00 80.16 0.9853 high
735.00 402.89 180.00 78.05 0.9817 high
731.25 402.89 183.75 80.16 0.9813 high
735.00 405.00 180.00 78.05 0.9833 high
735.00 405.00 176.25 78.05 0.9832 high
735.00 407.11 180.00 75.94 0.9862 high
735.00 407.11 180.00 78.05 0.9831 high
731.25 407.11 183.75 78.05 0.9792 high
727.50 407.11 191.25 80.16 0.9832 high
727.50 409.22 191.25 80.16 0.9855 high
731.25 409.22 187.50 82.27 0.9873 high
723.75 409.22 195.00 82.27 0.9793 high
723.75 409.22 198.75 84.38 0.9844 high
720.00 409.22 202.50 84.38 0.9852 high
716.25 409.22 206.25 84.38 0.9811 high
716.25 409.22 206.25 84.38 0.9835 high
716.25 407.11 206.25 86.48 0.9872 high
720.00 407.11 202.50 86.48 0.9835 high
727.50 407.11 195.00 86.48 0.9852 high
723.75 405.00 195.00 88.59 0.9825 high
727.50 405.00 187.50 84.38 0.9851 high
731.25 405.00 180.00 84.38 0.9862 high
735.00 405.00 172.50 84.38 0.9861 high
738.75 405.00 165.00 84.38 0.9837 high
738.75 402.89 161.25 86.48 0.9864 high
738.75 402.89 161.25 84.38 0.9829 high
738.75 402.89 157.50 84.38 0.9763 high
738.75 400.78 161.25 82.27 0.9797 high
738.75 400.78 161.25 84.38 0.9798 high
738.75 398.67 157.50 86.48 0.9855 high
735.00 396.56 161.25 88.59 0.9811 high
738.75 394.45 157.50 90.70 0.9851 high
735.00 394.45 161.25 92.81 0.9846 high
735.00 394.45 161.25 90.70 0.9853 high
735.00 392.34 161.25 92.81 0.9849 high
731.25 392.34 165.00 92.81 0.9823 high
731.25 392.34 165.00 92.81 0.9848 high
735.00 390.23 157.50 92.81 0.9821 high
735.00 390.23 157.50 92.81 0.9840 high
735.00 388.12 157.50 92.81 0.9821 high
735.00 388.12 157.50 94.92 0.9840 high
738.75 386.02 153.75 97.03 0.9834 high
738.75 386.02 153.75 97.03 0.9865 high
735.00 383.91 157.50 101.25 0.9845 high
735.00 383.91 157.50 101.25 0.9836 high
738.75 383.91 153.75 101.25 0.9839 high
735.00 383.91 157.50 101.25 0.9852 high
735.00 383.91 157.50 101.25 0.9832 high
738.75 386.02 153.75 99.14 0.9827 high
738.75 386.02 153.75 101.25 0.9839 high
738.75 386.02 153.75 101.25 0.9803 high
738.75 386.02 153.75 103.36 0.9777 high
735.00 388.12 157.50 101.25 0.9815 high
738.75 388.12 153.75 103.36 0.9842 high
735.00 390.23 157.50 101.25 0.9833 high
735.00 392.34 153.75 101.25 0.9819 high
735.00 394.45 157.50 99.14 0.9854 high
738.75 394.45 153.75 99.14 0.9834 high
738.75 396.56 157.50 99.14 0.9823 high
738.75 400.78 157.50 97.03 0.9832 high
738.75 402.89 157.50 97.03 0.9833 high
742.50 405.00 153.75 97.03 0.9841 high
742.50 407.11 153.75 97.03 0.9848 high
746.25 409.22 150.00 97.03 0.9803 high
746.25 411.33 153.75 94.92 0.9862 high
750.00 413.44 150.00 97.03 0.9837 high
750.00 415.55 150.00 97.03 0.9829 high
753.75 417.66 150.00 97.03 0.9792 high
757.50 419.77 146.25 97.03 0.9824 high
753.75 421.88 150.00 97.03 0.9787 high
753.75 423.98 153.75 94.92 0.9804 high
753.75 428.20 153.75 94.92 0.9792 high
753.75 430.31 150.00 94.92 0.9830 high
753.75 432.42 153.75 97.03 0.9842 high
757.50 436.64 157.50 92.81 0.9850 high
757.50 438.75 157.50 92.81 0.9857 high
757.50 445.08 161.25 90.70 0.9862 high
761.25 447.19 157.50 92.81 0.9818 high
765.00 451.41 153.75 90.70 0.9831 high
765.00 455.62 157.50 88.59 0.9828 high
768.75 459.84 153.75 88.59 0.9831 high
776.25 464.06 150.00 86.48 0.9854 high
776.25 468.28 150.00 84.38 0.9860 high
783.75 470.39 146.25 86.48 0.9856 high
783.75 474.61 146.25 86.48 0.9847 high
783.75 478.83 150.00 82.27 0.9875 high
787.50 483.05 146.25 80.16 0.9863 high
791.25 487.27 146.25 82.27 0.9836 high
791.25 491.48 146.25 80.16 0.9852 high
795.00 497.81 146.25 75.94 0.9858 high
795.00 502.03 146.25 73.83 0.9858 high
798.75 506.25 146.25 73.83 0.9850 high
798.75 510.47 146.25 69.61 0.9830 high
802.50 514.69 146.25 67.50 0.9862 high
802.50 516.80 146.25 69.61 0.9867 high
806.25 521.02 146.25 67.50 0.9879 high
806.25 523.12 146.25 67.50 0.9867 high
806.25 525.23 146.25 65.39 0.9868 high
810.00 527.34 150.00 67.50 0.9873 high
813.75 529.45 146.25 65.39 0.9859 high
813.75 529.45 146.25 67.50 0.9873 high
817.50 531.56 142.50 67.50 0.9865 high
817.50 531.56 142.50 67.50 0.9874 high
821.25 531.56 142.50 69.61 0.9867 high
821.25 533.67 142.50 69.61 0.9856 high
821.25 533.67 142.50 69.61 0.9867 high
821.25 531.56 142.50 71.72 0.9864 high
825.00 531.56 138.75 73.83 0.9804 high
825.00 531.56 142.50 71.72 0.9865 high
825.00 533.67 142.50 71.72 0.9844 high
828.75 533.67 142.50 73.83 0.9860 high
828.75 535.78 138.75 71.72 0.9872 high
828.75 535.78 142.50 71.72 0.9869 high
832.50 535.78 142.50 69.61 0.9829 high
832.50 537.89 142.50 67.50 0.9854 high
832.50 537.89 142.50 67.50 0.9876 high
832.50 537.89 146.25 67.50 0.9816 high
832.50 537.89 150.00 67.50 0.9869 high
836.25 537.89 146.25 67.50 0.9917 high
836.25 537.89 146.25 67.50 0.9905 high
836.25 537.89 150.00 67.50 0.9876 high
836.25 535.78 150.00 67.50 0.9875 high
840.00 535.78 150.00 65.39 0.9875 high
840.00 533.67 150.00 67.50 0.9866 high
843.75 533.67 146.25 65.39 0.9910 high
843.75 531.56 146.25 67.50 0.9845 high
843.75 529.45 146.25 67.50 0.9860 high
843.75 529.45 150.00 67.50 0.9873 high
847.50 527.34 146.25 67.50 0.9887 high
843.75 525.23 150.00 67.50 0.9871 high
847.50 523.12 146.25 67.50 0.9895 high
847.50 521.02 146.25 67.50 0.9873 high
843.75 518.91 150.00 69.61 0.9839 high
847.50 514.69 146.25 69.61 0.9866 high
847.50 512.58 146.25 69.61 0.9883 high
847.50 508.36 146.25 73.83 0.9823 high
847.50 506.25 146.25 73.83 0.9865 high
847.50 502.03 150.00 75.94 0.9838 high
847.50 499.92 146.25 73.83 0.9838 high
847.50 495.70 150.00 71.72 0.9871 high
847.50 493.59 146.25 75.94 0.9825 high
851.25 489.38 146.25 75.94 0.9845 high
847.50 485.16 153.75 80.16 0.9822 high
851.25 478.83 150.00 82.27 0.9824 high
851.25 474.61 150.00 86.48 0.9855 high
851.25 468.28 153.75 88.59 0.9836 high
851.25 464.06 153.75 92.81 0.9855 high
855.00 461.95 150.00 92.81 0.9821 high
855.00 457.73 150.00 94.92 0.9820 high
855.00 455.62 150.00 97.03 0.9830 high
855.00 451.41 150.00 99.14 0.9809 high
855.00 451.41 150.00 97.03 0.9832 high
851.25 449.30 153.75 97.03 0.9826 high
858.75 447.19 146.25 99.14 0.9829 high
855.00 445.08 150.00 99.14 0.9834 high
855.00 445.08 153.75 97.03 0.9829 high
855.00 442.97 153.75 97.03 0.9820 high
858.75 445.08 150.00 94.92 0.9830 high
858.75 445.08 150.00 92.81 0.9854 high
858.75 447.19 150.00 88.59 0.9871 high
858.75 449.30 150.00 86.48 0.9854 high
855.00 449.30 153.75 84.38 0.9862 high
855.00 451.41 157.50 78.05 0.9840 high
855.00 451.41 153.75 78.05 0.9867 high
855.00 451.41 153.75 73.83 0.9822 high
855.00 451.41 153.75 73.83 0.9819 high
855.00 449.30 153.75 75.94 0.9827 high
855.00 449.30 153.75 75.94 0.9866 high
855.00 447.19 153.75 75.94 0.9857 high
855.00 445.08 153.75 75.94 0.9851 high
851.25 445.08 157.50 73.83 0.9855 high
847.50 440.86 165.00 75.94 0.9812 high
851.25 438.75 157.50 75.94 0.9855 high
847.50 436.64 161.25 78.05 0.9832 high
843.75 434.53 161.25 78.05 0.9862 high
847.50 430.31 157.50 78.05 0.9778 high
843.75 428.20 161.25 78.05 0.9871 high
840.00 423.98 161.25 78.05 0.9847 high
840.00 421.88 161.25 78.05 0.9804 high
840.00 419.77 161.25 78.05 0.9862 high
836.25 415.55 161.25 78.05 0.9872 high
832.50 411.33 161.25 78.05 0.9849 high
832.50 409.22 161.25 78.05 0.9864 high
828.75 402.89 161.25 80.16 0.9798 high
825.00 400.78 165.00 78.05 0.9822 high
825.00 396.56 165.00 80.16 0.9891 high
821.25 392.34 165.00 80.16 0.9837 high
817.50 386.02 168.75 82.27 0.9843 high
813.75 381.80 168.75 82.27 0.9854 high
813.75 377.58 165.00 82.27 0.9844 high
813.75 373.36 165.00 82.27 0.9868 high
810.00 369.14 165.00 80.16 0.9860 high
806.25 362.81 168.75 84.38 0.9802 high
806.25 358.59 165.00 80.16 0.9849 high
802.50 352.27 168.75 82.27 0.9803 high
802.50 348.05 165.00 80.16 0.9823 high
795.00 341.72 172.50 84.38 0.9833 high
795.00 335.39 168.75 84.38 0.9820 high
791.25 331.17 172.50 82.27 0.9823 high
787.50 322.73 172.50 86.48 0.9876 high
787.50 318.52 172.50 86.48 0.9852 high
780.00 312.19 176.25 82.27 0.9803 high
776.25 305.86 176.25 84.38 0.9858 high
772.50 299.53 180.00 84.38 0.9822 high
768.75 293.20 180.00 86.48 0.9882 high
768.75 284.77 180.00 90.70 0.9844 high
765.00 278.44 180.00 88.59 0.9838 high
761.25 270.00 183.75 92.81 0.9859 high
757.50 261.56 187.50 92.81 0.9851 high
753.75 253.12 187.50 97.03 0.9862 high
750.00 244.69 187.50 99.14 0.9851 high
746.25 236.25 187.50 97.03 0.9859 high
746.25 225.70 187.50 99.14 0.9816 high
738.75 217.27 191.25 103.36 0.9846 high
738.75 206.72 191.25 105.47 0.9845 high
731.25 196.17 195.00 109.69 0.9839 high
731.25 187.73 191.25 109.69 0.9839 high
727.50 177.19 195.00 116.02 0.9835 high
723.75 168.75 195.00 116.02 0.9804 high
723.75 160.31 195.00 116.02 0.9832 high
720.00 149.77 195.00 118.12 0.9799 high
712.50 139.22 202.50 120.23 0.9798 high
708.75 128.67 206.25 124.45 0.9765 high
716.25 116.02 195.00 128.67 0.9794 high
723.75 105.47 183.75 132.89 0.9738 high
720.00 92.81 187.50 139.22 0.9729 high
