1090.00 395.16 37.50 18.28 1.0000 init
1090.00 395.16 37.50 18.28 0.0000 coast
1102.50 403.59 20.00 8.44 1.0000 high
1104.52 404.96 17.18 6.85 0.0000 coast
-100 -100 -100 -100 0.0000 coast_none
1087.50 414.84 40.00 19.69 1.0000 reinit
1097.50 419.06 30.00 11.25 1.0000 high
1098.24 419.38 29.26 10.62 0.0000 coast
-100 -100 -100 -100 0.0000 coast_none
667.50 360.00 32.50 15.47 1.0000 reinit
-100 -100 -100 -100 0.0000 coast_none
665.00 368.44 32.50 21.09 1.0000 high
667.50 372.66 30.00 14.06 1.0000 high
667.50 376.88 32.50 15.47 1.0000 high
665.00 381.09 32.50 21.09 1.0000 high
665.00 385.31 32.50 18.28 1.0000 high
-100 -100 -100 -100 0.0000 coast_none
662.50 392.34 35.00 21.09 1.0000 high
665.00 396.56 32.50 19.69 1.0000 high
665.00 400.78 32.50 12.66 1.0000 high
662.50 405.00 37.50 19.69 1.0000 high
662.77 408.63 36.47 18.17 0.0000 coast
662.50 413.44 35.00 19.69 1.0000 high
662.50 417.66 35.00 18.28 1.0000 high
662.05 421.45 35.51 18.78 0.0000 coast
662.50 426.09 35.00 23.91 1.0000 high
662.50 428.91 35.00 18.28 1.0000 high
662.13 433.18 35.29 20.04 0.0000 coast
662.50 437.34 27.50 14.06 1.0000 high
665.00 441.56 27.50 9.84 1.0000 high
667.50 445.78 20.00 7.03 1.0000 high
666.93 449.70 20.88 6.87 0.0000 coast
-100 -100 -100 -100 0.0000 coast_none
402.50 316.41 52.50 30.94 1.0000 reinit
402.50 316.41 52.50 30.94 0.0000 coast
-100 -100 -100 -100 0.0000 coast_none
602.50 98.44 47.50 30.94 1.0000 reinit
602.50 98.44 47.50 30.94 1.0000 high
602.50 97.03 47.50 30.94 1.0000 high
602.50 97.03 47.50 30.94 1.0000 high
602.50 97.03 47.50 29.53 1.0000 high
602.50 95.62 47.50 30.94 1.0000 high
602.50 94.22 47.50 30.94 1.0000 high
602.50 94.22 50.00 30.94 1.0000 high
602.50 92.81 50.00 30.94 1.0000 high
602.50 91.41 50.00 32.34 1.0000 high
602.50 91.41 50.00 32.34 1.0000 high
602.50 90.00 50.00 32.34 1.0000 high
602.50 88.59 50.00 32.34 1.0000 high
602.50 87.19 47.50 33.75 1.0000 high
602.50 87.19 47.50 33.75 1.0000 high
602.50 85.78 50.00 33.75 1.0000 high
602.50 85.78 47.50 32.34 1.0000 high
602.50 85.78 47.50 32.34 1.0000 high
602.50 84.38 47.50 33.75 1.0000 high
602.50 84.38 47.50 33.75 1.0000 high
602.50 84.38 47.50 33.75 1.0000 high
602.50 82.97 47.50 35.16 1.0000 high
602.50 82.97 47.50 35.16 1.0000 high
602.50 82.97 47.50 33.75 1.0000 high
602.50 82.97 47.50 33.75 1.0000 high
602.50 82.97 50.00 33.75 1.0000 high
602.50 82.97 50.00 33.75 1.0000 high
602.50 82.97 50.00 33.75 1.0000 high
602.50 82.97 50.00 33.75 1.0000 high
602.50 82.97 50.00 35.16 1.0000 high
602.50 82.97 50.00 35.16 1.0000 high
602.50 82.97 50.00 35.16 1.0000 high
602.50 82.97 50.00 35.16 1.0000 high
602.50 82.97 50.00 35.16 1.0000 high
602.50 82.97 47.50 35.16 1.0000 high
602.50 82.97 47.50 35.16 1.0000 high
602.50 82.97 47.50 36.56 1.0000 high
602.50 82.97 47.50 36.56 1.0000 high
602.50 82.97 47.50 36.56 1.0000 high
602.50 82.97 47.50 36.56 1.0000 high
602.50 82.97 47.50 36.56 1.0000 high
602.50 82.97 47.50 36.56 1.0000 high
602.50 81.56 47.50 37.97 1.0000 high
602.50 81.56 47.50 37.97 1.0000 high
600.00 81.56 50.00 37.97 1.0000 high
600.00 81.56 50.00 37.97 1.0000 high
600.00 81.56 50.00 37.97 1.0000 high
600.00 81.56 50.00 37.97 1.0000 high
600.00 80.16 50.00 39.38 1.0000 high
600.00 80.16 50.00 39.38 1.0000 high
600.00 80.16 50.00 39.38 1.0000 high
600.00 80.16 50.00 39.38 1.0000 high
600.00 78.75 50.00 40.78 1.0000 high
600.00 75.94 50.00 39.38 1.0000 high
600.00 73.12 50.00 39.38 1.0000 high
600.00 68.91 50.00 39.38 1.0000 high
600.00 64.69 50.00 40.78 1.0000 high
600.00 60.47 50.00 40.78 1.0000 high
600.00 57.66 50.00 40.78 1.0000 high
600.00 54.84 50.00 40.78 1.0000 high
597.50 50.62 52.50 40.78 1.0000 high
597.50 47.81 52.50 40.78 1.0000 high
597.50 45.00 52.50 40.78 1.0000 high
597.50 40.78 52.50 42.19 1.0000 high
597.50 37.97 52.50 40.78 1.0000 high
597.50 36.56 52.50 33.75 1.0000 high
597.50 32.34 52.50 40.78 1.0000 high
597.50 29.53 52.50 42.19 1.0000 high
597.50 26.72 52.50 40.78 1.0000 high
597.28 24.10 52.72 41.08 0.0000 coast
597.50 21.09 52.50 42.19 1.0000 high
597.50 18.28 52.50 42.19 1.0000 high
597.34 15.56 52.65 42.39 0.0000 coast
597.50 14.06 52.50 42.19 1.0000 high
597.37 11.13 52.63 42.45 0.0000 coast
597.50 5.62 52.50 26.72 1.0000 high
597.40 3.35 52.60 29.00 0.0000 coast
612.50 2.81 37.50 26.72 1.0000 high
-100 -100 -100 -100 0.0000 coast_none
605.00 1.41 45.00 30.94 1.0000 high
606.48 -1.50 43.52 29.43 0.0000 coast
597.50 1.41 52.50 33.75 1.0000 high
597.50 1.41 52.50 40.78 1.0000 high
597.50 0.00 52.50 40.78 1.0000 high
597.50 1.41 52.50 39.38 1.0000 high
597.50 1.41 52.50 37.97 1.0000 high
597.50 0.00 52.50 39.38 1.0000 high
600.00 0.00 50.00 37.97 1.0000 high
600.00 0.00 50.00 37.97 1.0000 high
602.50 0.00 47.50 39.38 1.0000 high
600.00 0.00 50.00 39.38 1.0000 high
600.00 0.00 50.00 39.38 1.0000 high
600.00 0.00 50.00 39.38 1.0000 high
600.00 0.00 50.00 39.38 1.0000 high
597.50 0.00 50.00 39.38 1.0000 high
597.50 0.00 50.00 39.38 1.0000 high
597.50 0.00 50.00 39.38 1.0000 high
597.50 0.00 50.00 39.38 1.0000 high
595.00 0.00 52.50 39.38 1.0000 high
597.50 0.00 50.00 39.38 1.0000 high
592.50 0.00 55.00 39.38 1.0000 high
592.50 0.00 55.00 39.38 1.0000 high
595.00 1.41 50.00 36.56 1.0000 high
595.00 1.41 50.00 36.56 1.0000 high
592.50 1.41 52.50 36.56 1.0000 high
595.00 1.41 50.00 35.16 1.0000 high
592.50 1.41 52.50 32.34 1.0000 high
592.50 1.41 52.50 33.75 1.0000 high
595.00 1.41 50.00 32.34 1.0000 high
592.50 1.41 52.50 33.75 1.0000 high
592.67 1.42 52.05 32.84 0.0000 coast
595.00 0.00 47.50 33.75 1.0000 high
595.00 0.00 47.50 33.75 1.0000 high
600.00 0.00 42.50 33.75 1.0000 high
595.00 0.00 47.50 32.34 1.0000 high
595.00 0.00 47.50 33.75 1.0000 high
595.38 -0.15 46.72 33.13 0.0000 coast
595.36 -0.24 46.50 32.96 0.0000 coast
595.00 0.00 50.00 18.28 1.0000 high
595.00 1.41 50.00 12.66 1.0000 high
594.94 0.94 49.99 12.84 0.0000 coast
594.88 0.98 50.13 10.94 0.0000 coast
592.50 0.00 52.50 39.38 1.0000 reinit
595.00 0.00 50.00 40.78 1.0000 high
595.00 1.41 50.00 40.78 1.0000 high
597.50 1.41 47.50 42.19 1.0000 high
598.05 1.87 46.95 42.50 0.0000 coast
590.00 1.41 57.50 46.41 1.0000 high
590.29 1.76 57.40 47.24 0.0000 coast
589.44 2.00 58.77 48.50 0.0000 coast
592.50 4.22 55.00 26.72 1.0000 high
592.50 7.03 57.50 28.12 1.0000 high
591.88 6.95 58.10 26.95 0.0000 coast
591.55 7.65 58.98 25.58 0.0000 coast
595.00 16.88 55.00 50.62 1.0000 reinit
595.00 21.09 55.00 26.72 1.0000 high
595.00 21.41 55.00 24.94 0.0000 coast
597.50 29.53 55.00 25.31 1.0000 high
597.50 32.34 55.00 37.97 1.0000 high
600.00 37.97 55.00 47.81 1.0000 high
600.00 40.78 55.00 47.81 1.0000 high
600.97 44.25 55.00 49.73 0.0000 coast
602.50 49.22 55.00 46.41 1.0000 high
602.50 53.44 52.50 46.41 1.0000 high
605.00 57.66 52.50 46.41 1.0000 high
607.50 61.88 52.50 46.41 1.0000 high
607.50 66.09 52.50 45.00 1.0000 high
607.50 71.72 55.00 43.59 1.0000 high
610.00 74.53 52.50 45.00 1.0000 high
610.00 77.34 52.50 45.00 1.0000 high
612.50 82.97 50.00 43.59 1.0000 high
612.50 87.19 52.50 43.59 1.0000 high
615.00 90.00 52.50 43.59 1.0000 high
615.00 94.22 52.50 43.59 1.0000 high
617.50 98.44 50.00 42.19 1.0000 high
617.50 101.25 52.50 42.19 1.0000 high
617.50 105.47 55.00 42.19 1.0000 high
620.00 108.28 52.50 42.19 1.0000 high
620.00 112.50 52.50 40.78 1.0000 high
622.50 115.31 52.50 40.78 1.0000 high
622.50 118.12 52.50 42.19 1.0000 high
622.50 122.34 50.00 40.78 1.0000 high
625.00 126.56 50.00 39.38 1.0000 high
625.00 129.38 50.00 40.78 1.0000 high
627.50 133.59 50.00 39.38 1.0000 high
627.50 136.41 50.00 39.38 1.0000 high
630.00 140.62 50.00 37.97 1.0000 high
630.00 143.44 50.00 39.38 1.0000 high
632.50 146.25 50.00 37.97 1.0000 high
632.50 149.06 50.00 37.97 1.0000 high
635.00 153.28 47.50 37.97 1.0000 high
635.00 156.09 50.00 37.97 1.0000 high
637.50 158.91 47.50 37.97 1.0000 high
637.50 161.72 50.00 37.97 1.0000 high
637.50 164.53 50.00 36.56 1.0000 high
640.00 167.34 47.50 36.56 1.0000 high
640.00 170.16 50.00 35.16 1.0000 high
642.50 172.97 50.00 35.16 1.0000 high
642.50 175.78 50.00 35.16 1.0000 high
645.00 177.19 47.50 36.56 1.0000 high
647.50 178.59 47.50 36.56 1.0000 high
647.50 181.41 47.50 36.56 1.0000 high
647.50 184.22 50.00 35.16 1.0000 high
650.00 187.03 50.00 35.16 1.0000 high
652.50 188.44 50.00 35.16 1.0000 high
652.50 191.25 50.00 35.16 1.0000 high
655.00 192.66 47.50 35.16 1.0000 high
655.00 195.47 52.50 35.16 1.0000 high
657.50 196.88 47.50 35.16 1.0000 high
657.50 198.28 50.00 35.16 1.0000 high
660.00 201.09 50.00 35.16 1.0000 high
662.50 202.50 50.00 35.16 1.0000 high
662.50 205.31 50.00 33.75 1.0000 high
665.00 206.72 47.50 33.75 1.0000 high
665.00 208.12 50.00 33.75 1.0000 high
667.50 209.53 50.00 33.75 1.0000 high
670.00 210.94 50.00 33.75 1.0000 high
670.00 212.34 52.50 33.75 1.0000 high
672.50 213.75 50.00 33.75 1.0000 high
675.00 216.56 47.50 33.75 1.0000 high
677.50 217.97 47.50 32.34 1.0000 high
677.50 219.38 50.00 33.75 1.0000 high
680.00 220.78 50.00 32.34 1.0000 high
682.50 222.19 50.00 32.34 1.0000 high
685.00 223.59 50.00 32.34 1.0000 high
687.50 223.59 50.00 33.75 1.0000 high
687.50 225.00 52.50 33.75 1.0000 high
690.00 226.41 52.50 32.34 1.0000 high
692.50 226.41 50.00 33.75 1.0000 high
695.00 229.22 52.50 32.34 1.0000 high
697.50 229.22 50.00 32.34 1.0000 high
700.00 230.62 50.00 32.34 1.0000 high
702.50 230.62 50.00 33.75 1.0000 high
705.00 232.03 50.00 32.34 1.0000 high
707.50 233.44 50.00 32.34 1.0000 high
710.00 233.44 50.00 33.75 1.0000 high
712.50 234.84 52.50 32.34 1.0000 high
715.00 234.84 50.00 33.75 1.0000 high
715.00 234.84 52.50 35.16 1.0000 high
720.00 236.25 52.50 33.75 1.0000 high
722.50 237.66 52.50 32.34 1.0000 high
725.00 239.06 52.50 32.34 1.0000 high
727.50 239.06 52.50 33.75 1.0000 high
730.00 240.47 52.50 32.34 1.0000 high
735.00 240.47 50.00 32.34 1.0000 high
735.00 241.88 52.50 32.34 1.0000 high
740.00 241.88 52.50 33.75 1.0000 high
742.50 243.28 50.00 32.34 1.0000 high
745.00 244.69 52.50 30.94 1.0000 high
747.50 244.69 55.00 32.34 1.0000 high
750.00 244.69 55.00 33.75 1.0000 high
752.50 246.09 52.50 32.34 1.0000 high
755.00 246.09 52.50 32.34 1.0000 high
757.50 246.09 52.50 33.75 1.0000 high
757.50 247.50 52.50 32.34 1.0000 high
760.00 247.50 55.00 32.34 1.0000 high
762.50 247.50 55.00 33.75 1.0000 high
765.00 247.50 52.50 33.75 1.0000 high
765.00 248.91 55.00 32.34 1.0000 high
767.50 248.91 52.50 32.34 1.0000 high
767.50 248.91 52.50 32.34 1.0000 high
770.00 248.91 55.00 33.75 1.0000 high
770.00 250.31 55.00 32.34 1.0000 high
772.50 248.91 52.50 33.75 1.0000 high
772.50 248.91 55.00 33.75 1.0000 high
775.00 250.31 55.00 32.34 1.0000 high
775.00 248.91 55.00 33.75 1.0000 high
777.50 248.91 55.00 33.75 1.0000 high
780.00 248.91 52.50 33.75 1.0000 high
777.50 250.31 57.50 32.34 1.0000 high
780.00 248.91 55.00 32.34 1.0000 high
782.50 247.50 55.00 33.75 1.0000 high
782.50 246.09 55.00 35.16 1.0000 high
782.50 246.09 55.00 35.16 1.0000 high
782.50 246.09 55.00 35.16 1.0000 high
782.50 246.09 55.00 33.75 1.0000 high
785.00 244.69 52.50 33.75 1.0000 high
782.50 244.69 55.00 33.75 1.0000 high
780.00 243.28 55.00 33.75 1.0000 high
777.50 241.88 55.00 33.75 1.0000 high
777.50 240.47 55.00 33.75 1.0000 high
777.50 239.06 55.00 33.75 1.0000 high
772.50 239.06 57.50 32.34 1.0000 high
772.50 236.25 55.00 35.16 1.0000 high
772.50 233.44 55.00 35.16 1.0000 high
770.00 233.44 57.50 33.75 1.0000 high
770.00 230.62 57.50 35.16 1.0000 high
770.00 229.22 55.00 33.75 1.0000 high
767.50 227.81 57.50 35.16 1.0000 high
767.50 226.41 57.50 33.75 1.0000 high
767.50 223.59 57.50 35.16 1.0000 high
767.50 222.19 57.50 35.16 1.0000 high
765.00 220.78 55.00 35.16 1.0000 high
762.50 219.38 57.50 35.16 1.0000 high
765.00 217.97 55.00 33.75 1.0000 high
765.00 215.16 57.50 35.16 1.0000 high
765.00 213.75 55.00 35.16 1.0000 high
762.50 210.94 55.00 35.16 1.0000 high
760.00 209.53 57.50 35.16 1.0000 high
762.50 208.12 55.00 35.16 1.0000 high
762.50 205.31 57.50 36.56 1.0000 high
762.50 203.91 60.00 36.56 1.0000 high
762.50 202.50 55.00 36.56 1.0000 high
760.00 199.69 60.00 36.56 1.0000 high
765.00 198.28 55.00 36.56 1.0000 high
767.50 196.88 55.00 36.56 1.0000 high
765.00 196.88 57.50 36.56 1.0000 high
762.50 195.47 57.50 36.56 1.0000 high
760.00 194.06 57.50 36.56 1.0000 high
762.50 192.66 57.50 36.56 1.0000 high
765.00 189.84 60.00 37.97 1.0000 high
765.00 189.84 60.00 36.56 1.0000 high
762.50 188.44 60.00 37.97 1.0000 high
762.50 188.44 57.50 36.56 1.0000 high
767.50 187.03 57.50 36.56 1.0000 high
767.50 185.62 60.00 37.97 1.0000 high
767.50 185.62 57.50 36.56 1.0000 high
767.50 185.62 57.50 36.56 1.0000 high
765.00 184.22 57.50 37.97 1.0000 high
770.00 182.81 57.50 37.97 1.0000 high
772.50 182.81 60.00 37.97 1.0000 high
772.50 182.81 57.50 39.38 1.0000 high
767.50 184.22 60.00 37.97 1.0000 high
770.00 184.22 55.00 37.97 1.0000 high
772.50 184.22 57.50 37.97 1.0000 high
775.00 184.22 57.50 37.97 1.0000 high
777.50 184.22 55.00 37.97 1.0000 high
775.00 185.62 55.00 37.97 1.0000 high
775.00 187.03 57.50 37.97 1.0000 high
777.50 187.03 57.50 37.97 1.0000 high
782.50 187.03 55.00 39.38 1.0000 high
785.00 188.44 55.00 39.38 1.0000 high
785.00 189.84 55.00 37.97 1.0000 high
785.00 189.84 55.00 39.38 1.0000 high
787.50 191.25 57.50 37.97 1.0000 high
792.50 191.25 55.00 37.97 1.0000 high
792.50 192.66 57.50 37.97 1.0000 high
792.50 192.66 57.50 39.38 1.0000 high
795.00 194.06 52.50 39.38 1.0000 high
792.50 194.06 60.00 39.38 1.0000 high
797.50 194.06 52.50 39.38 1.0000 high
797.50 194.06 57.50 39.38 1.0000 high
795.00 195.47 55.00 37.97 1.0000 high
797.50 195.47 55.00 39.38 1.0000 high
797.50 196.88 52.50 37.97 1.0000 high
797.50 195.47 55.00 39.38 1.0000 high
795.00 196.88 52.50 37.97 1.0000 high
792.50 196.88 57.50 37.97 1.0000 high
787.50 196.88 52.50 37.97 1.0000 high
787.50 196.88 52.50 37.97 1.0000 high
785.00 196.88 50.00 37.97 1.0000 high
780.00 196.88 50.00 37.97 1.0000 high
777.50 196.88 47.50 37.97 1.0000 high
770.00 196.88 50.00 37.97 1.0000 high
767.50 196.88 50.00 37.97 1.0000 high
762.50 196.88 50.00 37.97 1.0000 high
757.50 195.47 47.50 39.38 1.0000 high
752.50 195.47 50.00 37.97 1.0000 high
747.50 195.47 47.50 37.97 1.0000 high
742.50 194.06 47.50 39.38 1.0000 high
737.50 194.06 47.50 39.38 1.0000 high
735.00 194.06 47.50 37.97 1.0000 high
732.50 194.06 47.50 37.97 1.0000 high
730.00 194.06 45.00 37.97 1.0000 high
725.00 194.06 47.50 37.97 1.0000 high
727.50 194.06 45.00 37.97 1.0000 high
727.50 194.06 47.50 37.97 1.0000 high
730.00 195.47 45.00 37.97 1.0000 high
727.50 196.88 47.50 36.56 1.0000 high
730.00 196.88 47.50 37.97 1.0000 high
732.50 199.69 47.50 35.16 1.0000 high
735.00 199.69 47.50 36.56 1.0000 high
740.00 201.09 45.00 36.56 1.0000 high
742.50 202.50 45.00 36.56 1.0000 high
747.50 203.91 45.00 35.16 1.0000 high
750.00 205.31 45.00 36.56 1.0000 high
755.00 206.72 45.00 35.16 1.0000 high
760.00 209.53 45.00 35.16 1.0000 high
765.00 210.94 42.50 33.75 1.0000 high
767.50 212.34 42.50 33.75 1.0000 high
770.00 213.75 45.00 35.16 1.0000 high
775.00 216.56 45.00 33.75 1.0000 high
780.00 217.97 42.50 33.75 1.0000 high
785.00 220.78 42.50 33.75 1.0000 high
787.50 223.59 42.50 32.34 1.0000 high
792.50 223.59 42.50 35.16 1.0000 high
795.00 226.41 45.00 33.75 1.0000 high
800.00 229.22 45.00 32.34 1.0000 high
805.00 232.03 42.50 32.34 1.0000 high
807.50 233.44 42.50 33.75 1.0000 high
810.00 236.25 42.50 32.34 1.0000 high
815.00 237.66 42.50 30.94 1.0000 high
820.00 240.47 42.50 30.94 1.0000 high
822.50 241.88 42.50 30.94 1.0000 high
825.00 244.69 40.00 30.94 1.0000 high
827.50 246.09 42.50 30.94 1.0000 high
832.50 247.50 42.50 30.94 1.0000 high
835.00 247.50 42.50 32.34 1.0000 high
840.00 250.31 40.00 30.94 1.0000 high
840.00 253.12 40.00 29.53 1.0000 high
842.50 254.53 40.00 29.53 1.0000 high
847.50 255.94 40.00 28.12 1.0000 high
847.50 257.34 42.50 28.12 1.0000 high
850.00 257.34 42.50 29.53 1.0000 high
850.00 258.75 42.50 29.53 1.0000 high
852.50 260.16 42.50 29.53 1.0000 high
855.00 261.56 42.50 28.12 1.0000 high
857.50 262.97 40.00 26.72 1.0000 high
860.00 264.38 40.00 26.72 1.0000 high
860.00 265.78 40.00 26.72 1.0000 high
862.50 265.78 37.50 26.72 1.0000 high
862.50 267.19 37.50 26.72 1.0000 high
862.50 267.19 37.50 26.72 1.0000 high
862.50 268.59 37.50 26.72 1.0000 high
860.00 268.59 40.00 26.72 1.0000 high
862.50 270.00 37.50 26.72 1.0000 high
860.00 270.00 40.00 26.72 1.0000 high
860.00 270.00 37.50 28.12 1.0000 high
860.00 271.41 37.50 26.72 1.0000 high
860.00 272.81 35.00 26.72 1.0000 high
857.50 272.81 37.50 26.72 1.0000 high
857.50 274.22 37.50 26.72 1.0000 high
855.00 275.62 37.50 25.31 1.0000 high
855.00 277.03 37.50 23.91 1.0000 high
852.50 277.03 37.50 25.31 1.0000 high
852.50 278.44 35.00 25.31 1.0000 high
850.00 279.84 35.00 23.91 1.0000 high
847.50 279.84 37.50 25.31 1.0000 high
847.50 281.25 35.00 23.91 1.0000 high
847.50 282.66 32.50 23.91 1.0000 high
845.00 284.06 35.00 22.50 1.0000 high
842.50 284.06 32.50 22.50 1.0000 high
840.00 285.47 35.00 22.50 1.0000 high
837.50 285.47 35.00 23.91 1.0000 high
