1158.75 160.31 60.00 54.84 1.0000 init
1158.75 160.31 60.00 54.84 1.0000 high
1155.00 172.97 63.75 54.84 1.0000 high
1155.00 175.08 63.75 52.73 1.0000 high
1158.75 187.73 56.25 50.62 1.0000 high
1158.75 187.73 56.25 50.62 1.0000 high
1155.00 202.50 60.00 46.41 1.0000 high
1155.00 202.50 56.25 46.41 1.0000 high
1155.00 217.27 56.25 44.30 1.0000 high
1155.00 217.27 56.25 44.30 1.0000 high
1151.25 232.03 60.00 37.97 1.0000 high
1151.25 232.03 60.00 37.97 1.0000 high
1151.25 246.80 56.25 31.64 1.0000 high
1151.25 246.80 56.25 33.75 1.0000 high
1151.25 255.23 52.50 31.64 1.0000 high
1151.25 257.34 52.50 29.53 1.0000 high
1147.50 265.78 52.50 31.64 1.0000 high
1147.50 265.78 52.50 31.64 1.0000 high
1146.83 273.72 51.70 29.51 0.0000 coast
1146.09 279.62 51.16 28.27 0.0000 coast
1147.50 280.55 48.75 29.53 1.0000 high
1147.50 280.55 48.75 29.53 1.0000 high
1143.75 282.66 52.50 33.75 1.0000 high
1143.75 282.66 52.50 31.64 1.0000 high
1143.09 288.79 51.72 31.18 0.0000 coast
1155.00 284.77 37.50 27.42 1.0000 high
-100 -100 -100 -100 0.0000 coast_none
-100 -100 -100 -100 0.0000 coast_none
-100 -100 -100 -100 0.0000 coast_none
-100 -100 -100 -100 0.0000 coast_none
-100 -100 -100 -100 0.0000 coast_none
-100 -100 -100 -100 0.0000 coast_none
757.50 531.56 15.00 8.44 1.0000 reinit
757.50 529.45 15.00 10.55 1.0000 high
757.50 529.45 15.00 12.66 1.0000 high
757.50 531.56 15.00 8.44 1.0000 high
757.50 531.56 11.25 6.33 0.9961 high
757.50 531.56 11.25 8.44 1.0000 high
-100 -100 -100 -100 0.0000 coast_none
-100 -100 -100 -100 0.0000 coast_none
1023.75 324.84 56.25 35.86 1.0000 reinit
1020.00 324.84 63.75 35.86 1.0000 high
1019.72 324.84 64.31 35.86 0.0000 coast
993.75 326.95 63.75 37.97 1.0000 high
989.75 327.22 65.03 38.24 0.0000 coast
967.50 331.17 60.00 33.75 1.0000 high
959.96 331.78 60.89 34.19 0.0000 coast
937.50 333.28 60.00 37.97 1.0000 high
927.99 334.40 59.99 37.53 0.0000 coast
903.75 333.28 63.75 37.97 1.0000 high
893.04 334.62 63.33 38.20 0.0000 coast
870.00 337.50 63.75 29.53 1.0000 high
847.50 339.61 60.00 23.20 1.0000 high
847.50 339.61 60.00 23.20 1.0000 high
817.50 348.05 56.25 27.42 1.0000 high
817.50 348.05 56.25 27.42 1.0000 high
800.03 349.64 56.01 25.94 0.0000 coast
786.03 351.42 55.48 25.28 0.0000 coast
783.75 354.38 30.00 16.88 1.0000 high
769.26 356.11 30.53 16.55 0.0000 coast
753.75 356.48 33.75 18.98 1.0000 high
740.73 358.28 31.19 17.82 0.0000 coast
727.47 359.95 29.18 16.99 0.0000 coast
742.50 367.03 18.75 8.44 1.0000 reinit
742.50 367.03 18.75 8.44 0.0000 coast
742.50 367.03 18.75 8.44 0.0000 coast
697.50 386.02 11.25 4.22 0.9922 reinit
697.50 383.91 11.25 6.33 1.0000 high
-100 -100 -100 -100 0.0000 coast_none
-100 -100 -100 -100 0.0000 coast_none
753.75 529.45 22.50 12.66 1.0000 reinit
753.75 529.45 22.50 12.66 0.0000 coast
-100 -100 -100 -100 0.0000 coast_none
611.25 417.66 52.50 21.09 1.0000 reinit
-100 -100 -100 -100 0.0000 coast_none
-100 -100 -100 -100 0.0000 coast_none
757.50 531.56 11.25 6.33 1.0000 reinit
757.50 533.67 11.25 6.33 1.0000 high
757.50 533.83 11.25 6.33 0.0000 coast
757.50 534.26 11.25 6.33 0.0000 coast
562.50 466.17 48.75 23.20 1.0000 reinit
562.50 466.17 48.75 25.31 1.0000 high
562.50 466.17 48.75 25.47 0.0000 coast
562.50 480.94 33.75 12.66 1.0000 high
562.50 483.57 31.08 10.73 0.0000 coast
562.50 487.71 26.87 7.45 0.0000 coast
-100 -100 -100 -100 0.0000 coast_none
-100 -100 -100 -100 0.0000 coast_none
528.75 487.27 37.50 21.09 1.0000 high
528.75 487.27 37.50 21.09 1.0000 high
521.56 490.50 36.75 20.92 0.0000 coast
516.57 492.71 36.26 20.83 0.0000 coast
491.25 502.03 26.25 12.66 1.0000 reinit
491.25 502.03 22.50 10.55 1.0000 high
-100 -100 -100 -100 0.0000 coast_none
-100 -100 -100 -100 0.0000 coast_none
-100 -100 -100 -100 0.0000 coast_none
986.25 451.41 22.50 12.66 1.0000 reinit
978.75 451.41 26.25 12.66 1.0000 high
978.19 451.41 26.53 12.66 0.0000 coast
-100 -100 -100 -100 0.0000 coast_none
-100 -100 -100 -100 0.0000 coast_none
-100 -100 -100 -100 0.0000 coast_none
-100 -100 -100 -100 0.0000 coast_none
397.50 493.59 26.25 10.55 1.0000 reinit
-100 -100 -100 -100 0.0000 coast_none
386.25 491.48 22.50 8.44 1.0000 high
390.00 491.48 15.00 8.44 1.0000 high
-100 -100 -100 -100 0.0000 coast_none
-100 -100 -100 -100 0.0000 coast_none
757.50 531.56 15.00 8.44 1.0000 reinit
753.75 531.56 18.75 10.55 1.0000 high
-100 -100 -100 -100 0.0000 coast_none
-100 -100 -100 -100 0.0000 coast_none
-100 -100 -100 -100 0.0000 coast_none
-100 -100 -100 -100 0.0000 coast_none
1312.50 442.97 11.25 8.44 1.0000 reinit
1312.50 442.97 11.25 8.44 1.0000 high
1312.50 442.97 11.25 6.33 1.0000 high
1312.50 442.97 11.25 6.33 1.0000 high
-100 -100 -100 -100 0.0000 coast_none
-100 -100 -100 -100 0.0000 coast_none
-100 -100 -100 -100 0.0000 coast_none
656.25 502.03 11.25 6.33 1.0000 reinit
-100 -100 -100 -100 0.0000 coast_none
-100 -100 -100 -100 0.0000 coast_none
757.50 531.56 15.00 8.44 1.0000 reinit
757.50 531.56 15.00 8.44 1.0000 high
753.75 529.45 18.75 10.55 1.0000 high
-100 -100 -100 -100 0.0000 coast_none
752.16 528.56 20.34 11.44 0.0000 coast
318.75 295.31 67.50 31.64 1.0000 reinit
303.75 284.77 75.00 31.64 1.0000 high
303.75 278.44 75.00 40.08 1.0000 high
311.25 276.33 67.50 35.86 1.0000 high
303.75 274.22 86.25 37.97 1.0000 high
307.50 274.22 67.50 31.64 1.0000 high
307.50 274.22 63.75 31.64 1.0000 high
306.53 270.71 65.76 32.33 0.0000 coast
300.00 265.78 90.00 42.19 1.0000 high
299.77 263.54 88.38 41.76 0.0000 coast
318.75 263.67 60.00 37.97 1.0000 high
315.00 261.56 60.00 31.64 1.0000 high
315.00 261.56 60.00 31.64 1.0000 high
315.00 255.23 60.00 29.53 1.0000 high
315.00 255.23 60.00 29.53 1.0000 high
318.75 248.91 48.75 25.31 1.0000 high
318.75 248.91 48.75 25.31 1.0000 high
319.32 245.99 47.37 24.50 0.0000 coast
320.01 243.49 45.52 23.58 0.0000 coast
311.25 215.16 60.00 37.97 1.0000 reinit
311.25 215.16 60.00 37.97 1.0000 high
311.25 215.16 60.00 37.97 0.0000 coast
285.00 204.61 86.25 37.97 1.0000 high
277.50 196.17 93.75 59.06 1.0000 high
273.75 196.17 93.75 59.06 1.0000 high
266.25 185.62 108.75 46.41 1.0000 high
270.00 185.62 101.25 46.41 1.0000 high
259.05 180.83 112.87 50.66 0.0000 coast
252.45 176.76 119.54 52.24 0.0000 coast
277.50 175.08 93.75 48.52 1.0000 high
277.50 175.08 93.75 48.52 1.0000 high
281.25 175.08 90.00 48.52 1.0000 high
277.50 175.08 93.75 50.62 1.0000 high
285.00 175.08 86.25 48.52 1.0000 high
279.62 171.14 91.63 50.22 0.0000 coast
292.50 179.30 78.75 44.30 1.0000 high
285.00 179.30 86.25 44.30 1.0000 high
285.50 177.12 85.74 44.70 0.0000 coast
284.82 176.03 86.42 44.66 0.0000 coast
266.25 189.84 116.25 44.30 1.0000 high
266.25 189.84 116.25 44.30 1.0000 high
264.00 189.51 119.35 44.22 0.0000 coast
261.61 189.93 122.83 44.15 0.0000 coast
292.50 206.72 90.00 40.08 1.0000 high
300.00 206.72 82.50 33.75 1.0000 high
318.75 210.94 67.50 33.75 1.0000 high
318.75 210.94 67.50 33.75 1.0000 high
330.00 217.27 60.00 31.64 1.0000 high
333.75 217.27 56.25 31.64 1.0000 high
337.71 219.67 53.70 30.58 0.0000 coast
352.50 229.92 33.75 16.88 1.0000 high
-100 -100 -100 -100 0.0000 coast_none
-100 -100 -100 -100 0.0000 coast_none
356.25 234.14 30.00 16.88 0.9804 high
360.28 236.75 25.99 15.12 0.0000 coast
363.98 239.24 22.26 13.52 0.0000 coast
-100 -100 -100 -100 0.0000 coast_none
371.25 248.91 37.50 16.88 1.0000 reinit
371.25 246.80 37.50 18.98 1.0000 high
371.25 246.64 37.50 19.14 0.0000 coast
371.25 246.20 37.50 19.58 0.0000 coast
408.75 261.56 18.75 10.55 1.0000 reinit
408.75 261.56 18.75 10.55 0.0000 coast
408.75 261.56 18.75 10.55 0.0000 coast
401.25 263.67 48.75 16.88 1.0000 reinit
390.00 248.91 63.75 33.75 1.0000 high
390.00 251.02 67.50 31.64 1.0000 high
387.63 247.80 70.46 35.30 0.0000 coast
385.51 245.54 74.21 37.96 0.0000 coast
-100 -100 -100 -100 0.0000 coast_none
-100 -100 -100 -100 0.0000 coast_none
-100 -100 -100 -100 0.0000 coast_none
-100 -100 -100 -100 0.0000 coast_none
-100 -100 -100 -100 0.0000 coast_none
-100 -100 -100 -100 0.0000 coast_none
502.50 286.88 41.25 16.88 1.0000 reinit
502.50 284.77 41.25 21.09 1.0000 high
502.50 284.61 41.25 21.41 0.0000 coast
502.50 284.17 41.25 22.28 0.0000 coast
551.25 293.20 33.75 18.98 1.0000 reinit
551.25 293.20 33.75 18.98 1.0000 high
-100 -100 -100 -100 0.0000 coast_none
-100 -100 -100 -100 0.0000 coast_none
-100 -100 -100 -100 0.0000 coast_none
-100 -100 -100 -100 0.0000 coast_none
611.25 305.86 45.00 21.09 1.0000 reinit
611.25 307.97 45.00 18.98 1.0000 high
611.25 308.13 45.00 18.83 0.0000 coast
611.25 308.56 45.00 18.39 0.0000 coast
656.25 320.62 37.50 14.77 1.0000 reinit
652.50 316.41 41.25 18.98 1.0000 high
652.22 316.09 41.53 19.30 0.0000 coast
651.45 315.22 42.30 20.17 0.0000 coast
697.50 326.95 37.50 14.77 1.0000 reinit
697.50 326.95 37.50 14.77 0.0000 coast
708.75 331.17 48.75 21.09 1.0000 high
708.75 331.17 48.75 21.09 1.0000 high
727.50 335.39 48.75 25.31 1.0000 high
727.50 335.39 48.75 25.31 1.0000 high
746.25 337.50 48.75 27.42 1.0000 high
746.25 337.50 48.75 27.42 1.0000 high
761.25 343.83 48.75 27.42 1.0000 high
761.25 343.83 48.75 27.42 1.0000 high
780.00 350.16 45.00 25.31 1.0000 high
780.00 350.16 45.00 23.20 1.0000 high
795.00 354.38 45.00 27.42 1.0000 high
795.00 354.38 45.00 27.42 1.0000 high
810.00 360.70 45.00 25.31 1.0000 high
810.00 360.70 45.00 25.31 1.0000 high
825.00 367.03 41.25 23.20 1.0000 high
825.00 367.03 41.25 25.31 1.0000 high
832.50 373.36 48.75 27.42 1.0000 high
832.50 371.25 48.75 29.53 1.0000 high
847.50 381.80 48.75 23.20 1.0000 high
847.50 381.80 48.75 23.20 1.0000 high
862.50 390.23 45.00 25.31 1.0000 high
862.50 392.34 45.00 23.20 1.0000 high
873.75 400.78 45.00 25.31 1.0000 high
873.75 400.78 45.00 27.42 1.0000 high
885.00 411.33 41.25 25.31 1.0000 high
885.00 411.33 41.25 27.42 1.0000 high
888.75 423.98 48.75 27.42 1.0000 high
892.50 421.88 52.50 29.53 1.0000 high
903.75 434.53 52.50 25.31 1.0000 high
903.75 434.53 52.50 27.42 1.0000 high
911.25 442.97 63.75 33.75 1.0000 high
907.50 440.86 67.50 35.86 1.0000 high
918.75 449.30 60.00 31.64 1.0000 high
918.75 449.30 60.00 31.64 1.0000 high
926.25 461.95 48.75 25.31 1.0000 high
926.25 461.95 48.75 25.31 1.0000 high
930.00 468.28 48.75 27.42 1.0000 high
930.00 468.28 48.75 27.42 1.0000 high
937.50 468.28 45.00 29.53 1.0000 high
937.50 468.28 41.25 29.53 1.0000 high
945.00 470.39 41.25 31.64 1.0000 high
945.00 468.28 41.25 33.75 1.0000 high
952.50 478.83 41.25 27.42 1.0000 high
952.50 468.28 41.25 37.97 1.0000 high
956.25 483.05 45.00 27.42 1.0000 high
956.25 483.05 45.00 27.42 1.0000 high
967.50 485.16 45.00 29.53 1.0000 high
967.50 485.16 45.00 29.53 1.0000 high
978.75 487.27 45.00 29.53 1.0000 high
978.75 487.27 45.00 29.53 1.0000 high
993.75 487.27 41.25 29.53 1.0000 high
990.00 487.27 45.00 31.64 1.0000 high
1005.00 491.48 45.00 27.42 1.0000 high
1005.00 491.48 45.00 27.42 1.0000 high
1023.75 491.48 41.25 27.42 1.0000 high
1023.75 491.48 45.00 27.42 1.0000 high
1038.75 493.59 45.00 25.31 1.0000 high
1038.75 493.59 45.00 25.31 1.0000 high
1046.07 495.39 44.97 25.07 0.0000 coast
1053.75 493.59 52.50 27.42 1.0000 high
1059.70 495.35 51.49 26.68 0.0000 coast
1076.25 495.70 52.50 25.31 1.0000 high
1095.00 495.70 48.75 25.31 1.0000 high
1095.00 495.70 48.75 25.31 1.0000 high
1117.50 495.70 48.75 27.42 1.0000 high
1117.50 495.70 48.75 27.42 1.0000 high
1140.00 495.70 48.75 27.42 1.0000 high
1140.00 495.70 48.75 27.42 1.0000 high
1158.75 497.81 52.50 27.42 1.0000 high
1158.75 497.81 52.50 27.42 1.0000 high
1185.00 502.03 48.75 27.42 1.0000 high
1185.00 502.03 48.75 27.42 1.0000 high
1211.25 504.14 48.75 27.42 1.0000 high
1211.25 504.14 48.75 27.42 1.0000 high
1233.75 506.25 48.75 27.42 1.0000 high
1233.75 506.25 48.75 27.42 1.0000 high
1260.00 508.36 48.75 25.31 1.0000 high
1260.00 508.36 48.75 23.20 1.0000 high
1278.75 512.58 48.75 21.09 1.0000 high
1278.75 512.58 48.75 23.20 1.0000 high
1301.25 514.69 48.75 21.09 1.0000 high
1301.25 514.69 48.75 21.09 1.0000 high
1323.75 516.80 52.50 21.09 1.0000 high
1323.75 516.80 52.50 25.31 1.0000 high
1342.50 514.69 48.75 25.31 1.0000 high
1342.50 514.69 48.75 27.42 1.0000 high
1361.25 512.58 48.75 29.53 1.0000 high
1361.25 512.58 48.75 29.53 1.0000 high
1376.25 510.47 45.00 27.42 1.0000 high
1372.50 510.47 48.75 29.53 1.0000 high
1380.00 508.36 52.50 27.42 1.0000 high
1383.75 508.36 52.50 29.53 1.0000 high
1395.00 504.14 45.00 29.53 1.0000 high
1395.00 504.14 45.00 29.53 1.0000 high
1398.75 495.70 45.00 27.42 1.0000 high
1398.75 495.70 45.00 27.42 1.0000 high
1402.50 483.05 48.75 27.42 1.0000 high
1402.50 483.05 48.75 27.42 1.0000 high
1406.25 472.50 48.75 21.09 1.0000 high
1406.25 472.50 48.75 21.09 1.0000 high
1413.07 469.45 48.88 21.08 0.0000 coast
1417.65 466.42 49.01 20.48 0.0000 coast
1440.00 449.30 7.50 6.33 0.9882 reinit
1440.00 449.30 7.50 6.33 0.0000 coast
-100 -100 -100 -100 0.0000 coast_none
963.75 468.28 15.00 8.44 1.0000 reinit
-100 -100 -100 -100 0.0000 coast_none
-100 -100 -100 -100 0.0000 coast_none
708.75 590.62 11.25 8.44 1.0000 reinit
-100 -100 -100 -100 0.0000 coast_none
-100 -100 -100 -100 0.0000 coast_none
-100 -100 -100 -100 0.0000 coast_none
-100 -100 -100 -100 0.0000 coast_none
-100 -100 -100 -100 0.0000 coast_none
1477.50 364.92 3.75 4.22 0.9608 reinit
1477.50 364.92 3.75 4.22 0.0000 coast
-100 -100 -100 -100 0.0000 coast_none
1421.25 386.02 7.50 4.22 0.9922 reinit
-100 -100 -100 -100 0.0000 coast_none
-100 -100 -100 -100 0.0000 coast_none
1492.50 386.02 7.50 4.22 0.9882 reinit
-100 -100 -100 -100 0.0000 coast_none
-100 -100 -100 -100 0.0000 coast_none
-100 -100 -100 -100 0.0000 coast_none
-100 -100 -100 -100 0.0000 coast_none
-100 -100 -100 -100 0.0000 coast_none
712.50 592.73 3.75 4.22 0.8824 reinit
712.50 592.73 3.75 4.22 0.9490 high
-100 -100 -100 -100 0.0000 coast_none
-100 -100 -100 -100 0.0000 coast_none
1560.00 381.80 15.00 6.33 1.0000 reinit
1560.00 381.80 15.00 6.33 1.0000 high
1560.00 381.80 15.00 6.33 0.0000 coast
1560.00 381.80 15.00 6.33 0.0000 coast
1597.50 383.91 37.50 12.66 1.0000 reinit
1597.50 383.91 37.50 12.66 1.0000 high
-100 -100 -100 -100 0.0000 coast_none
-100 -100 -100 -100 0.0000 coast_none
963.75 470.39 7.50 4.22 0.9961 reinit
963.75 472.50 7.50 2.11 0.8667 high
-100 -100 -100 -100 0.0000 coast_none
-100 -100 -100 -100 0.0000 coast_none
-100 -100 -100 -100 0.0000 coast_none
1687.50 400.78 11.25 6.33 1.0000 reinit
-100 -100 -100 -100 0.0000 coast_none
-100 -100 -100 -100 0.0000 coast_none
956.25 468.28 18.75 10.55 1.0000 reinit
-100 -100 -100 -100 0.0000 coast_none
-100 -100 -100 -100 0.0000 coast_none
757.50 533.67 11.25 4.22 0.9961 reinit
-100 -100 -100 -100 0.0000 coast_none
-100 -100 -100 -100 0.0000 coast_none
-100 -100 -100 -100 0.0000 coast_none
-100 -100 -100 -100 0.0000 coast_none
-100 -100 -100 -100 0.0000 coast_none
-100 -100 -100 -100 0.0000 coast_none
1781.25 455.62 15.00 8.44 1.0000 reinit
1781.25 455.62 15.00 8.44 0.0000 coast
1781.25 455.62 15.00 8.44 0.0000 coast
1777.50 455.62 45.00 21.09 1.0000 reinit
1781.25 455.62 48.75 23.20 1.0000 high
1781.25 455.62 48.75 23.20 1.0000 high
1785.00 459.84 45.00 21.09 1.0000 high
1785.00 459.84 45.00 21.09 1.0000 high
1786.46 460.88 44.61 20.87 0.0000 coast
1792.50 461.95 41.25 16.88 1.0000 high
1793.84 463.00 40.65 16.52 0.0000 coast
-100 -100 -100 -100 0.0000 coast_none
663.75 383.91 3.75 4.22 0.9216 reinit
-100 -100 -100 -100 0.0000 coast_none
-100 -100 -100 -100 0.0000 coast_none
1837.50 472.50 7.50 4.22 0.9843 reinit
-100 -100 -100 -100 0.0000 coast_none
-100 -100 -100 -100 0.0000 coast_none
1856.25 466.17 11.25 8.44 1.0000 reinit
1856.25 466.17 11.25 8.44 0.0000 coast
-100 -100 -100 -100 0.0000 coast_none
-100 -100 -100 -100 0.0000 coast_none
-100 -100 -100 -100 0.0000 coast_none
-100 -100 -100 -100 0.0000 coast_none
-100 -100 -100 -100 0.0000 coast_none
-100 -100 -100 -100 0.0000 coast_none
1875.00 457.73 3.75 2.11 0.5765 high
1875.00 457.73 3.75 2.11 0.6039 high
-100 -100 -100 -100 0.0000 coast_none
-100 -100 -100 -100 0.0000 coast_none
-100 -100 -100 -100 0.0000 coast_none
-100 -100 -100 -100 0.0000 coast_none
-100 -100 -100 -100 0.0000 coast_none
-100 -100 -100 -100 0.0000 coast_none
-100 -100 -100 -100 0.0000 coast_none
-100 -100 -100 -100 0.0000 coast_none
967.50 472.50 3.75 2.11 0.9412 reinit
-100 -100 -100 -100 0.0000 coast_none
-100 -100 -100 -100 0.0000 coast_none
-100 -100 -100 -100 0.0000 coast_none
-100 -100 -100 -100 0.0000 coast_none
-100 -100 -100 -100 0.0000 coast_none
-100 -100 -100 -100 0.0000 coast_none
-100 -100 -100 -100 0.0000 coast_none
-100 -100 -100 -100 0.0000 coast_none
-100 -100 -100 -100 0.0000 coast_none
990.00 457.73 7.50 4.22 0.9882 reinit
-100 -100 -100 -100 0.0000 coast_none
-100 -100 -100 -100 0.0000 coast_none
-100 -100 -100 -100 0.0000 coast_none
-100 -100 -100 -100 0.0000 coast_none
-100 -100 -100 -100 0.0000 coast_none
-100 -100 -100 -100 0.0000 coast_none
-100 -100 -100 -100 0.0000 coast_none
-100 -100 -100 -100 0.0000 coast_none
-100 -100 -100 -100 0.0000 coast_none
-100 -100 -100 -100 0.0000 coast_none
-100 -100 -100 -100 0.0000 miss
-100 -100 -100 -100 0.0000 miss
-100 -100 -100 -100 0.0000 miss
-100 -100 -100 -100 0.0000 miss
-100 -100 -100 -100 0.0000 miss
-100 -100 -100 -100 0.0000 miss
-100 -100 -100 -100 0.0000 miss
-100 -100 -100 -100 0.0000 miss
-100 -100 -100 -100 0.0000 miss
-100 -100 -100 -100 0.0000 miss
-100 -100 -100 -100 0.0000 miss
-100 -100 -100 -100 0.0000 miss
-100 -100 -100 -100 0.0000 miss
-100 -100 -100 -100 0.0000 miss
566.25 177.19 15.00 6.33 0.9882 reinit
-100 -100 -100 -100 0.0000 coast_none
-100 -100 -100 -100 0.0000 coast_none
967.50 472.50 3.75 2.11 0.5255 reinit
-100 -100 -100 -100 0.0000 coast_none
-100 -100 -100 -100 0.0000 coast_none
-100 -100 -100 -100 0.0000 coast_none
-100 -100 -100 -100 0.0000 coast_none
-100 -100 -100 -100 0.0000 coast_none
-100 -100 -100 -100 0.0000 coast_none
757.50 531.56 11.25 6.33 0.9922 reinit
757.50 533.67 11.25 4.22 0.9843 high
-100 -100 -100 -100 0.0000 coast_none
-100 -100 -100 -100 0.0000 coast_none
963.75 468.28 11.25 8.44 1.0000 reinit
963.75 468.28 15.00 8.44 1.0000 high
963.75 468.28 15.00 8.44 1.0000 high
-100 -100 -100 -100 0.0000 coast_none
-100 -100 -100 -100 0.0000 coast_none
960.00 468.28 18.75 10.55 1.0000 high
960.00 468.28 15.00 8.44 1.0000 high
959.36 468.28 17.03 9.30 0.0000 coast
-100 -100 -100 -100 0.0000 coast_none
-100 -100 -100 -100 0.0000 coast_none
-100 -100 -100 -100 0.0000 coast_none
-100 -100 -100 -100 0.0000 coast_none
967.50 470.39 3.75 4.22 0.7922 reinit
-100 -100 -100 -100 0.0000 coast_none
-100 -100 -100 -100 0.0000 coast_none
1458.75 449.30 7.50 6.33 0.9843 reinit
1458.75 449.30 7.50 6.33 0.0000 coast
-100 -100 -100 -100 0.0000 coast_none
-100 -100 -100 -100 0.0000 coast_none
-100 -100 -100 -100 0.0000 coast_none
1447.50 455.62 15.00 14.77 1.0000 reinit
1447.50 455.62 15.00 14.77 0.0000 coast
1447.50 455.62 15.00 14.77 0.0000 coast
963.75 470.39 11.25 6.33 1.0000 reinit
-100 -100 -100 -100 0.0000 coast_none
-100 -100 -100 -100 0.0000 coast_none
1436.25 464.06 7.50 6.33 1.0000 reinit
1436.25 464.06 7.50 6.33 0.0000 coast
1436.25 464.06 7.50 6.33 0.0000 coast
1413.75 464.06 22.50 16.88 1.0000 reinit
1417.50 466.17 15.00 10.55 1.0000 high
1417.78 466.33 14.44 10.08 0.0000 coast
1418.55 466.76 12.89 8.77 0.0000 coast
960.00 468.28 18.75 10.55 1.0000 reinit
960.00 468.28 22.50 10.55 1.0000 high
-100 -100 -100 -100 0.0000 coast_none
-100 -100 -100 -100 0.0000 coast_none
1350.00 464.06 41.25 18.98 1.0000 reinit
1350.00 464.06 41.25 18.98 1.0000 high
1338.75 461.95 45.00 25.31 1.0000 high
1338.75 461.95 45.00 25.31 1.0000 high
1327.50 461.95 45.00 27.42 1.0000 high
1327.50 461.95 45.00 27.42 1.0000 high
1320.00 459.84 45.00 29.53 1.0000 high
1320.00 459.84 45.00 27.42 1.0000 high
1312.50 459.84 45.00 29.53 1.0000 high
1308.75 459.84 48.75 27.42 1.0000 high
1301.25 459.84 45.00 25.31 1.0000 high
1301.25 457.73 45.00 27.42 1.0000 high
1293.75 457.73 41.25 25.31 1.0000 high
1293.75 457.73 41.25 25.31 1.0000 high
1282.50 457.73 45.00 23.20 1.0000 high
1282.50 457.73 45.00 27.42 1.0000 high
1275.00 457.73 41.25 27.42 1.0000 high
1271.25 457.73 45.00 25.31 1.0000 high
1263.75 457.73 48.75 23.20 1.0000 high
1263.75 455.62 48.75 27.42 1.0000 high
1256.25 455.62 56.25 25.31 1.0000 high
1256.25 455.62 52.50 25.31 1.0000 high
1248.75 457.73 45.00 25.31 1.0000 high
1248.75 457.73 45.00 25.31 1.0000 high
1237.50 455.62 45.00 31.64 1.0000 high
1237.50 455.62 45.00 31.64 1.0000 high
1233.75 457.73 45.00 29.53 1.0000 high
1233.75 457.73 45.00 29.53 1.0000 high
1230.00 459.84 41.25 27.42 1.0000 high
1230.00 459.84 41.25 27.42 1.0000 high
1222.50 461.95 45.00 27.42 1.0000 high
1222.50 461.95 45.00 27.42 1.0000 high
1218.75 464.06 45.00 25.31 1.0000 high
1218.75 464.06 45.00 25.31 1.0000 high
1215.00 466.17 48.75 27.42 1.0000 high
1215.00 466.17 48.75 27.42 1.0000 high
1211.25 466.17 48.75 27.42 1.0000 high
1211.25 466.17 48.75 27.42 1.0000 high
1211.25 468.28 45.00 29.53 1.0000 high
1211.25 468.28 45.00 29.53 1.0000 high
1207.50 470.39 48.75 27.42 1.0000 high
1207.50 470.39 48.75 27.42 1.0000 high
1207.50 470.39 45.00 27.42 1.0000 high
1203.75 470.39 52.50 27.42 1.0000 high
1207.50 470.39 45.00 27.42 1.0000 high
1207.50 470.39 45.00 27.42 1.0000 high
1203.75 470.39 48.75 27.42 1.0000 high
1203.75 470.39 48.75 27.42 1.0000 high
1203.75 470.39 48.75 25.31 1.0000 high
1203.75 470.39 48.75 27.42 1.0000 high
1203.75 468.28 45.00 27.42 1.0000 high
1203.75 468.28 45.00 27.42 1.0000 high
1200.00 466.17 45.00 31.64 1.0000 high
1200.00 466.17 45.00 31.64 1.0000 high
1196.25 466.17 45.00 29.53 1.0000 high
1196.25 466.17 45.00 29.53 1.0000 high
1192.50 466.17 41.25 29.53 1.0000 high
1192.50 466.17 41.25 29.53 1.0000 high
1181.25 466.17 45.00 29.53 1.0000 high
1181.25 466.17 45.00 29.53 1.0000 high
1166.25 466.17 45.00 29.53 1.0000 high
1166.25 464.06 45.00 31.64 1.0000 high
1151.25 464.06 45.00 31.64 1.0000 high
1151.25 464.06 45.00 29.53 1.0000 high
1132.50 464.06 48.75 29.53 1.0000 high
1132.50 464.06 48.75 29.53 1.0000 high
1117.50 464.06 48.75 31.64 1.0000 high
1117.50 464.06 48.75 31.64 1.0000 high
1098.75 464.06 48.75 29.53 1.0000 high
1098.75 464.06 45.00 27.42 1.0000 high
1080.00 466.17 45.00 25.31 1.0000 high
1080.00 466.17 45.00 25.31 1.0000 high
1057.50 468.28 48.75 23.20 1.0000 high
1057.50 468.28 48.75 25.31 1.0000 high
1042.50 472.50 45.00 18.98 1.0000 high
1038.75 470.39 48.75 23.20 1.0000 high
1023.75 472.50 45.00 23.20 1.0000 high
1023.75 470.39 45.00 27.42 1.0000 high
1013.63 471.55 45.23 25.66 0.0000 coast
1016.25 476.72 30.00 18.98 1.0000 high
1006.86 476.51 31.83 19.80 0.0000 coast
1005.00 476.72 26.25 16.88 1.0000 high
997.80 477.54 24.91 16.31 0.0000 coast
991.35 478.28 22.98 15.41 0.0000 coast
956.25 455.62 52.50 29.53 1.0000 reinit
956.25 455.62 52.50 29.53 1.0000 high
952.50 445.08 67.50 35.86 1.0000 high
952.50 445.08 67.50 35.86 1.0000 high
956.25 440.86 67.50 37.97 1.0000 high
952.50 440.86 71.25 37.97 1.0000 high
952.50 436.98 75.29 40.24 0.0000 coast
951.92 434.09 78.83 41.90 0.0000 coast
948.75 411.33 45.00 23.20 1.0000 reinit
948.75 411.33 45.00 23.20 1.0000 high
948.75 411.33 45.00 23.20 0.0000 coast
960.00 396.56 30.00 18.98 1.0000 high
962.00 393.93 27.33 18.23 0.0000 coast
971.25 383.91 15.00 12.66 1.0000 high
975.65 378.56 9.14 10.58 0.0000 coast
980.35 372.93 2.87 8.28 0.0000 coast
937.50 352.27 48.75 25.31 1.0000 reinit
937.50 352.27 48.75 25.31 1.0000 high
937.50 343.83 45.00 23.20 1.0000 high
937.50 343.83 48.75 25.31 1.0000 high
937.50 337.50 45.00 25.31 1.0000 high
937.50 335.39 45.00 27.42 1.0000 high
937.50 331.17 41.25 23.20 1.0000 high
937.50 331.17 41.25 25.31 1.0000 high
933.75 324.84 41.25 27.42 1.0000 high
933.75 326.95 41.25 25.31 1.0000 high
926.25 320.62 45.00 29.53 1.0000 high
926.25 320.62 45.00 29.53 1.0000 high
922.50 318.52 41.25 29.53 1.0000 high
922.50 318.52 41.25 29.53 1.0000 high
915.00 316.41 41.25 31.64 1.0000 high
915.00 316.41 41.25 31.64 1.0000 high
903.75 316.41 45.00 31.64 1.0000 high
903.75 316.41 45.00 31.64 1.0000 high
892.50 318.52 45.00 27.42 1.0000 high
892.50 318.52 45.00 27.42 1.0000 high
881.25 318.52 41.25 25.31 1.0000 high
881.25 318.52 41.25 25.31 1.0000 high
873.75 320.62 33.75 18.98 1.0000 high
873.75 320.62 33.75 18.98 1.0000 high
869.10 319.75 33.26 18.52 0.0000 coast
865.33 319.37 32.27 17.65 0.0000 coast
851.25 322.73 18.75 10.55 1.0000 reinit
851.25 322.73 18.75 12.66 1.0000 high
851.25 322.73 18.75 12.81 0.0000 coast
851.25 322.73 18.75 13.25 0.0000 coast
-100 -100 -100 -100 0.0000 coast_none
-100 -100 -100 -100 0.0000 coast_none
-100 -100 -100 -100 0.0000 coast_none
-100 -100 -100 -100 0.0000 coast_none
746.25 329.06 33.75 12.66 1.0000 reinit
742.50 329.06 37.50 14.77 1.0000 high
742.22 329.06 37.78 14.92 0.0000 coast
741.45 329.06 38.55 15.36 0.0000 coast
697.50 320.62 41.25 29.53 1.0000 reinit
693.75 320.62 48.75 29.53 1.0000 high
693.47 320.62 49.31 29.53 0.0000 coast
692.70 320.62 50.86 29.53 0.0000 coast
652.50 343.83 41.25 18.98 1.0000 reinit
652.50 341.72 45.00 23.20 1.0000 high
652.50 341.56 45.28 23.52 0.0000 coast
652.50 341.13 46.05 24.39 0.0000 coast
626.25 369.14 48.75 25.31 1.0000 reinit
622.50 369.14 52.50 25.31 1.0000 high
622.22 369.14 52.78 25.31 0.0000 coast
596.25 379.69 75.00 25.31 1.0000 high
591.72 381.26 78.97 25.31 0.0000 coast
584.22 384.07 85.47 25.31 0.0000 coast
573.75 413.44 37.50 18.98 1.0000 reinit
573.75 411.33 37.50 21.09 1.0000 high
573.75 411.17 37.50 21.25 0.0000 coast
573.75 410.74 37.50 21.69 0.0000 coast
547.50 440.86 48.75 27.42 1.0000 reinit
547.50 438.75 48.75 29.53 1.0000 high
551.25 457.73 41.25 21.09 1.0000 high
547.50 455.62 52.50 25.31 1.0000 high
548.22 460.93 51.49 23.52 0.0000 coast
548.18 465.56 52.73 22.61 0.0000 coast
532.50 478.83 71.25 25.31 1.0000 high
532.50 478.83 67.50 25.31 1.0000 high
529.80 486.30 73.15 24.73 0.0000 coast
527.37 491.91 76.65 24.44 0.0000 coast
528.75 483.05 52.50 25.31 1.0000 high
525.00 485.16 52.50 25.31 1.0000 high
521.25 491.48 41.25 18.98 1.0000 high
521.25 491.48 41.25 18.98 1.0000 high
513.75 493.59 41.25 18.98 1.0000 high
513.75 493.59 41.25 18.98 1.0000 high
506.25 493.59 37.50 21.09 1.0000 high
502.50 493.59 41.25 21.09 1.0000 high
499.74 496.66 39.43 20.52 0.0000 coast
487.50 491.48 48.75 23.20 1.0000 high
484.95 494.12 47.20 22.75 0.0000 coast
480.64 495.32 47.64 22.87 0.0000 coast
-100 -100 -100 -100 0.0000 coast_none
-100 -100 -100 -100 0.0000 coast_none
-100 -100 -100 -100 0.0000 coast_none
-100 -100 -100 -100 0.0000 coast_none
453.75 491.48 30.00 12.66 1.0000 high
449.39 492.60 30.25 12.68 0.0000 coast
453.75 491.48 22.50 14.77 1.0000 high
453.75 491.48 22.50 14.77 1.0000 high
449.89 491.80 20.64 14.39 0.0000 coast
447.02 492.02 18.99 14.15 0.0000 coast
-100 -100 -100 -100 0.0000 coast_none
-100 -100 -100 -100 0.0000 coast_none
-100 -100 -100 -100 0.0000 coast_none
-100 -100 -100 -100 0.0000 coast_none
-100 -100 -100 -100 0.0000 coast_none
416.25 478.83 26.25 14.77 1.0000 high
-100 -100 -100 -100 0.0000 coast_none
-100 -100 -100 -100 0.0000 coast_none
-100 -100 -100 -100 0.0000 coast_none
-100 -100 -100 -100 0.0000 coast_none
-100 -100 -100 -100 0.0000 coast_none
-100 -100 -100 -100 0.0000 coast_none
-100 -100 -100 -100 0.0000 coast_none
-100 -100 -100 -100 0.0000 coast_none
-100 -100 -100 -100 0.0000 coast_none
663.75 386.02 3.75 2.11 0.6784 reinit
-100 -100 -100 -100 0.0000 coast_none
-100 -100 -100 -100 0.0000 coast_none
648.75 219.38 7.50 2.11 0.6784 reinit
648.75 219.38 7.50 4.22 0.8392 high
-100 -100 -100 -100 0.0000 coast_none
-100 -100 -100 -100 0.0000 coast_none
757.50 531.56 11.25 8.44 1.0000 reinit
-100 -100 -100 -100 0.0000 coast_none
-100 -100 -100 -100 0.0000 coast_none
528.75 478.83 15.00 8.44 1.0000 reinit
528.75 478.83 15.00 8.44 0.0000 coast
528.75 478.83 15.00 8.44 0.0000 coast
532.50 483.05 33.75 18.98 1.0000 reinit
532.50 483.05 33.75 18.98 1.0000 high
532.50 483.05 33.75 18.98 0.0000 coast
540.00 485.16 45.00 25.31 1.0000 high
541.34 485.53 47.00 26.44 0.0000 coast
543.44 486.12 50.16 28.22 0.0000 coast
-100 -100 -100 -100 0.0000 coast_none
506.25 603.28 3.75 2.11 0.5647 reinit
506.25 603.28 3.75 2.11 0.0000 coast
-100 -100 -100 -100 0.0000 coast_none
562.50 525.23 41.25 18.98 1.0000 reinit
562.50 525.23 41.25 21.09 1.0000 high
562.50 529.45 41.25 23.20 1.0000 high
562.50 529.45 41.25 23.20 1.0000 high
562.50 533.67 41.25 25.31 1.0000 high
562.50 533.67 45.00 25.31 1.0000 high
558.75 537.89 45.00 27.42 1.0000 high
558.75 540.00 45.00 25.31 1.0000 high
562.50 548.44 45.00 21.09 1.0000 high
562.50 548.44 45.00 21.09 1.0000 high
562.50 552.66 45.00 18.98 1.0000 high
562.50 552.66 48.75 18.98 1.0000 high
562.50 554.77 48.75 16.88 1.0000 high
562.50 554.77 48.75 16.88 1.0000 high
558.75 554.77 52.50 21.09 1.0000 high
558.75 554.77 52.50 21.09 1.0000 high
558.75 554.77 48.75 23.20 1.0000 high
558.75 554.77 48.75 23.20 1.0000 high
566.25 554.77 45.00 25.31 1.0000 high
562.50 554.77 48.75 25.31 1.0000 high
562.50 554.77 48.75 29.53 1.0000 high
562.50 554.77 48.75 29.53 1.0000 high
577.50 556.88 37.50 27.42 1.0000 high
581.25 558.98 33.75 25.31 1.0000 high
585.00 556.88 37.50 27.42 1.0000 high
581.25 556.88 45.00 27.42 1.0000 high
584.62 557.95 42.11 27.76 0.0000 coast
600.00 558.98 41.25 25.31 1.0000 high
599.92 559.52 41.41 26.00 0.0000 coast
611.25 558.98 45.00 29.53 1.0000 high
613.24 559.76 44.51 29.17 0.0000 coast
626.25 561.09 45.00 23.20 1.0000 high
641.25 561.09 45.00 21.09 1.0000 high
641.25 561.09 45.00 21.09 1.0000 high
646.83 561.85 45.37 20.96 0.0000 coast
663.75 563.20 45.00 21.09 1.0000 high
667.21 563.60 45.34 20.61 0.0000 coast
678.75 563.20 48.75 33.75 1.0000 high
697.50 563.20 45.00 37.97 1.0000 high
697.50 563.20 45.00 37.97 1.0000 high
705.66 563.85 45.60 38.80 0.0000 coast
716.25 565.31 52.50 27.42 1.0000 high
722.99 565.58 51.68 30.37 0.0000 coast
742.50 565.31 48.75 27.42 1.0000 high
747.97 565.94 50.03 28.12 0.0000 coast
768.75 567.42 45.00 25.31 1.0000 high
775.29 567.72 46.20 25.66 0.0000 coast
791.25 569.53 45.00 23.20 1.0000 high
813.75 571.64 45.00 23.20 1.0000 high
813.75 571.64 45.00 23.20 1.0000 high
