982.50 416.25 92.50 39.38 1.0000 init
992.50 420.47 77.50 33.75 1.0000 high
993.24 420.78 76.38 33.33 0.0000 coast
995.31 421.65 73.29 32.17 0.0000 coast
995.00 430.31 25.00 14.06 1.0000 high
996.56 432.84 12.26 9.29 0.0000 coast
997.50 431.72 20.00 11.25 1.0000 high
1002.50 433.12 12.50 8.44 0.9608 high
1005.60 434.65 4.37 5.43 0.0000 coast
-100 -100 -100 -100 0.0000 coast_none
937.50 296.72 45.00 14.06 1.0000 reinit
935.00 295.31 47.50 14.06 1.0000 high
935.00 295.31 47.50 12.66 1.0000 high
935.00 295.31 47.50 12.66 1.0000 high
932.50 293.91 50.00 14.06 1.0000 high
932.50 293.91 47.50 14.06 1.0000 high
930.00 292.50 50.00 15.47 1.0000 high
930.00 292.50 50.00 15.47 1.0000 high
930.00 292.50 50.00 15.47 1.0000 high
930.00 292.50 50.00 15.47 1.0000 high
930.00 291.09 47.50 16.88 1.0000 high
930.00 291.09 47.50 15.47 1.0000 high
927.50 291.09 50.00 14.06 1.0000 high
927.50 291.09 50.00 14.06 1.0000 high
927.50 291.09 50.00 14.06 1.0000 high
925.00 289.69 52.50 15.47 1.0000 high
925.00 289.69 52.50 15.47 1.0000 high
925.00 291.09 52.50 14.06 1.0000 high
925.00 291.09 52.50 14.06 1.0000 high
925.00 289.69 52.50 16.88 1.0000 high
925.00 288.28 55.00 18.28 1.0000 high
925.00 288.28 55.00 18.28 1.0000 high
925.00 288.28 57.50 18.28 1.0000 high
925.00 288.28 57.50 18.28 1.0000 high
922.50 286.88 60.00 19.69 1.0000 high
925.00 286.88 57.50 19.69 1.0000 high
925.00 288.28 60.00 18.28 1.0000 high
925.00 286.88 62.50 19.69 1.0000 high
925.00 286.88 62.50 19.69 1.0000 high
922.50 286.88 62.50 19.69 1.0000 high
925.00 286.88 60.00 19.69 1.0000 high
922.50 285.47 65.00 19.69 1.0000 high
922.50 285.47 65.00 19.69 1.0000 high
922.50 285.47 65.00 19.69 1.0000 high
920.00 284.06 67.50 21.09 1.0000 high
920.00 284.06 67.50 21.09 1.0000 high
920.00 284.06 67.50 21.09 1.0000 high
917.50 282.66 70.00 22.50 1.0000 high
917.50 282.66 70.00 22.50 1.0000 high
920.00 282.66 67.50 22.50 1.0000 high
920.00 282.66 67.50 22.50 1.0000 high
917.50 281.25 72.50 22.50 1.0000 high
917.50 281.25 72.50 23.91 1.0000 high
917.50 281.25 72.50 23.91 1.0000 high
910.00 281.25 80.00 23.91 1.0000 high
912.50 279.84 77.50 25.31 1.0000 high
915.00 278.44 75.00 26.72 1.0000 high
915.00 279.84 75.00 25.31 1.0000 high
915.00 279.84 75.00 25.31 1.0000 high
912.50 278.44 77.50 25.31 1.0000 high
910.00 278.44 80.00 26.72 1.0000 high
907.50 277.03 82.50 28.12 1.0000 high
907.50 277.03 82.50 26.72 1.0000 high
907.50 277.03 82.50 26.72 1.0000 high
907.50 277.03 82.50 28.12 1.0000 high
900.00 277.03 90.00 28.12 1.0000 high
900.00 275.62 90.00 29.53 1.0000 high
902.50 275.62 85.00 29.53 1.0000 high
902.50 275.62 85.00 29.53 1.0000 high
897.50 275.62 90.00 29.53 1.0000 high
887.50 274.22 100.00 32.34 1.0000 high
885.00 274.22 100.00 32.34 1.0000 high
887.50 272.81 97.50 32.34 1.0000 high
887.50 272.81 97.50 32.34 1.0000 high
887.50 272.81 95.00 32.34 1.0000 high
882.50 271.41 100.00 33.75 1.0000 high
872.50 270.00 110.00 35.16 1.0000 high
867.50 270.00 107.50 35.16 1.0000 high
867.50 270.00 107.50 35.16 1.0000 high
860.00 270.00 115.00 35.16 1.0000 high
860.00 267.19 110.00 37.97 1.0000 high
860.00 265.78 110.00 39.38 1.0000 high
855.00 265.78 112.50 39.38 1.0000 high
