1308.75 459.84 37.50 18.98 1.0000 init
1301.25 459.84 37.50 18.98 1.0000 high
1297.50 459.84 33.75 18.98 1.0000 high
1290.00 459.84 37.50 18.98 1.0000 high
1286.25 459.84 37.50 18.98 1.0000 high
1278.75 457.73 37.50 21.09 1.0000 high
1275.00 457.73 33.75 18.98 1.0000 high
1271.25 455.62 30.00 18.98 1.0000 high
1263.75 453.52 33.75 18.98 1.0000 high
1256.25 451.41 37.50 18.98 1.0000 high
1252.50 447.19 33.75 18.98 1.0000 high
1245.00 445.08 33.75 18.98 1.0000 high
1241.25 440.86 30.00 18.98 1.0000 high
1233.75 436.64 33.75 18.98 1.0000 high
1226.25 430.31 37.50 21.09 1.0000 high
1222.50 426.09 33.75 18.98 1.0000 high
1215.00 419.77 33.75 21.09 1.0000 high
1207.50 415.55 33.75 18.98 1.0000 high
1203.75 409.22 33.75 18.98 1.0000 high
1196.25 402.89 33.75 18.98 1.0000 high
1188.75 396.56 33.75 18.98 1.0000 high
1185.00 390.23 33.75 18.98 1.0000 high
1177.50 381.80 33.75 21.09 1.0000 high
1170.00 375.47 33.75 18.98 1.0000 high
1162.50 369.14 33.75 18.98 1.0000 high
1158.75 360.70 30.00 21.09 1.0000 high
1151.25 354.38 33.75 18.98 1.0000 high
1143.75 348.05 33.75 18.98 1.0000 high
1136.25 341.72 33.75 18.98 1.0000 high
1128.75 335.39 33.75 18.98 1.0000 high
1121.25 329.06 37.50 18.98 1.0000 high
1117.50 322.73 33.75 21.09 1.0000 high
1110.00 318.52 33.75 18.98 1.0000 high
1102.50 314.30 33.75 18.98 1.0000 high
1098.75 310.08 30.00 18.98 1.0000 high
1091.25 307.97 33.75 16.88 1.0000 high
1083.75 303.75 33.75 18.98 1.0000 high
1080.00 301.64 30.00 16.88 1.0000 high
1072.50 299.53 33.75 18.98 1.0000 high
1065.00 297.42 33.75 16.88 1.0000 high
1061.25 295.31 30.00 18.98 1.0000 high
1053.75 293.20 30.00 18.98 1.0000 high
1046.25 291.09 33.75 18.98 1.0000 high
1042.50 291.09 33.75 18.98 1.0000 high
1035.00 288.98 33.75 21.09 1.0000 high
1031.25 288.98 33.75 21.09 1.0000 high
1027.50 286.88 30.00 23.20 1.0000 high
1023.75 288.98 30.00 18.98 1.0000 high
1016.25 286.88 33.75 21.09 1.0000 high
1012.50 286.88 33.75 21.09 1.0000 high
1008.75 286.88 33.75 21.09 1.0000 high
1005.00 286.88 33.75 21.09 1.0000 high
1001.25 286.88 33.75 21.09 1.0000 high
997.50 286.88 33.75 21.09 1.0000 high
997.50 286.88 30.00 21.09 1.0000 high
993.75 286.88 33.75 21.09 1.0000 high
990.00 286.88 33.75 21.09 1.0000 high
986.25 288.98 37.50 18.98 1.0000 high
986.25 288.98 33.75 18.98 1.0000 high
986.25 288.98 30.00 18.98 1.0000 high
986.25 288.98 30.00 18.98 1.0000 high
982.50 288.98 33.75 18.98 1.0000 high
982.50 288.98 33.75 18.98 1.0000 high
978.75 288.98 33.75 18.98 1.0000 high
978.75 288.98 30.00 18.98 1.0000 high
975.00 288.98 33.75 18.98 1.0000 high
975.00 288.98 33.75 18.98 1.0000 high
975.00 288.98 33.75 18.98 1.0000 high
975.00 288.98 30.00 18.98 1.0000 high
971.25 288.98 33.75 18.98 1.0000 high
971.25 288.98 33.75 18.98 1.0000 high
971.25 286.88 33.75 18.98 1.0000 high
971.25 286.88 30.00 18.98 1.0000 high
971.25 286.88 30.00 18.98 1.0000 high
971.25 286.88 30.00 18.98 1.0000 high
971.25 286.88 30.00 18.98 1.0000 high
971.25 284.77 30.00 21.09 1.0000 high
971.25 284.77 30.00 21.09 1.0000 high
971.25 284.77 30.00 18.98 1.0000 high
971.25 284.77 33.75 18.98 1.0000 high
971.25 282.66 33.75 21.09 1.0000 high
971.25 282.66 33.75 21.09 1.0000 high
971.25 282.66 33.75 18.98 1.0000 high
975.00 282.66 33.75 18.98 1.0000 high
975.00 282.66 33.75 18.98 1.0000 high
978.75 282.66 30.00 18.98 1.0000 high
978.75 280.55 30.00 21.09 1.0000 high
978.75 280.55 33.75 18.98 1.0000 high
982.50 280.55 30.00 18.98 1.0000 high
982.50 280.55 33.75 18.98 1.0000 high
986.25 280.55 30.00 18.98 1.0000 high
986.25 278.44 30.00 18.98 1.0000 high
986.25 278.44 33.75 18.98 1.0000 high
990.00 278.44 33.75 18.98 1.0000 high
993.75 278.44 30.00 18.98 1.0000 high
997.50 278.44 30.00 18.98 1.0000 high
997.50 278.44 33.75 18.98 1.0000 high
1001.25 278.44 30.00 16.88 1.0000 high
1001.25 276.33 30.00 18.98 1.0000 high
1005.00 276.33 33.75 18.98 1.0000 high
1005.00 276.33 33.75 16.88 1.0000 high
1008.75 276.33 30.00 16.88 1.0000 high
1012.50 274.22 30.00 18.98 1.0000 high
1012.50 274.22 33.75 18.98 1.0000 high
1016.25 274.22 30.00 18.98 1.0000 high
1020.00 274.22 33.75 18.98 1.0000 high
1020.00 274.22 33.75 18.98 1.0000 high
1023.75 274.22 30.00 16.88 1.0000 high
1027.50 272.11 33.75 18.98 1.0000 high
1031.25 272.11 30.00 18.98 1.0000 high
1031.25 272.11 33.75 18.98 1.0000 high
1035.00 272.11 30.00 18.98 1.0000 high
1038.75 272.11 30.00 16.88 1.0000 high
1038.75 272.11 30.00 16.88 1.0000 high
1042.50 270.00 30.00 18.98 1.0000 high
1042.50 270.00 33.75 18.98 1.0000 high
1046.25 270.00 30.00 18.98 1.0000 high
1050.00 270.00 33.75 18.98 1.0000 high
1053.75 270.00 30.00 18.98 1.0000 high
1053.75 270.00 33.75 18.98 1.0000 high
1057.50 270.00 33.75 18.98 1.0000 high
1061.25 270.00 30.00 18.98 1.0000 high
1061.25 270.00 33.75 16.88 1.0000 high
1065.00 267.89 33.75 18.98 1.0000 high
1068.75 267.89 30.00 18.98 1.0000 high
1072.50 267.89 30.00 18.98 1.0000 high
1072.50 267.89 33.75 18.98 1.0000 high
1076.25 267.89 33.75 18.98 1.0000 high
1080.00 267.89 33.75 16.88 1.0000 high
1083.75 265.78 30.00 18.98 1.0000 high
1087.50 265.78 33.75 18.98 1.0000 high
1087.50 265.78 33.75 18.98 1.0000 high
1091.25 265.78 33.75 18.98 1.0000 high
1095.00 265.78 33.75 18.98 1.0000 high
1098.75 263.67 33.75 21.09 1.0000 high
1102.50 263.67 33.75 21.09 1.0000 high
1106.25 263.67 30.00 18.98 1.0000 high
1106.25 263.67 37.50 18.98 1.0000 high
1113.75 261.56 30.00 21.09 1.0000 high
1113.75 261.56 37.50 21.09 1.0000 high
1121.25 261.56 30.00 21.09 1.0000 high
1121.25 261.56 33.75 18.98 1.0000 high
1125.00 261.56 33.75 18.98 1.0000 high
1132.50 259.45 30.00 21.09 1.0000 high
1132.50 259.45 33.75 21.09 1.0000 high
1136.25 259.45 37.50 21.09 1.0000 high
1143.75 259.45 30.00 21.09 1.0000 high
1147.50 259.45 33.75 21.09 1.0000 high
1151.25 259.45 33.75 18.98 1.0000 high
1155.00 259.45 33.75 18.98 1.0000 high
1158.75 257.34 33.75 21.09 1.0000 high
1162.50 257.34 33.75 21.09 1.0000 high
1166.25 257.34 33.75 18.98 1.0000 high
1170.00 257.34 33.75 18.98 1.0000 high
1177.50 257.34 33.75 18.98 1.0000 high
1181.25 257.34 30.00 18.98 1.0000 high
1185.00 257.34 33.75 18.98 1.0000 high
1188.75 257.34 37.50 18.98 1.0000 high
1192.50 255.23 37.50 21.09 1.0000 high
1200.00 255.23 33.75 21.09 1.0000 high
1203.75 255.23 33.75 21.09 1.0000 high
1207.50 255.23 33.75 18.98 1.0000 high
1211.25 255.23 37.50 18.98 1.0000 high
1218.75 255.23 30.00 18.98 1.0000 high
1222.50 253.12 33.75 21.09 1.0000 high
1226.25 253.12 37.50 21.09 1.0000 high
1233.75 253.12 33.75 18.98 1.0000 high
1237.50 253.12 33.75 18.98 1.0000 high
1241.25 253.12 33.75 18.98 1.0000 high
1245.00 253.12 33.75 18.98 1.0000 high
1252.50 251.02 33.75 21.09 1.0000 high
1256.25 251.02 33.75 21.09 1.0000 high
1260.00 251.02 33.75 18.98 1.0000 high
1263.75 248.91 37.50 21.09 1.0000 high
1271.25 248.91 33.75 21.09 1.0000 high
1275.00 248.91 33.75 21.09 1.0000 high
1278.75 248.91 37.50 21.09 1.0000 high
1286.25 248.91 33.75 18.98 1.0000 high
1290.00 248.91 33.75 18.98 1.0000 high
1293.75 248.91 37.50 18.98 1.0000 high
1301.25 248.91 33.75 18.98 1.0000 high
1305.00 246.80 33.75 21.09 1.0000 high
1308.75 246.80 37.50 21.09 1.0000 high
1316.25 246.80 33.75 21.09 1.0000 high
1320.00 246.80 33.75 21.09 1.0000 high
1323.75 244.69 37.50 21.09 1.0000 high
1327.50 244.69 37.50 21.09 1.0000 high
1335.00 244.69 33.75 21.09 1.0000 high
1338.75 244.69 33.75 21.09 1.0000 high
1342.50 244.69 33.75 18.98 1.0000 high
1346.25 242.58 37.50 21.09 1.0000 high
1353.75 242.58 33.75 21.09 1.0000 high
1357.50 242.58 33.75 21.09 1.0000 high
1361.25 242.58 37.50 21.09 1.0000 high
1368.75 240.47 33.75 21.09 1.0000 high
1372.50 240.47 33.75 21.09 1.0000 high
1376.25 240.47 37.50 21.09 1.0000 high
1380.00 240.47 37.50 21.09 1.0000 high
1383.75 240.47 37.50 18.98 1.0000 high
1387.50 240.47 37.50 18.98 1.0000 high
1391.25 240.47 37.50 18.98 1.0000 high
1398.75 238.36 37.50 21.09 1.0000 high
1402.50 238.36 37.50 21.09 1.0000 high
1406.25 238.36 37.50 21.09 1.0000 high
1410.00 236.25 37.50 21.09 1.0000 high
1413.75 236.25 37.50 21.09 1.0000 high
1421.25 234.14 33.75 21.09 1.0000 high
1421.25 234.14 37.50 21.09 1.0000 high
1428.75 234.14 33.75 21.09 1.0000 high
1432.50 234.14 37.50 21.09 1.0000 high
1436.25 234.14 37.50 18.98 1.0000 high
1440.00 232.03 37.50 21.09 1.0000 high
1443.75 232.03 37.50 21.09 1.0000 high
1447.50 229.92 37.50 21.09 1.0000 high
1451.25 229.92 37.50 21.09 1.0000 high
1455.00 229.92 37.50 21.09 1.0000 high
1462.50 229.92 33.75 18.98 1.0000 high
1462.50 227.81 37.50 21.09 1.0000 high
1466.25 227.81 37.50 21.09 1.0000 high
1470.00 225.70 37.50 23.20 1.0000 high
1473.75 225.70 37.50 23.20 1.0000 high
1477.50 225.70 37.50 21.09 1.0000 high
1481.25 223.59 41.25 23.20 1.0000 high
1485.00 223.59 41.25 21.09 1.0000 high
1488.75 223.59 37.50 21.09 1.0000 high
1492.50 223.59 41.25 21.09 1.0000 high
1496.25 221.48 41.25 23.20 1.0000 high
1500.00 221.48 41.25 21.09 1.0000 high
1503.75 221.48 41.25 21.09 1.0000 high
1507.50 219.38 41.25 23.20 1.0000 high
1511.25 219.38 37.50 23.20 1.0000 high
1511.25 217.27 45.00 23.20 1.0000 high
1518.75 217.27 37.50 23.20 1.0000 high
1522.50 217.27 37.50 21.09 1.0000 high
1526.25 217.27 37.50 21.09 1.0000 high
1530.00 215.16 37.50 23.20 1.0000 high
1533.75 215.16 37.50 23.20 1.0000 high
1537.50 215.16 37.50 21.09 1.0000 high
1537.50 215.16 41.25 21.09 1.0000 high
1541.25 213.05 41.25 23.20 1.0000 high
1545.00 213.05 41.25 23.20 1.0000 high
1548.75 213.05 41.25 21.09 1.0000 high
1552.50 213.05 41.25 21.09 1.0000 high
1552.50 213.05 45.00 21.09 1.0000 high
1556.25 210.94 45.00 23.20 1.0000 high
1560.00 210.94 41.25 23.20 1.0000 high
1563.75 210.94 41.25 21.09 1.0000 high
1567.50 208.83 41.25 23.20 1.0000 high
1567.50 208.83 45.00 23.20 1.0000 high
1571.25 208.83 41.25 23.20 1.0000 high
1575.00 208.83 41.25 21.09 1.0000 high
1578.75 208.83 41.25 21.09 1.0000 high
1582.50 208.83 41.25 21.09 1.0000 high
1586.25 206.72 41.25 23.20 1.0000 high
1590.00 206.72 41.25 21.09 1.0000 high
1590.00 206.72 45.00 21.09 1.0000 high
1593.75 206.72 41.25 21.09 1.0000 high
1597.50 204.61 41.25 23.20 1.0000 high
1601.25 204.61 41.25 23.20 1.0000 high
1601.25 204.61 45.00 21.09 1.0000 high
1608.75 204.61 37.50 21.09 1.0000 high
1608.75 202.50 45.00 23.20 1.0000 high
1612.50 202.50 45.00 23.20 1.0000 high
1616.25 202.50 45.00 23.20 1.0000 high
1620.00 200.39 41.25 23.20 1.0000 high
1623.75 202.50 37.50 21.09 1.0000 high
1623.75 200.39 45.00 23.20 1.0000 high
1627.50 200.39 41.25 23.20 1.0000 high
1631.25 198.28 41.25 25.31 1.0000 high
1635.00 200.39 41.25 21.09 1.0000 high
1638.75 198.28 41.25 23.20 1.0000 high
1642.50 198.28 41.25 23.20 1.0000 high
1642.50 198.28 45.00 23.20 1.0000 high
1646.25 196.17 45.00 25.31 1.0000 high
1650.00 196.17 41.25 25.31 1.0000 high
1653.75 196.17 41.25 23.20 1.0000 high
1657.50 196.17 41.25 23.20 1.0000 high
1657.50 196.17 41.25 23.20 1.0000 high
1661.25 194.06 41.25 25.31 1.0000 high
1661.25 194.06 45.00 25.31 1.0000 high
1665.00 194.06 41.25 25.31 1.0000 high
1668.75 194.06 41.25 25.31 1.0000 high
1668.75 194.06 45.00 25.31 1.0000 high
1668.75 194.06 45.00 25.31 1.0000 high
1672.50 194.06 41.25 25.31 1.0000 high
1672.50 194.06 45.00 27.42 1.0000 high
1672.50 196.17 45.00 25.31 1.0000 high
1676.25 196.17 41.25 25.31 1.0000 high
1676.25 196.17 45.00 25.31 1.0000 high
1676.25 196.17 45.00 25.31 1.0000 high
1680.00 198.28 41.25 23.20 1.0000 high
1680.00 198.28 45.00 25.31 1.0000 high
1680.00 198.28 45.00 25.31 1.0000 high
1680.00 198.28 45.00 25.31 1.0000 high
1683.75 200.39 41.25 25.31 1.0000 high
1683.75 200.39 45.00 25.31 1.0000 high
1683.75 202.50 45.00 23.20 1.0000 high
1683.75 202.50 45.00 25.31 1.0000 high
1683.75 204.61 45.00 23.20 1.0000 high
1683.75 204.61 45.00 25.31 1.0000 high
1687.50 204.61 41.25 25.31 1.0000 high
1687.50 206.72 41.25 23.20 1.0000 high
1687.50 206.72 45.00 23.20 1.0000 high
1687.50 206.72 45.00 25.31 1.0000 high
1687.50 206.72 45.00 25.31 1.0000 high
1687.50 206.72 45.00 25.31 1.0000 high
1687.50 206.72 45.00 25.31 1.0000 high
1687.50 208.83 45.00 25.31 1.0000 high
1687.50 208.83 45.00 25.31 1.0000 high
1687.50 210.94 45.00 23.20 1.0000 high
1687.50 210.94 45.00 23.20 1.0000 high
1687.50 210.94 45.00 25.31 1.0000 high
1687.50 213.05 45.00 23.20 1.0000 high
1687.50 213.05 45.00 23.20 1.0000 high
1691.25 213.05 41.25 23.20 1.0000 high
1687.50 213.05 48.75 25.31 1.0000 high
1691.25 213.05 45.00 25.31 1.0000 high
1691.25 213.05 45.00 25.31 1.0000 high
1691.25 213.05 45.00 25.31 1.0000 high
1691.25 213.05 45.00 25.31 1.0000 high
1691.25 213.05 45.00 25.31 1.0000 high
1691.25 213.05 45.00 25.31 1.0000 high
1691.25 213.05 45.00 25.31 1.0000 high
1691.25 213.05 45.00 25.31 1.0000 high
1691.25 215.16 45.00 23.20 1.0000 high
1691.25 213.05 45.00 25.31 1.0000 high
1691.25 213.05 45.00 25.31 1.0000 high
1691.25 213.05 45.00 25.31 1.0000 high
1691.25 213.05 45.00 25.31 1.0000 high
1691.25 213.05 45.00 25.31 1.0000 high
1691.25 213.05 45.00 25.31 1.0000 high
1691.25 213.05 45.00 25.31 1.0000 high
1691.25 213.05 45.00 25.31 1.0000 high
1691.25 213.05 48.75 25.31 1.0000 high
1691.25 213.05 48.75 25.31 1.0000 high
1691.25 213.05 48.75 25.31 1.0000 high
1695.00 215.16 45.00 23.20 1.0000 high
1691.25 215.16 48.75 25.31 1.0000 high
1691.25 215.16 48.75 25.31 1.0000 high
1695.00 217.27 45.00 25.31 1.0000 high
1695.00 217.27 48.75 25.31 1.0000 high
1698.75 219.38 45.00 25.31 1.0000 high
1698.75 221.48 45.00 25.31 1.0000 high
1698.75 223.59 45.00 25.31 1.0000 high
1698.75 227.81 45.00 23.20 1.0000 high
1698.75 229.92 45.00 23.20 1.0000 high
1698.75 232.03 45.00 23.20 1.0000 high
1698.75 232.03 48.75 25.31 1.0000 high
1702.50 234.14 45.00 25.31 1.0000 high
1702.50 238.36 45.00 23.20 1.0000 high
1702.50 238.36 45.00 25.31 1.0000 high
1702.50 240.47 45.00 25.31 1.0000 high
1702.50 242.58 45.00 25.31 1.0000 high
1702.50 244.69 45.00 25.31 1.0000 high
1702.50 246.80 48.75 25.31 1.0000 high
1702.50 248.91 48.75 25.31 1.0000 high
1702.50 251.02 48.75 25.31 1.0000 high
1706.25 253.12 45.00 25.31 1.0000 high
1706.25 255.23 45.00 25.31 1.0000 high
1706.25 255.23 45.00 27.42 1.0000 high
1706.25 257.34 48.75 27.42 1.0000 high
1706.25 259.45 45.00 25.31 1.0000 high
1706.25 261.56 45.00 25.31 1.0000 high
1706.25 263.67 45.00 25.31 1.0000 high
1706.25 263.67 45.00 25.31 1.0000 high
1706.25 265.78 45.00 23.20 1.0000 high
1706.25 265.78 45.00 25.31 1.0000 high
1702.50 265.78 48.75 25.31 1.0000 high
1706.25 267.89 45.00 25.31 1.0000 high
1706.25 267.89 45.00 25.31 1.0000 high
1702.50 267.89 48.75 25.31 1.0000 high
1706.25 267.89 45.00 25.31 1.0000 high
1702.50 267.89 48.75 25.31 1.0000 high
1702.50 267.89 48.75 25.31 1.0000 high
1702.50 267.89 45.00 25.31 1.0000 high
1702.50 267.89 45.00 25.31 1.0000 high
1702.50 267.89 45.00 25.31 1.0000 high
1702.50 267.89 45.00 25.31 1.0000 high
1702.50 267.89 45.00 25.31 1.0000 high
1702.50 267.89 45.00 25.31 1.0000 high
1702.50 267.89 45.00 25.31 1.0000 high
1702.50 267.89 45.00 25.31 1.0000 high
1702.50 267.89 45.00 25.31 1.0000 high
1702.50 267.89 45.00 25.31 1.0000 high
1702.50 267.89 45.00 25.31 1.0000 high
1702.50 267.89 45.00 25.31 1.0000 high
1698.75 267.89 48.75 25.31 1.0000 high
1702.50 267.89 45.00 25.31 1.0000 high
1702.50 267.89 45.00 25.31 1.0000 high
1698.75 267.89 45.00 25.31 1.0000 high
1698.75 267.89 45.00 25.31 1.0000 high
1698.75 267.89 45.00 25.31 1.0000 high
1698.75 267.89 45.00 25.31 1.0000 high
1698.75 267.89 45.00 25.31 1.0000 high
1698.75 267.89 45.00 25.31 1.0000 high
1698.75 267.89 45.00 25.31 1.0000 high
1698.75 267.89 45.00 25.31 1.0000 high
1698.75 270.00 45.00 23.20 1.0000 high
1698.75 270.00 45.00 23.20 1.0000 high
1698.75 270.00 45.00 23.20 1.0000 high
1698.75 270.00 45.00 23.20 1.0000 high
1698.75 270.00 45.00 23.20 1.0000 high
1698.75 270.00 45.00 25.31 1.0000 high
1698.75 270.00 45.00 25.31 1.0000 high
1695.00 270.00 48.75 25.31 1.0000 high
1695.00 270.00 48.75 25.31 1.0000 high
1695.00 272.11 45.00 23.20 1.0000 high
1695.00 272.11 45.00 23.20 1.0000 high
1695.00 272.11 45.00 23.20 1.0000 high
1695.00 272.11 45.00 25.31 1.0000 high
1695.00 272.11 41.25 25.31 1.0000 high
1695.00 274.22 41.25 23.20 1.0000 high
1691.25 274.22 45.00 23.20 1.0000 high
1691.25 274.22 45.00 23.20 1.0000 high
1691.25 274.22 45.00 23.20 1.0000 high
1691.25 274.22 45.00 23.20 1.0000 high
1691.25 274.22 45.00 23.20 1.0000 high
1691.25 274.22 41.25 23.20 1.0000 high
1691.25 274.22 41.25 23.20 1.0000 high
1691.25 274.22 41.25 23.20 1.0000 high
1691.25 274.22 41.25 25.31 1.0000 high
1687.50 274.22 45.00 25.31 1.0000 high
1687.50 274.22 45.00 25.31 1.0000 high
1687.50 276.33 41.25 23.20 1.0000 high
1687.50 276.33 41.25 23.20 1.0000 high
1687.50 276.33 41.25 25.31 1.0000 high
1687.50 276.33 41.25 25.31 1.0000 high
1687.50 276.33 41.25 25.31 1.0000 high
1687.50 276.33 41.25 25.31 1.0000 high
1687.50 276.33 41.25 25.31 1.0000 high
1687.50 278.44 41.25 23.20 1.0000 high
1687.50 278.44 41.25 23.20 1.0000 high
1687.50 278.44 41.25 23.20 1.0000 high
1687.50 278.44 41.25 23.20 1.0000 high
1687.50 278.44 41.25 23.20 1.0000 high
1687.50 278.44 41.25 23.20 1.0000 high
1687.50 278.44 41.25 25.31 1.0000 high
1687.50 278.44 41.25 25.31 1.0000 high
1687.50 278.44 41.25 25.31 1.0000 high
1687.50 278.44 41.25 25.31 1.0000 high
1687.50 278.44 41.25 25.31 1.0000 high
1687.50 278.44 41.25 25.31 1.0000 high
1687.50 278.44 41.25 25.31 1.0000 high
1687.50 278.44 41.25 25.31 1.0000 high
1687.50 278.44 41.25 25.31 1.0000 high
1687.50 278.44 41.25 25.31 1.0000 high
1687.50 278.44 37.50 27.42 1.0000 high
1683.75 278.44 41.25 27.42 1.0000 high
1683.75 278.44 37.50 27.42 1.0000 high
1683.75 278.44 37.50 27.42 1.0000 high
1680.00 278.44 41.25 27.42 1.0000 high
1676.25 278.44 45.00 27.42 1.0000 high
1676.25 278.44 41.25 27.42 1.0000 high
1672.50 280.55 41.25 25.31 1.0000 high
1672.50 280.55 41.25 25.31 1.0000 high
1668.75 280.55 41.25 25.31 1.0000 high
1668.75 282.66 37.50 25.31 1.0000 high
1661.25 282.66 45.00 25.31 1.0000 high
1661.25 282.66 37.50 25.31 1.0000 high
1657.50 282.66 41.25 25.31 1.0000 high
1653.75 282.66 41.25 25.31 1.0000 high
1650.00 282.66 41.25 27.42 1.0000 high
1646.25 284.77 45.00 25.31 1.0000 high
1642.50 284.77 41.25 25.31 1.0000 high
1642.50 284.77 37.50 25.31 1.0000 high
1635.00 286.88 41.25 23.20 1.0000 high
1631.25 286.88 45.00 23.20 1.0000 high
1627.50 288.98 41.25 23.20 1.0000 high
1627.50 288.98 41.25 23.20 1.0000 high
1623.75 288.98 37.50 23.20 1.0000 high
1616.25 288.98 45.00 23.20 1.0000 high
1616.25 291.09 41.25 23.20 1.0000 high
1612.50 291.09 41.25 23.20 1.0000 high
1608.75 291.09 45.00 23.20 1.0000 high
1608.75 293.20 37.50 23.20 1.0000 high
1605.00 293.20 41.25 23.20 1.0000 high
1601.25 295.31 41.25 23.20 1.0000 high
1601.25 297.42 37.50 21.09 1.0000 high
1597.50 299.53 41.25 21.09 1.0000 high
1597.50 299.53 41.25 23.20 1.0000 high
1593.75 301.64 41.25 23.20 1.0000 high
1593.75 303.75 37.50 23.20 1.0000 high
1590.00 305.86 41.25 21.09 1.0000 high
1590.00 307.97 41.25 21.09 1.0000 high
1586.25 310.08 45.00 21.09 1.0000 high
1586.25 312.19 45.00 23.20 1.0000 high
1586.25 314.30 45.00 21.09 1.0000 high
1586.25 316.41 41.25 21.09 1.0000 high
1582.50 318.52 45.00 21.09 1.0000 high
1586.25 320.62 41.25 23.20 1.0000 high
1582.50 322.73 41.25 23.20 1.0000 high
1582.50 324.84 41.25 23.20 1.0000 high
1582.50 326.95 41.25 23.20 1.0000 high
1582.50 329.06 41.25 23.20 1.0000 high
1582.50 331.17 41.25 23.20 1.0000 high
1582.50 333.28 41.25 23.20 1.0000 high
1582.50 335.39 41.25 23.20 1.0000 high
1582.50 337.50 41.25 23.20 1.0000 high
1582.50 339.61 41.25 23.20 1.0000 high
1582.50 341.72 41.25 23.20 1.0000 high
1582.50 343.83 41.25 23.20 1.0000 high
1582.50 345.94 41.25 23.20 1.0000 high
1582.50 348.05 41.25 23.20 1.0000 high
1582.50 350.16 41.25 23.20 1.0000 high
1582.50 352.27 41.25 23.20 1.0000 high
1582.50 354.38 41.25 23.20 1.0000 high
1582.50 356.48 41.25 23.20 1.0000 high
1582.50 358.59 41.25 23.20 1.0000 high
1582.50 360.70 41.25 23.20 1.0000 high
1586.25 362.81 37.50 23.20 1.0000 high
1582.50 364.92 41.25 21.09 1.0000 high
1582.50 367.03 41.25 21.09 1.0000 high
1582.50 367.03 41.25 23.20 1.0000 high
1582.50 369.14 45.00 21.09 1.0000 high
1582.50 371.25 41.25 21.09 1.0000 high
1582.50 371.25 41.25 23.20 1.0000 high
1582.50 375.47 41.25 21.09 1.0000 high
1582.50 375.47 41.25 23.20 1.0000 high
1582.50 377.58 41.25 21.09 1.0000 high
1582.50 379.69 41.25 21.09 1.0000 high
1582.50 381.80 41.25 21.09 1.0000 high
1582.50 381.80 41.25 21.09 1.0000 high
1582.50 383.91 41.25 21.09 1.0000 high
1582.50 386.02 41.25 21.09 1.0000 high
1582.50 386.02 41.25 21.09 1.0000 high
1582.50 388.12 45.00 21.09 1.0000 high
1582.50 390.23 45.00 21.09 1.0000 high
1582.50 390.23 45.00 21.09 1.0000 high
1582.50 390.23 45.00 23.20 1.0000 high
1582.50 392.34 45.00 21.09 1.0000 high
1582.50 392.34 45.00 21.09 1.0000 high
1582.50 392.34 41.25 23.20 1.0000 high
1582.50 392.34 41.25 23.20 1.0000 high
1582.50 392.34 41.25 23.20 1.0000 high
1582.50 392.34 41.25 23.20 1.0000 high
1582.50 394.45 41.25 21.09 1.0000 high
1582.50 394.45 41.25 21.09 1.0000 high
1582.50 394.45 41.25 21.09 1.0000 high
1582.50 394.45 41.25 21.09 1.0000 high
1582.50 394.45 41.25 21.09 1.0000 high
1582.50 394.45 41.25 21.09 1.0000 high
1582.50 394.45 45.00 21.09 1.0000 high
1582.50 394.45 45.00 21.09 1.0000 high
1582.50 394.45 45.00 21.09 1.0000 high
1582.50 394.45 45.00 21.09 1.0000 high
1582.50 394.45 45.00 21.09 1.0000 high
1586.25 394.45 41.25 21.09 1.0000 high
1586.25 394.45 41.25 21.09 1.0000 high
1586.25 394.45 45.00 21.09 1.0000 high
1586.25 392.34 45.00 23.20 1.0000 high
1590.00 394.45 41.25 21.09 1.0000 high
1593.75 392.34 41.25 25.31 1.0000 high
1593.75 392.34 45.00 23.20 1.0000 high
1597.50 392.34 41.25 23.20 1.0000 high
1597.50 392.34 45.00 23.20 1.0000 high
1601.25 392.34 41.25 23.20 1.0000 high
1605.00 392.34 41.25 23.20 1.0000 high
1608.75 392.34 41.25 23.20 1.0000 high
1608.75 392.34 45.00 21.09 1.0000 high
1612.50 390.23 45.00 23.20 1.0000 high
1616.25 390.23 45.00 23.20 1.0000 high
1620.00 390.23 45.00 23.20 1.0000 high
1623.75 390.23 45.00 23.20 1.0000 high
1627.50 390.23 45.00 21.09 1.0000 high
1631.25 388.12 45.00 23.20 1.0000 high
1638.75 388.12 45.00 23.20 1.0000 high
1642.50 388.12 41.25 23.20 1.0000 high
1646.25 388.12 45.00 21.09 1.0000 high
1653.75 388.12 45.00 21.09 1.0000 high
1657.50 386.02 45.00 23.20 1.0000 high
1661.25 386.02 45.00 23.20 1.0000 high
1665.00 386.02 48.75 23.20 1.0000 high
1672.50 383.91 45.00 23.20 1.0000 high
1676.25 383.91 45.00 23.20 1.0000 high
1683.75 383.91 41.25 23.20 1.0000 high
1687.50 383.91 41.25 23.20 1.0000 high
1691.25 381.80 45.00 23.20 1.0000 high
1698.75 381.80 41.25 23.20 1.0000 high
1702.50 381.80 41.25 23.20 1.0000 high
1710.00 379.69 41.25 25.31 1.0000 high
1713.75 379.69 45.00 23.20 1.0000 high
1717.50 377.58 45.00 25.31 1.0000 high
1725.00 377.58 41.25 25.31 1.0000 high
1728.75 375.47 41.25 27.42 1.0000 high
1732.50 375.47 41.25 27.42 1.0000 high
1736.25 375.47 41.25 27.42 1.0000 high
1743.75 375.47 37.50 27.42 1.0000 high
1747.50 375.47 37.50 25.31 1.0000 high
1747.50 375.47 41.25 25.31 1.0000 high
1751.25 375.47 41.25 25.31 1.0000 high
1755.00 375.47 41.25 25.31 1.0000 high
1758.75 375.47 37.50 25.31 1.0000 high
1758.75 375.47 45.00 23.20 1.0000 high
1762.50 375.47 41.25 23.20 1.0000 high
1762.50 375.47 41.25 23.20 1.0000 high
1766.25 377.58 37.50 21.09 1.0000 high
1770.00 377.58 33.75 21.09 1.0000 high
1770.00 377.58 37.50 21.09 1.0000 high
1770.00 377.58 37.50 21.09 1.0000 high
1773.75 375.47 37.50 23.20 1.0000 high
1773.75 375.47 37.50 23.20 1.0000 high
1773.75 373.36 41.25 25.31 1.0000 high
1773.75 375.47 41.25 23.20 1.0000 high
1773.75 373.36 45.00 25.31 1.0000 high
1773.75 373.36 45.00 23.20 1.0000 high
1773.75 373.36 45.00 23.20 1.0000 high
1773.75 373.36 45.00 23.20 1.0000 high
1773.75 373.36 45.00 23.20 1.0000 high
1773.75 373.36 45.00 23.20 1.0000 high
1777.50 373.36 41.25 23.20 1.0000 high
1777.50 373.36 41.25 23.20 1.0000 high
1777.50 373.36 41.25 23.20 1.0000 high
1777.50 373.36 41.25 23.20 1.0000 high
1777.50 373.36 41.25 23.20 1.0000 high
1777.50 373.36 41.25 23.20 1.0000 high
1777.50 373.36 41.25 23.20 1.0000 high
1777.50 373.36 41.25 21.09 1.0000 high
1777.50 373.36 41.25 21.09 1.0000 high
1777.50 373.36 41.25 21.09 1.0000 high
1777.50 373.36 41.25 21.09 1.0000 high
1777.50 373.36 41.25 21.09 1.0000 high
1777.50 373.36 41.25 21.09 1.0000 high
1777.50 371.25 41.25 23.20 1.0000 high
1777.50 373.36 41.25 21.09 1.0000 high
1773.75 371.25 45.00 23.20 1.0000 high
1773.75 371.25 45.00 23.20 1.0000 high
1773.75 371.25 45.00 23.20 1.0000 high
1773.75 371.25 45.00 23.20 1.0000 high
1773.75 371.25 45.00 23.20 1.0000 high
1773.75 369.14 45.00 25.31 1.0000 high
1773.75 369.14 45.00 25.31 1.0000 high
1770.00 369.14 48.75 25.31 1.0000 high
1770.00 369.14 48.75 25.31 1.0000 high
1770.00 369.14 45.00 25.31 1.0000 high
1770.00 369.14 45.00 25.31 1.0000 high
1770.00 369.14 45.00 25.31 1.0000 high
1770.00 371.25 45.00 23.20 1.0000 high
1770.00 371.25 45.00 23.20 1.0000 high
1766.25 371.25 48.75 23.20 1.0000 high
1766.25 371.25 48.75 23.20 1.0000 high
1766.25 371.25 45.00 23.20 1.0000 high
1766.25 371.25 45.00 23.20 1.0000 high
1766.25 371.25 45.00 23.20 1.0000 high
1766.25 371.25 45.00 23.20 1.0000 high
1766.25 369.14 45.00 25.31 1.0000 high
1766.25 371.25 45.00 23.20 1.0000 high
1766.25 371.25 45.00 23.20 1.0000 high
1766.25 371.25 45.00 23.20 1.0000 high
1766.25 373.36 45.00 21.09 1.0000 high
1766.25 373.36 45.00 23.20 1.0000 high
1770.00 373.36 41.25 23.20 1.0000 high
1770.00 375.47 41.25 23.20 1.0000 high
1770.00 379.69 37.50 18.98 1.0000 high
1770.00 379.69 41.25 21.09 1.0000 high
1770.00 379.69 41.25 23.20 1.0000 high
1770.00 379.69 45.00 23.20 1.0000 high
1770.00 381.80 48.75 23.20 1.0000 high
1773.75 383.91 41.25 21.09 1.0000 high
1773.75 388.12 37.50 18.98 1.0000 high
1773.75 388.12 41.25 21.09 1.0000 high
1773.75 388.12 41.25 21.09 1.0000 high
1773.75 390.23 41.25 21.09 1.0000 high
1773.75 390.23 45.00 23.20 1.0000 high
1777.50 396.56 33.75 16.88 1.0000 high
-100 -100 -100 -100 0.0000 coast_none
1777.40 397.60 36.37 18.29 0.0000 coast
416.25 392.34 26.25 16.88 1.0000 reinit
416.25 392.34 26.25 16.88 1.0000 high
416.25 394.45 26.25 12.66 1.0000 high
416.25 394.45 26.25 12.66 1.0000 high
416.25 395.13 26.25 11.31 0.0000 coast
416.25 394.45 26.25 12.66 1.0000 high
416.25 395.02 26.25 11.53 0.0000 coast
416.25 395.39 26.25 10.78 0.0000 coast
423.75 394.45 15.00 4.22 0.9961 high
420.00 394.45 18.75 4.22 0.9961 high
-100 -100 -100 -100 0.0000 coast_none
-100 -100 -100 -100 0.0000 coast_none
421.65 394.45 15.66 1.00 0.0000 coast
427.50 394.45 7.50 4.22 0.3608 low
428.25 394.64 6.13 3.09 0.0000 coast
429.35 394.86 4.32 2.16 0.0000 coast
420.00 394.45 22.50 12.66 1.0000 reinit
420.00 394.45 22.50 12.66 1.0000 high
416.25 392.34 26.25 14.77 1.0000 high
416.25 392.34 26.25 14.77 1.0000 high
416.25 392.34 26.25 14.77 1.0000 high
416.25 392.34 26.25 14.77 1.0000 high
416.25 394.45 26.25 12.66 1.0000 high
415.31 393.51 27.19 13.60 0.0000 coast
414.71 393.43 27.79 13.68 0.0000 coast
427.50 394.45 7.50 4.22 0.8706 reinit
427.50 394.45 7.50 4.22 0.0000 coast
427.50 394.45 7.50 4.22 0.0000 coast
416.25 394.45 26.25 12.66 1.0000 reinit
416.25 394.45 26.25 12.66 0.0000 coast
416.25 394.45 26.25 12.66 0.0000 coast
423.75 394.45 15.00 4.22 0.9608 high
-100 -100 -100 -100 0.0000 coast_none
431.25 396.56 3.75 2.11 0.3020 low
433.32 396.89 1.00 1.00 0.0000 coast
434.05 396.74 1.00 1.00 0.0000 coast
420.00 394.45 22.50 10.55 1.0000 reinit
420.00 394.45 22.50 10.55 1.0000 high
423.75 394.45 18.75 6.33 0.9882 high
424.13 394.45 18.37 5.90 0.0000 coast
425.34 394.45 17.16 4.54 0.0000 coast
416.25 394.45 26.25 12.66 1.0000 reinit
420.00 394.45 22.50 12.66 1.0000 high
420.00 394.45 22.50 12.66 1.0000 high
416.25 392.34 26.25 14.77 1.0000 high
416.25 392.34 26.25 14.77 1.0000 high
420.00 394.45 22.50 12.66 1.0000 high
416.25 394.45 26.25 12.66 1.0000 high
416.50 394.13 26.00 12.98 0.0000 coast
416.25 394.45 26.25 12.66 1.0000 high
416.25 394.45 26.25 12.66 1.0000 high
416.25 394.45 26.25 10.55 1.0000 high
416.25 394.45 26.25 12.66 1.0000 high
416.25 394.45 26.25 12.66 1.0000 high
416.25 394.45 26.25 12.66 1.0000 high
416.25 392.34 26.25 14.77 1.0000 high
416.25 392.34 26.25 14.77 1.0000 high
416.25 394.45 26.25 10.55 1.0000 high
416.25 394.45 22.50 10.55 0.9961 high
416.05 394.22 23.69 10.79 0.0000 coast
416.25 394.45 22.50 10.55 0.9961 high
-100 -100 -100 -100 0.0000 coast_none
416.00 394.49 22.19 10.14 0.0000 coast
416.25 394.45 22.50 10.55 1.0000 high
416.15 394.50 22.22 10.32 0.0000 coast
-100 -100 -100 -100 0.0000 coast_none
776.25 527.34 7.50 4.22 1.0000 reinit
776.25 527.34 7.50 4.22 1.0000 high
776.25 527.34 7.50 6.33 1.0000 high
776.25 527.34 7.50 4.22 1.0000 high
776.25 527.34 7.50 4.22 1.0000 high
776.25 527.34 7.50 4.22 0.9961 high
776.25 527.34 7.50 4.22 1.0000 high
776.25 527.34 7.50 4.22 0.9961 high
776.25 527.34 7.50 6.33 1.0000 high
776.25 527.34 7.50 5.80 0.0000 coast
776.25 527.34 7.50 6.33 1.0000 high
776.25 527.34 7.50 6.47 0.0000 coast
776.25 527.34 7.50 6.68 0.0000 coast
776.25 527.34 7.50 6.33 1.0000 high
776.25 527.34 7.50 6.33 1.0000 high
776.25 527.34 7.50 6.54 0.0000 coast
776.25 527.34 7.50 6.68 0.0000 coast
776.25 527.34 7.50 6.33 1.0000 high
776.25 527.34 7.50 6.50 0.0000 coast
776.25 527.34 7.50 6.59 0.0000 coast
1361.25 620.16 18.75 6.33 1.0000 reinit
1365.00 620.16 15.00 6.33 1.0000 high
1365.00 620.16 15.00 6.33 0.9882 high
1365.00 620.16 15.00 6.33 0.9882 high
1365.58 620.16 14.42 6.33 0.0000 coast
1368.75 620.16 11.25 4.22 0.9961 high
1368.75 620.16 11.25 4.22 0.9922 high
1368.75 620.16 11.25 4.22 0.9882 high
1369.72 620.16 10.28 3.76 0.0000 coast
1368.75 620.16 11.25 4.22 0.9961 high
-100 -100 -100 -100 0.0000 coast_none
1369.88 620.16 10.12 3.68 0.0000 coast
772.50 527.34 15.00 6.33 1.0000 reinit
772.50 527.34 15.00 6.33 1.0000 high
772.50 527.34 15.00 6.33 1.0000 high
772.50 527.34 15.00 6.33 1.0000 high
772.50 525.23 15.00 10.55 1.0000 high
772.50 525.23 15.00 10.55 1.0000 high
772.50 525.23 15.00 10.55 1.0000 high
772.50 525.23 15.00 10.55 1.0000 high
772.50 524.74 15.00 11.54 0.0000 coast
772.50 527.34 15.00 6.33 1.0000 high
772.50 526.76 15.00 7.50 0.0000 coast
772.50 526.75 15.00 7.51 0.0000 coast
776.25 527.34 7.50 6.33 1.0000 reinit
776.25 527.34 7.50 4.22 0.9922 high
776.25 527.34 7.50 4.22 0.9922 high
776.25 527.34 7.50 3.80 0.0000 coast
-100 -100 -100 -100 0.0000 coast_none
780.00 529.45 3.75 2.11 0.4980 low
780.00 529.45 3.75 2.11 0.5765 high
-100 -100 -100 -100 0.0000 coast_none
780.00 529.45 3.75 2.11 0.9255 high
780.78 529.89 2.97 1.54 0.0000 coast
781.27 530.17 2.48 1.17 0.0000 coast
776.25 527.34 7.50 4.22 0.9961 reinit
776.25 527.34 7.50 4.22 0.9961 high
-100 -100 -100 -100 0.0000 coast_none
776.25 527.34 7.50 4.22 0.9922 high
776.25 527.34 7.50 4.22 1.0000 high
776.25 527.34 7.50 4.22 0.9882 high
776.25 527.34 7.50 4.22 0.9961 high
776.25 527.34 7.50 4.22 0.9843 high
776.25 527.34 7.50 4.22 0.9961 high
776.25 527.34 7.50 6.33 1.0000 high
776.25 527.34 7.50 5.85 0.0000 coast
776.25 527.34 7.50 6.06 0.0000 coast
776.25 527.34 7.50 4.22 1.0000 high
776.25 527.34 7.50 4.22 1.0000 high
776.25 527.34 7.50 4.22 0.9961 high
776.25 527.34 7.50 4.22 1.0000 high
776.25 527.34 7.50 4.22 1.0000 high
776.25 527.34 7.50 4.22 1.0000 high
776.25 527.34 7.50 4.19 0.0000 coast
776.25 527.34 7.50 4.17 0.0000 coast
776.25 527.34 11.25 6.33 1.0000 reinit
776.25 527.34 11.25 6.33 1.0000 high
776.25 527.34 7.50 6.33 1.0000 high
776.25 527.34 7.12 6.33 0.0000 coast
776.25 527.34 5.91 6.33 0.0000 coast
776.25 527.34 11.25 6.33 1.0000 reinit
776.25 527.34 11.25 6.33 1.0000 high
776.25 527.34 7.50 6.33 1.0000 high
776.25 527.34 7.12 6.33 0.0000 coast
776.25 527.34 5.91 6.33 0.0000 coast
772.50 525.23 15.00 10.55 1.0000 reinit
772.50 525.23 15.00 10.55 1.0000 high
772.50 525.23 15.00 10.55 0.0000 coast
776.25 527.34 11.25 6.33 1.0000 high
776.25 527.34 11.25 6.33 1.0000 high
776.25 527.34 11.25 6.33 1.0000 high
777.14 527.84 10.36 5.33 0.0000 coast
777.80 528.21 9.70 4.59 0.0000 coast
1368.75 620.16 11.25 4.22 0.9020 reinit
1368.75 620.16 11.25 4.22 0.0000 coast
1368.75 620.16 11.25 4.22 0.0000 coast
1368.75 620.16 11.25 4.22 0.0000 coast
-100 -100 -100 -100 0.0000 coast_none
-100 -100 -100 -100 0.0000 coast_none
-100 -100 -100 -100 0.0000 coast_none
-100 -100 -100 -100 0.0000 coast_none
-100 -100 -100 -100 0.0000 coast_none
780.00 529.45 3.75 2.11 0.6353 reinit
780.00 529.45 3.75 2.11 0.0000 coast
780.00 529.45 3.75 2.11 0.0000 coast
776.25 527.34 11.25 6.33 1.0000 reinit
776.25 527.34 11.25 6.33 1.0000 high
776.25 527.34 11.25 6.33 0.0000 coast
776.25 527.34 7.50 6.33 1.0000 high
776.25 527.34 7.50 6.33 1.0000 high
776.25 527.34 6.51 6.33 0.0000 coast
776.25 527.34 5.64 6.33 0.0000 coast
776.25 527.34 11.25 6.33 1.0000 reinit
776.25 527.34 11.25 6.33 1.0000 high
776.25 527.34 11.25 6.33 1.0000 high
776.25 527.34 11.25 6.33 1.0000 high
776.25 527.34 11.25 6.33 1.0000 high
776.25 527.34 11.25 6.33 1.0000 high
776.25 527.34 11.25 6.33 0.0000 coast
776.25 527.34 7.50 6.33 1.0000 high
776.25 527.34 7.66 6.33 0.0000 coast
-100 -100 -100 -100 0.0000 coast_none
780.00 529.45 3.75 2.11 0.9490 reinit
780.00 529.45 3.75 2.11 0.0000 coast
780.00 529.45 3.75 2.11 0.0000 coast
776.25 527.34 7.50 4.22 1.0000 high
775.62 526.99 8.13 4.57 0.0000 coast
-100 -100 -100 -100 0.0000 coast_none
776.25 527.34 7.50 4.22 1.0000 high
775.55 526.95 8.20 4.61 0.0000 coast
776.25 527.34 7.50 4.22 1.0000 high
776.25 527.34 7.50 4.22 1.0000 high
775.88 527.13 7.87 4.43 0.0000 coast
775.65 527.00 8.10 4.56 0.0000 coast
776.25 527.34 7.50 4.22 0.9922 high
-100 -100 -100 -100 0.0000 coast_none
-100 -100 -100 -100 0.0000 coast_none
420.00 394.45 22.50 12.66 1.0000 reinit
423.75 394.45 18.75 6.33 1.0000 high
424.03 394.45 18.47 5.86 0.0000 coast
424.80 394.45 17.70 4.55 0.0000 coast
776.25 527.34 7.50 4.22 0.9882 reinit
776.25 527.34 7.50 4.22 1.0000 high
776.25 527.34 7.50 4.22 0.0000 coast
776.25 527.34 7.50 4.22 1.0000 high
776.25 527.34 7.50 4.22 0.9922 high
776.25 527.34 7.50 4.22 0.0000 coast
-100 -100 -100 -100 0.0000 coast_none
780.00 529.45 3.75 2.11 0.9373 reinit
780.00 529.45 3.75 2.11 0.9686 high
780.00 529.45 3.75 2.11 0.3137 low
780.00 529.45 3.75 2.11 0.0000 coast
780.00 529.45 3.75 2.11 0.8431 high
-100 -100 -100 -100 0.0000 coast_none
780.00 529.45 3.75 2.11 0.0000 coast
776.25 527.34 7.50 4.22 0.9804 reinit
776.25 527.34 7.50 4.22 0.0000 coast
780.00 529.45 3.75 2.11 0.8745 high
780.00 529.45 3.75 2.11 0.4824 low
780.00 529.45 3.75 2.11 0.9412 high
780.77 529.89 2.98 1.68 0.0000 coast
781.31 530.19 2.44 1.37 0.0000 coast
1357.50 615.94 22.50 10.55 1.0000 reinit
1357.50 615.94 22.50 10.55 0.0000 coast
-100 -100 -100 -100 0.0000 coast_none
1361.25 620.16 15.00 4.22 0.9608 high
1361.88 620.87 13.74 3.15 0.0000 coast
1361.25 620.16 15.00 4.22 0.8784 high
1361.75 620.72 14.00 3.38 0.0000 coast
1362.17 621.19 13.16 2.66 0.0000 coast
1361.25 620.16 18.75 4.22 1.0000 high
1361.52 620.46 18.65 3.77 0.0000 coast
1361.69 620.65 18.99 3.48 0.0000 coast
1365.00 618.05 15.00 8.44 1.0000 high
1365.00 620.16 15.00 6.33 0.9961 high
1365.45 619.80 15.06 6.76 0.0000 coast
-100 -100 -100 -100 0.0000 coast_none
772.50 527.34 15.00 6.33 1.0000 reinit
772.50 525.23 15.00 10.55 1.0000 high
772.50 525.23 15.00 10.55 1.0000 high
772.50 527.34 15.00 8.44 1.0000 high
772.50 527.34 15.00 8.44 1.0000 high
772.50 527.34 15.00 6.33 1.0000 high
772.50 527.34 15.00 6.33 1.0000 high
772.50 527.34 15.00 6.33 1.0000 high
776.25 527.34 11.25 6.33 1.0000 high
772.50 527.34 15.00 6.33 1.0000 high
772.50 527.34 15.00 8.44 1.0000 high
772.50 527.34 15.00 6.33 1.0000 high
776.25 527.34 11.25 6.33 1.0000 high
776.25 527.34 11.25 6.33 1.0000 high
776.25 527.34 11.25 6.33 1.0000 high
776.59 527.44 10.91 6.11 0.0000 coast
776.25 527.34 7.50 4.22 1.0000 high
776.62 527.42 7.37 4.18 0.0000 coast
776.87 527.46 6.68 3.82 0.0000 coast
780.00 529.45 3.75 2.11 0.7647 high
780.00 529.45 3.75 2.11 0.3569 low
780.00 529.45 3.75 2.11 0.9608 high
-100 -100 -100 -100 0.0000 coast_none
-100 -100 -100 -100 0.0000 coast_none
427.50 394.45 7.50 4.22 0.8784 reinit
-100 -100 -100 -100 0.0000 coast_none
427.50 394.45 7.50 4.22 0.0000 coast
427.50 394.45 7.50 4.22 0.9059 high
427.50 394.45 7.50 4.22 0.0000 coast
-100 -100 -100 -100 0.0000 coast_none
1668.75 480.94 26.25 16.88 1.0000 reinit
1668.75 480.94 18.75 14.77 1.0000 high
1668.75 480.94 18.19 14.61 0.0000 coast
1668.75 480.94 16.64 14.17 0.0000 coast
1657.50 478.83 33.75 18.98 1.0000 reinit
1653.75 478.83 37.50 18.98 1.0000 high
1653.75 478.83 37.50 18.98 1.0000 high
1650.00 478.83 37.50 18.98 1.0000 high
1650.00 476.72 37.50 21.09 1.0000 high
1650.00 476.72 37.50 21.09 1.0000 high
1646.25 476.72 41.25 21.09 1.0000 high
1646.25 476.72 41.25 21.09 1.0000 high
1646.25 476.72 41.25 21.09 1.0000 high
1646.25 476.72 41.25 21.09 1.0000 high
1642.50 476.72 45.00 21.09 1.0000 high
1642.50 476.72 45.00 21.09 1.0000 high
1642.50 476.72 45.00 21.09 1.0000 high
1642.50 476.72 45.00 21.09 1.0000 high
1642.50 476.72 41.25 21.09 1.0000 high
1638.75 476.72 48.75 21.09 1.0000 high
1638.75 476.72 45.00 18.98 1.0000 high
1638.75 474.61 45.00 21.09 1.0000 high
1638.75 474.61 45.00 21.09 1.0000 high
1638.75 474.61 45.00 21.09 1.0000 high
1638.75 474.61 45.00 21.09 1.0000 high
1638.75 474.61 45.00 21.09 1.0000 high
1642.50 472.50 41.25 23.20 1.0000 high
1642.50 472.50 41.25 23.20 1.0000 high
1642.50 472.50 41.25 23.20 1.0000 high
1642.50 472.50 41.25 23.20 1.0000 high
1642.50 472.50 45.00 23.20 1.0000 high
1646.25 470.39 41.25 25.31 1.0000 high
1646.25 470.39 45.00 25.31 1.0000 high
1650.00 470.39 41.25 25.31 1.0000 high
1650.00 470.39 45.00 25.31 1.0000 high
1653.75 470.39 41.25 23.20 1.0000 high
1657.50 470.39 37.50 23.20 1.0000 high
1661.25 470.39 37.50 23.20 1.0000 high
1661.25 472.50 37.50 21.09 1.0000 high
1665.00 470.39 37.50 21.09 1.0000 high
1668.75 472.50 33.75 18.98 1.0000 high
1676.25 472.50 26.25 18.98 1.0000 high
1676.74 472.39 27.27 18.64 0.0000 coast
-100 -100 -100 -100 0.0000 coast_none
776.25 527.34 7.50 6.33 1.0000 reinit
776.25 527.34 7.50 6.33 1.0000 high
776.25 527.34 7.50 6.33 0.0000 coast
776.25 527.34 11.25 6.33 1.0000 high
776.25 527.34 11.25 6.33 1.0000 high
776.25 527.34 11.25 6.33 1.0000 high
776.25 527.34 12.51 6.33 0.0000 coast
772.50 525.23 15.00 8.44 1.0000 high
772.50 525.23 15.00 10.55 1.0000 high
772.32 525.13 16.18 9.99 0.0000 coast
771.94 524.92 17.13 10.33 0.0000 coast
776.25 527.34 11.25 6.33 1.0000 reinit
776.25 527.34 11.25 6.33 1.0000 high
776.25 527.34 7.50 6.33 1.0000 high
776.25 527.34 7.50 6.33 1.0000 high
776.25 527.34 7.50 6.33 1.0000 high
776.25 527.34 7.50 6.33 1.0000 high
776.25 527.34 6.68 6.33 0.0000 coast
776.25 527.34 6.12 6.33 0.0000 coast
780.00 529.45 3.75 2.11 0.7961 reinit
780.00 529.45 3.75 2.11 0.7216 high
780.00 529.45 3.75 2.11 0.0000 coast
780.00 529.45 3.75 2.11 0.0000 coast
-100 -100 -100 -100 0.0000 coast_none
-100 -100 -100 -100 0.0000 coast_none
776.25 527.34 7.50 4.22 0.9882 high
775.73 527.05 8.02 4.51 0.0000 coast
-100 -100 -100 -100 0.0000 coast_none
-100 -100 -100 -100 0.0000 coast_none
780.00 529.45 3.75 2.11 0.9020 reinit
-100 -100 -100 -100 0.0000 coast_none
780.00 529.45 3.75 2.11 0.3020 low
780.00 529.45 3.75 2.11 0.0000 coast
780.00 529.45 3.75 2.11 0.0000 coast
776.25 527.34 7.50 4.22 0.9961 high
776.25 527.34 7.50 4.22 0.9961 high
776.25 527.34 7.50 6.33 1.0000 high
775.40 526.87 8.35 6.38 0.0000 coast
776.25 527.34 7.50 6.33 1.0000 high
776.25 527.34 7.50 6.33 1.0000 high
776.25 527.34 7.50 6.33 1.0000 high
776.25 527.34 7.50 6.33 1.0000 high
775.83 527.11 7.92 6.87 0.0000 coast
775.57 526.96 8.18 7.21 0.0000 coast
772.50 527.34 15.00 8.44 1.0000 reinit
772.50 527.34 15.00 8.44 1.0000 high
772.50 527.34 15.00 6.33 1.0000 high
772.50 527.34 15.00 6.11 0.0000 coast
776.25 527.34 7.50 4.22 0.9882 high
-100 -100 -100 -100 0.0000 coast_none
-100 -100 -100 -100 0.0000 coast_none
776.25 527.34 7.50 4.22 0.9804 high
776.25 527.34 7.50 4.22 0.9961 high
776.75 527.34 6.51 3.75 0.0000 coast
776.25 527.34 7.50 4.22 1.0000 high
776.25 529.45 7.50 2.11 0.9333 high
-100 -100 -100 -100 0.0000 coast_none
776.25 527.34 7.50 4.22 0.9882 high
776.25 527.34 7.50 4.22 0.9882 high
776.44 527.46 7.12 3.93 0.0000 coast
-100 -100 -100 -100 0.0000 coast_none
431.25 396.56 3.75 2.11 0.7804 reinit
-100 -100 -100 -100 0.0000 coast_none
-100 -100 -100 -100 0.0000 coast_none
780.00 529.45 3.75 2.11 0.9608 reinit
780.00 529.45 3.75 2.11 0.0000 coast
780.00 529.45 3.75 2.11 0.0000 coast
776.25 527.34 7.50 4.22 1.0000 high
776.25 527.34 7.50 4.22 1.0000 high
776.25 527.34 7.50 4.22 1.0000 high
776.25 527.34 7.50 4.22 0.9922 high
776.25 527.34 7.50 4.22 0.9882 high
775.73 527.05 8.02 4.51 0.0000 coast
775.40 526.87 8.35 4.70 0.0000 coast
427.50 394.45 7.50 4.22 0.9569 reinit
427.50 394.45 7.50 4.22 0.0000 coast
431.25 396.56 3.75 2.11 0.7098 high
-100 -100 -100 -100 0.0000 coast_none
-100 -100 -100 -100 0.0000 coast_none
776.25 527.34 7.50 4.22 1.0000 reinit
776.25 527.34 7.50 4.22 0.0000 coast
776.25 527.34 7.50 4.22 1.0000 high
776.25 527.34 7.50 4.22 0.0000 coast
776.25 527.34 7.50 6.33 1.0000 high
776.25 527.34 7.50 6.33 1.0000 high
776.25 527.34 7.50 6.33 1.0000 high
776.25 527.34 7.50 6.33 1.0000 high
776.25 527.34 7.50 6.80 0.0000 coast
776.25 527.34 7.50 4.22 1.0000 high
776.25 527.34 7.50 6.33 1.0000 high
776.25 527.34 7.50 4.22 1.0000 high
776.25 527.34 7.50 6.33 1.0000 high
776.25 527.34 7.50 5.91 0.0000 coast
776.25 527.34 7.50 6.01 0.0000 coast
772.50 527.34 15.00 6.33 1.0000 reinit
776.25 527.34 11.25 6.33 1.0000 high
776.25 527.34 7.50 6.33 1.0000 high
776.25 527.34 7.50 6.33 1.0000 high
776.25 527.34 7.50 6.33 1.0000 high
776.25 527.34 7.50 4.22 1.0000 high
776.25 527.34 7.50 4.22 0.9882 high
776.25 527.34 7.50 4.22 1.0000 high
-100 -100 -100 -100 0.0000 coast_none
-100 -100 -100 -100 0.0000 coast_none
780.00 529.45 3.75 2.11 0.3765 low
780.00 529.45 3.75 2.11 0.9294 high
-100 -100 -100 -100 0.0000 coast_none
780.00 529.45 3.75 2.11 0.3176 low
-100 -100 -100 -100 0.0000 coast_none
-100 -100 -100 -100 0.0000 coast_none
1357.50 615.94 26.25 10.55 1.0000 reinit
1357.50 615.94 26.25 10.55 1.0000 high
1357.50 615.94 26.25 10.55 1.0000 high
1357.50 615.94 22.50 10.55 1.0000 high
1357.50 615.94 26.25 10.55 1.0000 high
1361.25 615.94 18.75 8.44 1.0000 high
1361.25 618.05 18.75 6.33 1.0000 high
1365.00 618.05 15.00 6.33 1.0000 high
1368.75 620.16 11.25 4.22 0.9961 high
1369.90 620.50 9.57 3.52 0.0000 coast
1371.76 621.22 7.32 2.54 0.0000 coast
1357.50 615.94 22.50 10.55 1.0000 reinit
1365.00 620.16 15.00 6.33 0.9843 high
1365.00 620.16 15.00 6.33 0.9922 high
-100 -100 -100 -100 0.0000 coast_none
-100 -100 -100 -100 0.0000 coast_none
1361.25 622.27 18.75 4.22 0.9961 high
1360.86 622.97 19.14 3.51 0.0000 coast
1360.25 623.68 19.75 2.81 0.0000 coast
-100 -100 -100 -100 0.0000 coast_none
-100 -100 -100 -100 0.0000 coast_none
-100 -100 -100 -100 0.0000 coast_none
427.50 394.45 11.25 4.22 0.9843 reinit
427.50 394.45 11.25 4.22 0.9765 high
427.50 394.45 11.25 4.22 0.0000 coast
427.50 394.45 11.25 4.22 0.0000 coast
-100 -100 -100 -100 0.0000 coast_none
1650.00 514.69 3.75 2.11 0.7216 reinit
1650.00 514.69 3.75 2.11 0.0000 coast
1650.00 514.69 3.75 2.11 0.0000 coast
1627.50 508.36 37.50 21.09 1.0000 reinit
1623.75 508.36 37.50 21.09 1.0000 high
1620.00 508.36 37.50 18.98 1.0000 high
1612.50 508.36 41.25 21.09 1.0000 high
1608.75 506.25 41.25 21.09 1.0000 high
1605.00 506.25 41.25 23.20 1.0000 high
1601.25 506.25 41.25 23.20 1.0000 high
1597.50 506.25 41.25 21.09 1.0000 high
1590.00 506.25 41.25 23.20 1.0000 high
1586.25 506.25 41.25 23.20 1.0000 high
1582.50 506.25 41.25 21.09 1.0000 high
1578.75 506.25 41.25 23.20 1.0000 high
1575.00 506.25 41.25 21.09 1.0000 high
1567.50 506.25 41.25 21.09 1.0000 high
1563.75 504.14 41.25 23.20 1.0000 high
1560.00 504.14 41.25 23.20 1.0000 high
1552.50 504.14 41.25 23.20 1.0000 high
1548.75 504.14 41.25 23.20 1.0000 high
1541.25 504.14 45.00 23.20 1.0000 high
1537.50 504.14 45.00 23.20 1.0000 high
1537.50 504.14 41.25 23.20 1.0000 high
1530.00 502.03 41.25 25.31 1.0000 high
1522.50 502.03 45.00 25.31 1.0000 high
1518.75 504.14 41.25 21.09 1.0000 high
1515.00 504.14 41.25 21.09 1.0000 high
1511.25 502.03 37.50 23.20 1.0000 high
1507.50 506.25 33.75 18.98 1.0000 high
1503.75 506.25 33.75 18.98 1.0000 high
1500.00 502.03 37.50 23.20 1.0000 high
1495.33 503.10 35.81 21.89 0.0000 coast
1491.00 502.91 35.45 21.93 0.0000 coast
1361.25 615.94 18.75 10.55 1.0000 reinit
1361.25 615.94 22.50 10.55 1.0000 high
1361.25 615.94 22.78 10.55 0.0000 coast
-100 -100 -100 -100 0.0000 coast_none
1368.75 620.16 11.25 4.22 0.9608 high
1368.75 620.16 11.25 4.22 0.9882 high
1368.75 620.16 11.25 4.22 0.9529 high
1368.75 620.16 11.25 4.22 0.9490 high
1372.50 620.16 7.50 2.11 0.7686 high
-100 -100 -100 -100 0.0000 coast_none
-100 -100 -100 -100 0.0000 coast_none
1432.50 499.92 41.25 21.09 1.0000 reinit
1428.75 499.92 37.50 23.20 1.0000 high
1421.25 497.81 41.25 23.20 1.0000 high
1417.50 499.92 41.25 21.09 1.0000 high
1413.75 499.92 45.00 21.09 1.0000 high
1410.00 499.92 41.25 21.09 1.0000 high
1402.50 499.92 45.00 21.09 1.0000 high
1402.50 497.81 41.25 23.20 1.0000 high
1395.00 497.81 45.00 23.20 1.0000 high
1391.25 497.81 41.25 23.20 1.0000 high
1387.50 497.81 45.00 21.09 1.0000 high
1383.75 497.81 41.25 21.09 1.0000 high
1380.00 497.81 41.25 21.09 1.0000 high
1376.25 497.81 41.25 21.09 1.0000 high
1372.50 497.81 41.25 21.09 1.0000 high
1368.75 495.70 41.25 23.20 1.0000 high
1365.00 495.70 41.25 23.20 1.0000 high
1361.25 495.70 41.25 23.20 1.0000 high
1357.50 495.70 41.25 23.20 1.0000 high
1353.75 495.70 37.50 23.20 1.0000 high
1350.00 495.70 41.25 23.20 1.0000 high
1346.25 495.70 41.25 23.20 1.0000 high
1342.50 495.70 41.25 23.20 1.0000 high
1338.75 495.70 41.25 23.20 1.0000 high
1335.00 495.70 41.25 23.20 1.0000 high
1331.25 495.70 41.25 23.20 1.0000 high
1327.50 495.70 41.25 23.20 1.0000 high
1327.50 495.70 37.50 23.20 1.0000 high
1323.75 495.70 37.50 23.20 1.0000 high
1320.00 495.70 41.25 21.09 1.0000 high
1316.25 495.70 41.25 23.20 1.0000 high
1312.50 495.70 41.25 23.20 1.0000 high
1308.75 495.70 41.25 21.09 1.0000 high
1308.75 495.70 37.50 23.20 1.0000 high
1305.00 495.70 41.25 21.09 1.0000 high
1301.25 495.70 37.50 23.20 1.0000 high
1297.50 495.70 41.25 23.20 1.0000 high
1297.50 497.81 37.50 23.20 1.0000 high
1290.00 497.81 41.25 23.20 1.0000 high
1286.25 497.81 41.25 23.20 1.0000 high
1286.25 499.92 37.50 23.20 1.0000 high
1282.50 502.03 41.25 21.09 1.0000 high
1278.75 502.03 37.50 23.20 1.0000 high
1275.00 504.14 41.25 23.20 1.0000 high
1271.25 506.25 41.25 21.09 1.0000 high
1271.25 508.36 37.50 21.09 1.0000 high
1267.50 508.36 41.25 23.20 1.0000 high
1263.75 510.47 37.50 23.20 1.0000 high
1260.00 512.58 41.25 21.09 1.0000 high
1256.25 514.69 41.25 23.20 1.0000 high
1252.50 516.80 45.00 21.09 1.0000 high
1252.50 518.91 41.25 21.09 1.0000 high
1248.75 518.91 37.50 23.20 1.0000 high
1245.00 521.02 41.25 21.09 1.0000 high
1241.25 523.12 41.25 21.09 1.0000 high
1241.25 525.23 37.50 21.09 1.0000 high
1237.50 525.23 41.25 21.09 1.0000 high
1233.75 527.34 41.25 21.09 1.0000 high
1233.75 529.45 37.50 21.09 1.0000 high
1233.75 533.67 30.00 16.88 1.0000 high
1230.00 533.67 33.75 16.88 1.0000 high
-100 -100 -100 -100 0.0000 coast_none
-100 -100 -100 -100 0.0000 coast_none
-100 -100 -100 -100 0.0000 coast_none
780.00 527.34 3.75 4.22 0.9725 reinit
780.00 527.34 3.75 4.22 0.0000 coast
-100 -100 -100 -100 0.0000 coast_none
776.25 527.34 7.50 4.22 1.0000 high
775.62 527.34 8.13 4.22 0.0000 coast
774.82 527.34 8.93 4.22 0.0000 coast
525.00 523.12 93.75 50.62 1.0000 reinit
525.00 523.12 93.75 50.62 0.0000 coast
525.00 523.12 93.75 50.62 0.0000 coast
566.25 544.22 56.25 21.09 1.0000 high
592.50 552.66 26.25 10.55 1.0000 high
-100 -100 -100 -100 0.0000 coast_none
-100 -100 -100 -100 0.0000 coast_none
472.50 392.34 63.75 33.75 1.0000 reinit
472.50 394.45 41.25 27.42 1.0000 high
472.50 394.61 39.58 26.95 0.0000 coast
472.50 395.05 34.93 25.64 0.0000 coast
450.00 386.02 37.50 27.42 1.0000 high
444.28 384.05 34.69 26.90 0.0000 coast
438.23 381.93 31.98 26.42 0.0000 coast
742.50 590.62 120.00 61.17 1.0000 reinit
-100 -100 -100 -100 0.0000 coast_none
742.50 590.62 120.00 61.17 0.0000 coast
798.75 618.05 56.25 16.88 1.0000 high
-100 -100 -100 -100 0.0000 coast_none
-100 -100 -100 -100 0.0000 coast_none
318.75 544.22 63.75 42.19 1.0000 reinit
-100 -100 -100 -100 0.0000 coast_none
318.75 544.22 63.75 42.19 0.0000 coast
1395.00 573.75 63.75 31.64 1.0000 reinit
1406.25 575.86 75.00 31.64 1.0000 high
1421.25 577.97 71.25 33.75 1.0000 high
1432.50 577.97 71.25 33.75 1.0000 high
1451.25 580.08 82.50 35.86 1.0000 high
1455.00 580.08 97.50 35.86 1.0000 high
1481.25 580.08 86.25 37.97 1.0000 high
1515.00 577.97 93.75 40.08 1.0000 high
1519.81 579.68 97.21 40.59 0.0000 coast
1533.87 580.24 100.71 41.65 0.0000 coast
1627.50 571.64 97.50 42.19 1.0000 reinit
1668.75 567.42 75.00 42.19 1.0000 high
1671.82 567.11 73.33 42.19 0.0000 coast
1680.34 566.24 68.68 42.19 0.0000 coast
1792.50 558.98 86.25 48.52 1.0000 reinit
1792.50 558.98 86.25 48.52 0.0000 coast
-100 -100 -100 -100 0.0000 coast_none
671.25 537.89 187.50 65.39 1.0000 reinit
746.25 537.89 120.00 50.62 1.0000 high
768.75 537.89 97.50 50.62 1.0000 high
789.67 537.89 77.95 47.93 0.0000 coast
812.48 537.89 56.45 45.35 0.0000 coast
656.25 529.45 213.75 80.16 1.0000 reinit
656.25 535.78 198.75 71.72 1.0000 high
720.00 535.78 138.75 73.83 1.0000 high
729.06 537.02 127.29 72.47 0.0000 coast
720.00 533.67 135.00 71.72 1.0000 high
733.61 533.62 119.98 70.93 0.0000 coast
712.50 533.67 142.50 78.05 1.0000 high
721.00 533.48 132.92 78.18 0.0000 coast
726.00 533.31 127.14 79.13 0.0000 coast
656.25 533.67 202.50 75.94 1.0000 reinit
656.25 533.67 202.50 73.83 1.0000 high
656.25 533.67 206.25 78.05 1.0000 high
656.25 533.67 213.75 82.27 1.0000 high
656.25 533.67 213.75 82.27 1.0000 high
656.25 533.67 206.25 75.94 1.0000 high
656.25 531.56 206.25 82.27 1.0000 high
656.25 531.56 206.25 82.27 1.0000 high
656.25 533.67 202.50 80.16 1.0000 high
656.25 533.67 202.50 75.94 1.0000 high
663.75 533.67 195.00 80.16 1.0000 high
671.25 533.67 187.50 73.83 1.0000 high
667.50 533.67 187.50 65.39 1.0000 high
675.00 533.67 183.75 67.50 1.0000 high
716.25 533.67 138.75 54.84 1.0000 high
716.25 533.67 138.75 56.95 1.0000 high
720.56 533.70 133.97 54.63 0.0000 coast
705.00 533.67 165.00 82.27 1.0000 high
708.75 533.67 161.25 82.27 1.0000 high
712.50 533.67 157.50 80.16 1.0000 high
720.00 535.78 131.25 69.61 1.0000 high
712.50 535.78 135.00 69.61 1.0000 high
705.00 535.78 142.50 69.61 1.0000 high
705.00 535.78 150.00 71.72 1.0000 high
720.00 535.78 131.25 71.72 1.0000 high
712.50 535.78 138.75 71.72 1.0000 high
712.50 535.78 146.25 46.41 1.0000 high
716.25 535.78 142.50 69.61 1.0000 high
716.25 535.78 142.50 48.52 1.0000 high
705.00 535.78 150.00 48.52 1.0000 high
712.50 535.78 142.50 46.41 1.0000 high
712.50 535.78 142.50 44.30 1.0000 high
708.75 535.78 142.50 48.52 1.0000 high
710.38 535.88 141.81 44.80 0.0000 coast
710.62 535.94 141.22 43.16 0.0000 coast
656.25 535.78 198.75 54.84 1.0000 high
660.09 535.86 194.34 52.32 0.0000 coast
712.50 535.78 138.75 44.30 1.0000 high
708.75 535.78 142.50 50.62 1.0000 high
704.62 535.83 146.55 48.58 0.0000 coast
704.10 535.86 146.81 48.03 0.0000 coast
277.50 495.70 93.75 50.62 1.0000 reinit
300.00 495.70 71.25 40.08 1.0000 high
300.00 495.70 71.25 42.19 1.0000 high
300.00 495.70 71.25 40.08 1.0000 high
300.00 495.70 71.25 42.19 1.0000 high
300.00 495.70 71.25 42.19 1.0000 high
300.00 495.70 71.25 42.19 1.0000 high
296.25 495.70 75.00 42.19 1.0000 high
292.50 495.70 78.75 44.30 1.0000 high
277.50 495.70 93.75 50.62 1.0000 high
281.25 495.70 90.00 50.62 1.0000 high
281.25 495.70 90.00 50.62 1.0000 high
281.25 495.70 90.00 50.62 1.0000 high
277.50 495.70 90.00 42.19 1.0000 high
277.50 495.70 90.00 44.30 1.0000 high
275.49 495.70 92.06 44.88 0.0000 coast
273.91 495.70 93.33 44.97 0.0000 coast
806.25 535.78 45.00 27.42 1.0000 reinit
806.25 537.89 45.00 25.31 1.0000 high
806.25 535.78 45.00 25.31 1.0000 high
810.00 537.89 41.25 21.09 1.0000 high
806.25 537.89 45.00 23.20 1.0000 high
806.25 537.89 45.00 23.20 1.0000 high
-100 -100 -100 -100 0.0000 coast_none
806.49 538.41 44.76 21.63 0.0000 coast
817.50 542.11 22.50 14.77 1.0000 high
-100 -100 -100 -100 0.0000 coast_none
-100 -100 -100 -100 0.0000 coast_none
1668.75 312.19 146.25 63.28 1.0000 reinit
1657.50 312.19 142.50 63.28 1.0000 high
1638.75 314.30 146.25 63.28 1.0000 high
1627.50 314.30 142.50 63.28 1.0000 high
1612.50 316.41 142.50 61.17 1.0000 high
1597.50 316.41 142.50 61.17 1.0000 high
1582.50 318.52 142.50 59.06 1.0000 high
1567.50 318.52 142.50 61.17 1.0000 high
1556.25 318.52 138.75 61.17 1.0000 high
1541.25 318.52 138.75 61.17 1.0000 high
1526.25 318.52 138.75 63.28 1.0000 high
1511.25 320.62 138.75 61.17 1.0000 high
1496.25 322.73 138.75 59.06 1.0000 high
1481.25 322.73 138.75 61.17 1.0000 high
1470.00 324.84 135.00 59.06 1.0000 high
1455.00 324.84 138.75 59.06 1.0000 high
1443.75 326.95 135.00 56.95 1.0000 high
1428.75 326.95 135.00 56.95 1.0000 high
1413.75 326.95 135.00 59.06 1.0000 high
1398.75 326.95 135.00 59.06 1.0000 high
1383.75 329.06 135.00 59.06 1.0000 high
1368.75 329.06 138.75 59.06 1.0000 high
1357.50 329.06 135.00 59.06 1.0000 high
1342.50 331.17 135.00 56.95 1.0000 high
1331.25 331.17 131.25 59.06 1.0000 high
1316.25 333.28 131.25 56.95 1.0000 high
1301.25 333.28 131.25 59.06 1.0000 high
1290.00 335.39 131.25 56.95 1.0000 high
1275.00 335.39 131.25 59.06 1.0000 high
1263.75 337.50 131.25 56.95 1.0000 high
1248.75 337.50 131.25 59.06 1.0000 high
1233.75 339.61 135.00 56.95 1.0000 high
1222.50 341.72 131.25 56.95 1.0000 high
1211.25 343.83 131.25 54.84 1.0000 high
1196.25 343.83 131.25 56.95 1.0000 high
1185.00 345.94 131.25 56.95 1.0000 high
1173.75 345.94 131.25 56.95 1.0000 high
1158.75 345.94 131.25 59.06 1.0000 high
1151.25 345.94 127.50 61.17 1.0000 high
1136.25 345.94 131.25 61.17 1.0000 high
1128.75 345.94 127.50 63.28 1.0000 high
1117.50 348.05 131.25 61.17 1.0000 high
1106.25 348.05 131.25 63.28 1.0000 high
1098.75 350.16 131.25 61.17 1.0000 high
1087.50 350.16 131.25 63.28 1.0000 high
1083.75 352.27 127.50 61.17 1.0000 high
1076.25 352.27 127.50 61.17 1.0000 high
1068.75 352.27 127.50 63.28 1.0000 high
1061.25 352.27 127.50 63.28 1.0000 high
1053.75 354.38 131.25 61.17 1.0000 high
1046.25 354.38 131.25 63.28 1.0000 high
1042.50 354.38 131.25 61.17 1.0000 high
1038.75 356.48 131.25 61.17 1.0000 high
1035.00 356.48 127.50 61.17 1.0000 high
1031.25 358.59 131.25 59.06 1.0000 high
1027.50 358.59 131.25 59.06 1.0000 high
1023.75 358.59 131.25 59.06 1.0000 high
1020.00 358.59 131.25 56.95 1.0000 high
1020.00 358.59 127.50 56.95 1.0000 high
1016.25 358.59 131.25 56.95 1.0000 high
1012.50 358.59 131.25 56.95 1.0000 high
1012.50 360.70 131.25 54.84 1.0000 high
1008.75 358.59 135.00 56.95 1.0000 high
1008.75 358.59 131.25 56.95 1.0000 high
1008.75 358.59 131.25 56.95 1.0000 high
1008.75 358.59 131.25 56.95 1.0000 high
1008.75 360.70 131.25 54.84 1.0000 high
1008.75 360.70 127.50 54.84 1.0000 high
1008.75 360.70 127.50 54.84 1.0000 high
1008.75 360.70 127.50 52.73 1.0000 high
1008.75 360.70 127.50 52.73 1.0000 high
1008.75 360.70 127.50 52.73 1.0000 high
1008.75 360.70 127.50 52.73 1.0000 high
1008.75 358.59 127.50 54.84 1.0000 high
1008.75 358.59 127.50 54.84 1.0000 high
1008.75 358.59 127.50 54.84 1.0000 high
1008.75 358.59 127.50 54.84 1.0000 high
1008.75 358.59 127.50 54.84 1.0000 high
1012.50 358.59 123.75 54.84 1.0000 high
1012.50 360.70 127.50 52.73 1.0000 high
1012.50 360.70 127.50 54.84 1.0000 high
1012.50 360.70 127.50 54.84 1.0000 high
1016.25 360.70 127.50 54.84 1.0000 high
1016.25 360.70 127.50 54.84 1.0000 high
1016.25 362.81 127.50 52.73 1.0000 high
1020.00 360.70 123.75 54.84 1.0000 high
1020.00 362.81 127.50 52.73 1.0000 high
1023.75 362.81 123.75 54.84 1.0000 high
1023.75 362.81 127.50 54.84 1.0000 high
1023.75 362.81 127.50 54.84 1.0000 high
1023.75 362.81 127.50 54.84 1.0000 high
1027.50 362.81 127.50 54.84 1.0000 high
1027.50 364.92 127.50 52.73 1.0000 high
1027.50 364.92 127.50 54.84 1.0000 high
1027.50 364.92 127.50 54.84 1.0000 high
1027.50 364.92 127.50 54.84 1.0000 high
1027.50 367.03 127.50 52.73 1.0000 high
1031.25 367.03 123.75 52.73 1.0000 high
1031.25 367.03 123.75 54.84 1.0000 high
1031.25 367.03 127.50 52.73 1.0000 high
1031.25 367.03 127.50 54.84 1.0000 high
1031.25 369.14 127.50 52.73 1.0000 high
1031.25 369.14 127.50 52.73 1.0000 high
1031.25 371.25 127.50 52.73 1.0000 high
1031.25 371.25 127.50 52.73 1.0000 high
1035.00 375.47 123.75 50.62 1.0000 high
1035.00 377.58 123.75 52.73 1.0000 high
1031.25 379.69 131.25 50.62 1.0000 high
1035.00 381.80 127.50 52.73 1.0000 high
1035.00 383.91 127.50 52.73 1.0000 high
1035.00 388.12 127.50 50.62 1.0000 high
1035.00 390.23 127.50 54.84 1.0000 high
1038.75 394.45 123.75 52.73 1.0000 high
1038.75 398.67 123.75 52.73 1.0000 high
1035.00 402.89 127.50 52.73 1.0000 high
1038.75 405.00 123.75 52.73 1.0000 high
1038.75 409.22 123.75 52.73 1.0000 high
1038.75 413.44 123.75 52.73 1.0000 high
1038.75 417.66 123.75 52.73 1.0000 high
1038.75 421.88 123.75 50.62 1.0000 high
1038.75 426.09 123.75 50.62 1.0000 high
1038.75 428.20 123.75 50.62 1.0000 high
1038.75 432.42 123.75 50.62 1.0000 high
1038.75 436.64 123.75 50.62 1.0000 high
1038.75 438.75 123.75 52.73 1.0000 high
1038.75 442.97 123.75 52.73 1.0000 high
1038.75 445.08 123.75 52.73 1.0000 high
