1668.75 379.69 48.75 40.08 1.0000 per_frame
1676.25 379.69 52.50 42.19 1.0000 per_frame
1687.50 381.80 52.50 40.08 1.0000 per_frame
1698.75 383.91 48.75 42.19 1.0000 per_frame
1706.25 383.91 48.75 44.30 1.0000 per_frame
1713.75 388.12 48.75 42.19 1.0000 per_frame
1721.25 386.02 56.25 46.41 1.0000 per_frame
1728.75 392.34 48.75 44.30 1.0000 per_frame
1736.25 398.67 48.75 42.19 1.0000 per_frame
1743.75 402.89 52.50 42.19 1.0000 per_frame
1751.25 407.11 48.75 44.30 1.0000 per_frame
1758.75 415.55 48.75 42.19 1.0000 per_frame
1762.50 423.98 52.50 37.97 1.0000 per_frame
1766.25 428.20 56.25 40.08 1.0000 per_frame
1773.75 436.64 52.50 37.97 1.0000 per_frame
1777.50 440.86 56.25 40.08 1.0000 per_frame
1781.25 447.19 52.50 40.08 1.0000 per_frame
1785.00 449.30 56.25 42.19 1.0000 per_frame
1788.75 455.62 56.25 40.08 1.0000 per_frame
1792.50 457.73 56.25 42.19 1.0000 per_frame
1788.75 461.95 52.50 40.08 1.0000 per_frame
1788.75 466.17 60.00 37.97 1.0000 per_frame
1792.50 468.28 60.00 37.97 1.0000 per_frame
1796.25 472.50 56.25 37.97 1.0000 per_frame
1796.25 476.72 52.50 35.86 1.0000 per_frame
1800.00 478.83 52.50 35.86 1.0000 per_frame
1796.25 480.94 60.00 35.86 1.0000 per_frame
1792.50 480.94 63.75 35.86 1.0000 per_frame
1796.25 480.94 56.25 40.08 1.0000 per_frame
1803.75 483.05 52.50 37.97 1.0000 per_frame
1807.50 480.94 48.75 42.19 1.0000 per_frame
1807.50 480.94 52.50 44.30 1.0000 per_frame
1811.25 483.05 48.75 42.19 1.0000 per_frame
1815.00 485.16 48.75 42.19 1.0000 per_frame
1818.75 483.05 56.25 46.41 1.0000 per_frame
1826.25 483.05 52.50 46.41 1.0000 per_frame
1833.75 483.05 52.50 46.41 1.0000 per_frame
1848.75 489.38 45.00 37.97 1.0000 per_frame
1856.25 487.27 52.50 42.19 1.0000 per_frame
1863.75 485.16 48.75 44.30 1.0000 per_frame
1878.75 487.27 41.25 40.08 1.0000 per_frame
-100 -100 -100 -100 0.0000 none
-100 -100 -100 -100 0.0000 none
-100 -100 -100 -100 0.0000 none
-100 -100 -100 -100 0.0000 none
-100 -100 -100 -100 0.0000 none
-100 -100 -100 -100 0.0000 none
-100 -100 -100 -100 0.0000 none
-100 -100 -100 -100 0.0000 none
-100 -100 -100 -100 0.0000 none
-100 -100 -100 -100 0.0000 none
-100 -100 -100 -100 0.0000 none
-100 -100 -100 -100 0.0000 none
-100 -100 -100 -100 0.0000 none
-100 -100 -100 -100 0.0000 none
-100 -100 -100 -100 0.0000 none
-100 -100 -100 -100 0.0000 none
-100 -100 -100 -100 0.0000 none
-100 -100 -100 -100 0.0000 none
-100 -100 -100 -100 0.0000 none
-100 -100 -100 -100 0.0000 none
-100 -100 -100 -100 0.0000 none
-100 -100 -100 -100 0.0000 none
-100 -100 -100 -100 0.0000 none
-100 -100 -100 -100 0.0000 none
-100 -100 -100 -100 0.0000 none
-100 -100 -100 -100 0.0000 none
-100 -100 -100 -100 0.0000 none
-100 -100 -100 -100 0.0000 none
-100 -100 -100 -100 0.0000 none
-100 -100 -100 -100 0.0000 none
-100 -100 -100 -100 0.0000 none
-100 -100 -100 -100 0.0000 none
-100 -100 -100 -100 0.0000 none
-100 -100 -100 -100 0.0000 none
-100 -100 -100 -100 0.0000 none
-100 -100 -100 -100 0.0000 none
-100 -100 -100 -100 0.0000 none
-100 -100 -100 -100 0.0000 none
-100 -100 -100 -100 0.0000 none
-100 -100 -100 -100 0.0000 none
-100 -100 -100 -100 0.0000 none
-100 -100 -100 -100 0.0000 none
-100 -100 -100 -100 0.0000 none
-100 -100 -100 -100 0.0000 none
-100 -100 -100 -100 0.0000 none
-100 -100 -100 -100 0.0000 none
-100 -100 -100 -100 0.0000 none
-100 -100 -100 -100 0.0000 none
-100 -100 -100 -100 0.0000 none
-100 -100 -100 -100 0.0000 none
-100 -100 -100 -100 0.0000 none
-100 -100 -100 -100 0.0000 none
-100 -100 -100 -100 0.0000 none
-100 -100 -100 -100 0.0000 none
-100 -100 -100 -100 0.0000 none
-100 -100 -100 -100 0.0000 none
-100 -100 -100 -100 0.0000 none
-100 -100 -100 -100 0.0000 none
-100 -100 -100 -100 0.0000 none
-100 -100 -100 -100 0.0000 none
-100 -100 -100 -100 0.0000 none
-100 -100 -100 -100 0.0000 none
-100 -100 -100 -100 0.0000 none
-100 -100 -100 -100 0.0000 none
-100 -100 -100 -100 0.0000 none
-100 -100 -100 -100 0.0000 none
-100 -100 -100 -100 0.0000 none
-100 -100 -100 -100 0.0000 none
-100 -100 -100 -100 0.0000 none
-100 -100 -100 -100 0.0000 none
1890.00 514.69 15.00 12.66 1.0000 per_frame
1863.75 502.03 52.50 42.19 1.0000 per_frame
1845.00 504.14 56.25 44.30 1.0000 per_frame
1822.50 510.47 56.25 44.30 1.0000 per_frame
1803.75 514.69 52.50 46.41 1.0000 per_frame
1781.25 521.02 52.50 44.30 1.0000 per_frame
1758.75 529.45 52.50 44.30 1.0000 per_frame
1736.25 533.67 60.00 50.62 1.0000 per_frame
1713.75 542.11 56.25 50.62 1.0000 per_frame
1695.00 554.77 52.50 46.41 1.0000 per_frame
1672.50 563.20 56.25 46.41 1.0000 per_frame
1646.25 573.75 60.00 46.41 1.0000 per_frame
1627.50 584.30 52.50 46.41 1.0000 per_frame
1601.25 592.73 56.25 46.41 1.0000 per_frame
1575.00 607.50 56.25 42.19 1.0000 per_frame
1552.50 615.94 52.50 44.30 1.0000 per_frame
1526.25 626.48 52.50 42.19 1.0000 per_frame
1507.50 637.03 48.75 42.19 1.0000 per_frame
1477.50 645.47 52.50 42.19 1.0000 per_frame
1455.00 653.91 48.75 42.19 1.0000 per_frame
1432.50 662.34 48.75 40.08 1.0000 per_frame
1406.25 668.67 48.75 35.86 1.0000 per_frame
1402.50 689.77 18.75 10.55 1.0000 per_frame
1365.00 693.98 33.75 21.09 1.0000 per_frame
1331.25 687.66 41.25 29.53 1.0000 per_frame
1312.50 689.77 33.75 25.31 1.0000 per_frame
-100 -100 -100 -100 0.0000 none
1245.00 689.77 48.75 40.08 1.0000 per_frame
-100 -100 -100 -100 0.0000 none
-100 -100 -100 -100 0.0000 none
-100 -100 -100 -100 0.0000 none
-100 -100 -100 -100 0.0000 none
-100 -100 -100 -100 0.0000 none
-100 -100 -100 -100 0.0000 none
-100 -100 -100 -100 0.0000 none
1061.25 666.56 15.00 12.66 1.0000 per_frame
-100 -100 -100 -100 0.0000 none
1008.75 666.56 3.75 6.33 0.9569 per_frame
982.50 651.80 30.00 14.77 1.0000 per_frame
-100 -100 -100 -100 0.0000 none
-100 -100 -100 -100 0.0000 none
926.25 605.39 37.50 31.64 1.0000 per_frame
911.25 594.84 45.00 37.97 1.0000 per_frame
896.25 577.97 48.75 37.97 1.0000 per_frame
885.00 565.31 48.75 35.86 1.0000 per_frame
873.75 550.55 52.50 37.97 1.0000 per_frame
866.25 535.78 48.75 35.86 1.0000 per_frame
855.00 514.69 48.75 40.08 1.0000 per_frame
847.50 497.81 48.75 37.97 1.0000 per_frame
836.25 478.83 52.50 40.08 1.0000 per_frame
828.75 464.06 52.50 37.97 1.0000 per_frame
828.75 449.30 45.00 35.86 1.0000 per_frame
825.00 432.42 45.00 31.64 1.0000 per_frame
813.75 413.44 48.75 35.86 1.0000 per_frame
806.25 398.67 45.00 31.64 1.0000 per_frame
806.25 386.02 41.25 29.53 1.0000 per_frame
-100 -100 -100 -100 0.0000 none
-100 -100 -100 -100 0.0000 none
-100 -100 -100 -100 0.0000 none
-100 -100 -100 -100 0.0000 none
-100 -100 -100 -100 0.0000 none
791.25 320.62 11.25 6.33 0.9412 per_frame
738.75 293.20 67.50 40.08 1.0000 per_frame
-100 -100 -100 -100 0.0000 none
-100 -100 -100 -100 0.0000 none
-100 -100 -100 -100 0.0000 none
-100 -100 -100 -100 0.0000 none
-100 -100 -100 -100 0.0000 none
-100 -100 -100 -100 0.0000 none
-100 -100 -100 -100 0.0000 none
-100 -100 -100 -100 0.0000 none
-100 -100 -100 -100 0.0000 none
-100 -100 -100 -100 0.0000 none
-100 -100 -100 -100 0.0000 none
-100 -100 -100 -100 0.0000 none
-100 -100 -100 -100 0.0000 none
675.00 261.56 3.75 4.22 0.5882 per_frame
-100 -100 -100 -100 0.0000 none
-100 -100 -100 -100 0.0000 none
622.50 240.47 37.50 29.53 1.0000 per_frame
-100 -100 -100 -100 0.0000 none
-100 -100 -100 -100 0.0000 none
-100 -100 -100 -100 0.0000 none
-100 -100 -100 -100 0.0000 none
-100 -100 -100 -100 0.0000 none
-100 -100 -100 -100 0.0000 none
-100 -100 -100 -100 0.0000 none
577.50 238.36 22.50 16.88 1.0000 per_frame
570.00 242.58 18.75 18.98 1.0000 per_frame
-100 -100 -100 -100 0.0000 none
562.50 236.25 33.75 23.20 1.0000 per_frame
558.75 232.03 33.75 27.42 1.0000 per_frame
551.25 232.03 45.00 33.75 1.0000 per_frame
551.25 229.92 41.25 35.86 1.0000 per_frame
547.50 232.03 41.25 35.86 1.0000 per_frame
540.00 232.03 52.50 37.97 1.0000 per_frame
540.00 232.03 52.50 37.97 1.0000 per_frame
536.25 229.92 52.50 42.19 1.0000 per_frame
540.00 234.14 48.75 40.08 1.0000 per_frame
540.00 234.14 48.75 40.08 1.0000 per_frame
540.00 238.36 52.50 35.86 1.0000 per_frame
540.00 238.36 48.75 37.97 1.0000 per_frame
540.00 240.47 48.75 35.86 1.0000 per_frame
543.75 240.47 48.75 37.97 1.0000 per_frame
543.75 242.58 52.50 37.97 1.0000 per_frame
551.25 246.80 45.00 33.75 1.0000 per_frame
558.75 248.91 37.50 23.20 1.0000 per_frame
555.00 248.91 48.75 35.86 1.0000 per_frame
558.75 253.12 45.00 35.86 1.0000 per_frame
570.00 257.34 33.75 21.09 1.0000 per_frame
573.75 261.56 26.25 23.20 1.0000 per_frame
-100 -100 -100 -100 0.0000 none
581.25 267.89 26.25 23.20 1.0000 per_frame
-100 -100 -100 -100 0.0000 none
585.00 276.33 33.75 21.09 1.0000 per_frame
-100 -100 -100 -100 0.0000 none
-100 -100 -100 -100 0.0000 none
-100 -100 -100 -100 0.0000 none
603.75 293.20 30.00 14.77 1.0000 per_frame
-100 -100 -100 -100 0.0000 none
-100 -100 -100 -100 0.0000 none
633.75 301.64 11.25 12.66 1.0000 per_frame
637.50 312.19 7.50 4.22 0.9569 per_frame
-100 -100 -100 -100 0.0000 none
633.75 312.19 22.50 12.66 1.0000 per_frame
-100 -100 -100 -100 0.0000 none
-100 -100 -100 -100 0.0000 none
-100 -100 -100 -100 0.0000 none
-100 -100 -100 -100 0.0000 none
-100 -100 -100 -100 0.0000 none
-100 -100 -100 -100 0.0000 none
-100 -100 -100 -100 0.0000 none
-100 -100 -100 -100 0.0000 none
-100 -100 -100 -100 0.0000 none
-100 -100 -100 -100 0.0000 none
-100 -100 -100 -100 0.0000 none
-100 -100 -100 -100 0.0000 none
-100 -100 -100 -100 0.0000 none
-100 -100 -100 -100 0.0000 none
-100 -100 -100 -100 0.0000 none
-100 -100 -100 -100 0.0000 none
780.00 339.61 7.50 4.22 0.9216 per_frame
791.25 339.61 7.50 4.22 0.8706 per_frame
798.75 339.61 11.25 4.22 0.9765 per_frame
802.50 339.61 15.00 10.55 1.0000 per_frame
802.50 333.28 30.00 18.98 1.0000 per_frame
821.25 339.61 18.75 10.55 1.0000 per_frame
828.75 339.61 18.75 6.33 0.9961 per_frame
828.75 339.61 22.50 12.66 1.0000 per_frame
-100 -100 -100 -100 0.0000 none
-100 -100 -100 -100 0.0000 none
-100 -100 -100 -100 0.0000 none
-100 -100 -100 -100 0.0000 none
-100 -100 -100 -100 0.0000 none
-100 -100 -100 -100 0.0000 none
-100 -100 -100 -100 0.0000 none
-100 -100 -100 -100 0.0000 none
-100 -100 -100 -100 0.0000 none
-100 -100 -100 -100 0.0000 none
-100 -100 -100 -100 0.0000 none
-100 -100 -100 -100 0.0000 none
-100 -100 -100 -100 0.0000 none
948.75 345.94 37.50 29.53 1.0000 per_frame
960.00 343.83 33.75 31.64 1.0000 per_frame
967.50 341.72 41.25 35.86 1.0000 per_frame
978.75 343.83 37.50 31.64 1.0000 per_frame
993.75 343.83 37.50 35.86 1.0000 per_frame
1005.00 348.05 37.50 31.64 1.0000 per_frame
1016.25 345.94 37.50 35.86 1.0000 per_frame
1031.25 350.16 37.50 31.64 1.0000 per_frame
1042.50 350.16 37.50 33.75 1.0000 per_frame
1053.75 350.16 41.25 33.75 1.0000 per_frame
1068.75 352.27 41.25 31.64 1.0000 per_frame
1083.75 352.27 41.25 33.75 1.0000 per_frame
1095.00 352.27 41.25 31.64 1.0000 per_frame
1113.75 354.38 41.25 29.53 1.0000 per_frame
1128.75 356.48 41.25 27.42 1.0000 per_frame
1140.00 352.27 41.25 31.64 1.0000 per_frame
1151.25 352.27 45.00 31.64 1.0000 per_frame
1166.25 348.05 41.25 33.75 1.0000 per_frame
1177.50 345.94 41.25 35.86 1.0000 per_frame
1192.50 343.83 37.50 35.86 1.0000 per_frame
1203.75 339.61 37.50 35.86 1.0000 per_frame
1211.25 335.39 37.50 35.86 1.0000 per_frame
1218.75 333.28 41.25 33.75 1.0000 per_frame
1226.25 326.95 41.25 35.86 1.0000 per_frame
1233.75 322.73 41.25 33.75 1.0000 per_frame
1241.25 316.41 41.25 33.75 1.0000 per_frame
1245.00 307.97 48.75 33.75 1.0000 per_frame
1248.75 301.64 45.00 33.75 1.0000 per_frame
1252.50 295.31 52.50 31.64 1.0000 per_frame
1260.00 288.98 45.00 31.64 1.0000 per_frame
1263.75 280.55 45.00 33.75 1.0000 per_frame
1271.25 272.11 48.75 35.86 1.0000 per_frame
1275.00 265.78 48.75 35.86 1.0000 per_frame
1278.75 259.45 45.00 37.97 1.0000 per_frame
1282.50 257.34 45.00 35.86 1.0000 per_frame
1286.25 251.02 48.75 37.97 1.0000 per_frame
1290.00 246.80 48.75 40.08 1.0000 per_frame
1297.50 246.80 45.00 37.97 1.0000 per_frame
1301.25 244.69 45.00 37.97 1.0000 per_frame
1308.75 242.58 45.00 37.97 1.0000 per_frame
1312.50 240.47 41.25 40.08 1.0000 per_frame
1316.25 242.58 41.25 37.97 1.0000 per_frame
1316.25 246.80 48.75 33.75 1.0000 per_frame
1320.00 242.58 48.75 40.08 1.0000 per_frame
1327.50 242.58 41.25 40.08 1.0000 per_frame
1327.50 251.02 45.00 33.75 1.0000 per_frame
1327.50 246.80 45.00 40.08 1.0000 per_frame
1331.25 253.12 48.75 35.86 1.0000 per_frame
1335.00 255.23 41.25 35.86 1.0000 per_frame
1335.00 257.34 45.00 35.86 1.0000 per_frame
1338.75 261.56 41.25 35.86 1.0000 per_frame
1338.75 265.78 45.00 33.75 1.0000 per_frame
1338.75 270.00 45.00 33.75 1.0000 per_frame
1338.75 274.22 45.00 31.64 1.0000 per_frame
1338.75 276.33 48.75 33.75 1.0000 per_frame
1338.75 280.55 45.00 33.75 1.0000 per_frame
1342.50 284.77 45.00 33.75 1.0000 per_frame
1338.75 288.98 45.00 33.75 1.0000 per_frame
1338.75 293.20 45.00 33.75 1.0000 per_frame
1338.75 299.53 45.00 29.53 1.0000 per_frame
1335.00 301.64 45.00 31.64 1.0000 per_frame
1338.75 305.86 37.50 33.75 1.0000 per_frame
1331.25 310.08 41.25 33.75 1.0000 per_frame
1335.00 314.30 37.50 33.75 1.0000 per_frame
1331.25 320.62 45.00 31.64 1.0000 per_frame
1331.25 324.84 41.25 31.64 1.0000 per_frame
1327.50 331.17 45.00 29.53 1.0000 per_frame
1327.50 337.50 37.50 27.42 1.0000 per_frame
1323.75 341.72 45.00 27.42 1.0000 per_frame
1323.75 348.05 37.50 25.31 1.0000 per_frame
1320.00 352.27 41.25 25.31 1.0000 per_frame
1320.00 358.59 37.50 23.20 1.0000 per_frame
1316.25 364.92 41.25 23.20 1.0000 per_frame
1316.25 371.25 37.50 23.20 1.0000 per_frame
1312.50 377.58 41.25 21.09 1.0000 per_frame
1312.50 383.91 33.75 23.20 1.0000 per_frame
1308.75 392.34 37.50 23.20 1.0000 per_frame
1308.75 400.78 37.50 21.09 1.0000 per_frame
1308.75 407.11 33.75 23.20 1.0000 per_frame
1305.00 415.55 37.50 23.20 1.0000 per_frame
1305.00 423.98 37.50 23.20 1.0000 per_frame
1305.00 434.53 33.75 21.09 1.0000 per_frame
1301.25 442.97 33.75 21.09 1.0000 per_frame
1301.25 451.41 37.50 21.09 1.0000 per_frame
1301.25 461.95 33.75 21.09 1.0000 per_frame
1301.25 470.39 33.75 21.09 1.0000 per_frame
1301.25 483.05 26.25 16.88 1.0000 per_frame
1372.50 489.38 7.50 6.33 0.9725 per_frame
1293.75 497.81 45.00 23.20 1.0000 per_frame
1353.75 487.27 30.00 12.66 1.0000 per_frame
1368.75 489.38 11.25 8.44 1.0000 per_frame
-100 -100 -100 -100 0.0000 none
1290.00 531.56 33.75 27.42 1.0000 per_frame
1290.00 544.22 30.00 21.09 1.0000 per_frame
-100 -100 -100 -100 0.0000 none
1290.00 565.31 26.25 18.98 1.0000 per_frame
1282.50 571.64 37.50 23.20 1.0000 per_frame
1282.50 580.08 33.75 21.09 1.0000 per_frame
1278.75 586.41 33.75 18.98 1.0000 per_frame
1278.75 588.52 33.75 23.20 1.0000 per_frame
1278.75 596.95 26.25 16.88 1.0000 per_frame
1275.00 599.06 33.75 23.20 1.0000 per_frame
1275.00 603.28 30.00 23.20 1.0000 per_frame
1275.00 607.50 30.00 21.09 1.0000 per_frame
1275.00 613.83 30.00 18.98 1.0000 per_frame
1271.25 615.94 37.50 21.09 1.0000 per_frame
1271.25 618.05 45.00 23.20 1.0000 per_frame
1271.25 620.16 37.50 21.09 1.0000 per_frame
1271.25 620.16 41.25 21.09 1.0000 per_frame
1271.25 620.16 41.25 21.09 1.0000 per_frame
1271.25 618.05 41.25 23.20 1.0000 per_frame
1271.25 618.05 41.25 21.09 1.0000 per_frame
1271.25 615.94 41.25 21.09 1.0000 per_frame
1271.25 613.83 45.00 21.09 1.0000 per_frame
1271.25 609.61 41.25 23.20 1.0000 per_frame
1275.00 607.50 30.00 21.09 1.0000 per_frame
1275.00 605.39 37.50 21.09 1.0000 per_frame
1275.00 601.17 37.50 23.20 1.0000 per_frame
1278.75 603.28 26.25 14.77 1.0000 per_frame
1275.00 594.84 37.50 21.09 1.0000 per_frame
1278.75 592.73 30.00 18.98 1.0000 per_frame
1278.75 588.52 33.75 21.09 1.0000 per_frame
1278.75 584.30 33.75 21.09 1.0000 per_frame
1278.75 580.08 37.50 21.09 1.0000 per_frame
1278.75 575.86 41.25 23.20 1.0000 per_frame
1282.50 573.75 30.00 21.09 1.0000 per_frame
1282.50 571.64 30.00 16.88 1.0000 per_frame
-100 -100 -100 -100 0.0000 none
-100 -100 -100 -100 0.0000 none
-100 -100 -100 -100 0.0000 none
1278.75 552.66 26.25 18.98 1.0000 per_frame
1282.50 554.77 15.00 10.55 0.9882 per_frame
1282.50 548.44 15.00 12.66 1.0000 per_frame
1282.50 552.66 18.75 8.44 0.9961 per_frame
1282.50 535.78 30.00 23.20 1.0000 per_frame
1278.75 533.67 33.75 23.20 1.0000 per_frame
1278.75 529.45 37.50 31.64 1.0000 per_frame
1275.00 525.23 41.25 33.75 1.0000 per_frame
-100 -100 -100 -100 0.0000 none
1372.50 491.48 3.75 2.11 0.5176 per_frame
1275.00 525.23 15.00 12.66 0.9882 per_frame
1275.00 525.23 11.25 10.55 1.0000 per_frame
1275.00 523.12 15.00 10.55 1.0000 per_frame
1275.00 518.91 30.00 12.66 1.0000 per_frame
1271.25 510.47 41.25 29.53 1.0000 per_frame
1271.25 502.03 41.25 37.97 1.0000 per_frame
1267.50 502.03 45.00 35.86 1.0000 per_frame
1263.75 506.25 30.00 29.53 1.0000 per_frame
1260.00 499.92 37.50 35.86 1.0000 per_frame
1256.25 497.81 41.25 35.86 1.0000 per_frame
1252.50 495.70 37.50 37.97 1.0000 per_frame
1245.00 495.70 41.25 35.86 1.0000 per_frame
1237.50 491.48 41.25 37.97 1.0000 per_frame
1230.00 489.38 41.25 37.97 1.0000 per_frame
1222.50 487.27 41.25 37.97 1.0000 per_frame
1211.25 485.16 41.25 37.97 1.0000 per_frame
1203.75 483.05 41.25 37.97 1.0000 per_frame
1192.50 478.83 45.00 40.08 1.0000 per_frame
1181.25 478.83 45.00 37.97 1.0000 per_frame
1170.00 478.83 48.75 35.86 1.0000 per_frame
1158.75 480.94 45.00 31.64 1.0000 per_frame
1147.50 478.83 48.75 35.86 1.0000 per_frame
1132.50 478.83 52.50 35.86 1.0000 per_frame
1125.00 483.05 52.50 33.75 1.0000 per_frame
1110.00 483.05 52.50 37.97 1.0000 per_frame
1106.25 487.27 41.25 35.86 1.0000 per_frame
1091.25 491.48 48.75 35.86 1.0000 per_frame
1083.75 497.81 45.00 33.75 1.0000 per_frame
-100 -100 -100 -100 0.0000 none
-100 -100 -100 -100 0.0000 none
-100 -100 -100 -100 0.0000 none
-100 -100 -100 -100 0.0000 none
-100 -100 -100 -100 0.0000 none
-100 -100 -100 -100 0.0000 none
-100 -100 -100 -100 0.0000 none
-100 -100 -100 -100 0.0000 none
-100 -100 -100 -100 0.0000 none
-100 -100 -100 -100 0.0000 none
-100 -100 -100 -100 0.0000 none
-100 -100 -100 -100 0.0000 none
-100 -100 -100 -100 0.0000 none
-100 -100 -100 -100 0.0000 none
-100 -100 -100 -100 0.0000 none
-100 -100 -100 -100 0.0000 none
-100 -100 -100 -100 0.0000 none
-100 -100 -100 -100 0.0000 none
-100 -100 -100 -100 0.0000 none
-100 -100 -100 -100 0.0000 none
-100 -100 -100 -100 0.0000 none
933.75 668.67 26.25 27.42 1.0000 per_frame
-100 -100 -100 -100 0.0000 none
933.75 685.55 22.50 12.66 1.0000 per_frame
933.75 687.66 11.25 6.33 0.9961 per_frame
-100 -100 -100 -100 0.0000 none
918.75 672.89 37.50 33.75 1.0000 per_frame
915.00 675.00 37.50 33.75 1.0000 per_frame
907.50 675.00 41.25 33.75 1.0000 per_frame
907.50 672.89 41.25 35.86 1.0000 per_frame
900.00 666.56 48.75 42.19 1.0000 per_frame
888.75 664.45 52.50 44.30 1.0000 per_frame
881.25 666.56 52.50 42.19 1.0000 per_frame
877.50 664.45 45.00 42.19 1.0000 per_frame
870.00 664.45 45.00 44.30 1.0000 per_frame
862.50 664.45 45.00 40.08 1.0000 per_frame
851.25 662.34 41.25 42.19 1.0000 per_frame
836.25 662.34 45.00 37.97 1.0000 per_frame
821.25 662.34 48.75 37.97 1.0000 per_frame
813.75 662.34 41.25 40.08 1.0000 per_frame
798.75 660.23 45.00 42.19 1.0000 per_frame
780.00 660.23 48.75 40.08 1.0000 per_frame
787.50 658.12 26.25 33.75 1.0000 per_frame
780.00 670.78 18.75 10.55 1.0000 per_frame
-100 -100 -100 -100 0.0000 none
-100 -100 -100 -100 0.0000 none
-100 -100 -100 -100 0.0000 none
-100 -100 -100 -100 0.0000 none
-100 -100 -100 -100 0.0000 none
-100 -100 -100 -100 0.0000 none
-100 -100 -100 -100 0.0000 none
-100 -100 -100 -100 0.0000 none
-100 -100 -100 -100 0.0000 none
-100 -100 -100 -100 0.0000 none
-100 -100 -100 -100 0.0000 none
-100 -100 -100 -100 0.0000 none
-100 -100 -100 -100 0.0000 none
-100 -100 -100 -100 0.0000 none
-100 -100 -100 -100 0.0000 none
-100 -100 -100 -100 0.0000 none
-100 -100 -100 -100 0.0000 none
536.25 658.12 7.50 4.22 0.9216 per_frame
510.00 628.59 41.25 35.86 1.0000 per_frame
528.75 639.14 15.00 8.44 1.0000 per_frame
498.75 628.59 45.00 23.20 1.0000 per_frame
491.25 628.59 48.75 37.97 1.0000 per_frame
483.75 624.38 48.75 44.30 1.0000 per_frame
476.25 622.27 52.50 48.52 1.0000 per_frame
476.25 624.38 45.00 46.41 1.0000 per_frame
465.00 620.16 56.25 50.62 1.0000 per_frame
468.75 620.16 45.00 50.62 1.0000 per_frame
465.00 620.16 48.75 48.52 1.0000 per_frame
461.25 618.05 52.50 50.62 1.0000 per_frame
461.25 618.05 52.50 50.62 1.0000 per_frame
461.25 620.16 52.50 48.52 1.0000 per_frame
461.25 615.94 52.50 50.62 1.0000 per_frame
465.00 618.05 48.75 48.52 1.0000 per_frame
468.75 615.94 48.75 50.62 1.0000 per_frame
468.75 611.72 48.75 54.84 1.0000 per_frame
472.50 613.83 48.75 50.62 1.0000 per_frame
476.25 611.72 48.75 52.73 1.0000 per_frame
483.75 613.83 45.00 44.30 1.0000 per_frame
491.25 611.72 48.75 44.30 1.0000 per_frame
498.75 609.61 45.00 42.19 1.0000 per_frame
506.25 611.72 45.00 42.19 1.0000 per_frame
510.00 615.94 48.75 40.08 1.0000 per_frame
532.50 626.48 33.75 23.20 1.0000 per_frame
-100 -100 -100 -100 0.0000 none
-100 -100 -100 -100 0.0000 none
-100 -100 -100 -100 0.0000 none
-100 -100 -100 -100 0.0000 none
-100 -100 -100 -100 0.0000 none
-100 -100 -100 -100 0.0000 none
-100 -100 -100 -100 0.0000 none
-100 -100 -100 -100 0.0000 none
-100 -100 -100 -100 0.0000 none
-100 -100 -100 -100 0.0000 none
-100 -100 -100 -100 0.0000 none
-100 -100 -100 -100 0.0000 none
-100 -100 -100 -100 0.0000 none
-100 -100 -100 -100 0.0000 none
768.75 643.36 15.00 4.22 0.9686 per_frame
787.50 643.36 15.00 6.33 1.0000 per_frame
772.50 626.48 48.75 40.08 1.0000 per_frame
795.00 628.59 48.75 37.97 1.0000 per_frame
813.75 628.59 48.75 37.97 1.0000 per_frame
832.50 632.81 45.00 35.86 1.0000 per_frame
851.25 630.70 45.00 37.97 1.0000 per_frame
870.00 632.81 45.00 35.86 1.0000 per_frame
892.50 641.25 45.00 29.53 1.0000 per_frame
911.25 645.47 41.25 27.42 1.0000 per_frame
933.75 653.91 22.50 14.77 1.0000 per_frame
-100 -100 -100 -100 0.0000 none
978.75 656.02 33.75 16.88 1.0000 per_frame
990.00 653.91 41.25 21.09 1.0000 per_frame
-100 -100 -100 -100 0.0000 none
-100 -100 -100 -100 0.0000 none
-100 -100 -100 -100 0.0000 none
-100 -100 -100 -100 0.0000 none
-100 -100 -100 -100 0.0000 none
-100 -100 -100 -100 0.0000 none
-100 -100 -100 -100 0.0000 none
-100 -100 -100 -100 0.0000 none
-100 -100 -100 -100 0.0000 none
-100 -100 -100 -100 0.0000 none
1170.00 675.00 37.50 21.09 1.0000 per_frame
-100 -100 -100 -100 0.0000 none
-100 -100 -100 -100 0.0000 none
1226.25 687.66 11.25 8.44 1.0000 per_frame
1218.75 668.67 45.00 35.86 1.0000 per_frame
1222.50 672.89 48.75 40.08 1.0000 per_frame
1233.75 679.22 41.25 40.08 1.0000 per_frame
1237.50 679.22 48.75 44.30 1.0000 per_frame
1241.25 687.66 52.50 40.08 1.0000 per_frame
1248.75 689.77 52.50 42.19 1.0000 per_frame
1252.50 696.09 67.50 40.08 1.0000 per_frame
1256.25 702.42 60.00 37.97 1.0000 per_frame
1263.75 717.19 37.50 25.31 1.0000 per_frame
1263.75 717.19 45.00 31.64 1.0000 per_frame
1271.25 721.41 41.25 27.42 1.0000 per_frame
-100 -100 -100 -100 0.0000 none
1275.00 734.06 45.00 27.42 1.0000 per_frame
-100 -100 -100 -100 0.0000 none
-100 -100 -100 -100 0.0000 none
-100 -100 -100 -100 0.0000 none
-100 -100 -100 -100 0.0000 none
1323.75 744.61 15.00 10.55 1.0000 per_frame
1327.50 746.72 11.25 10.55 1.0000 per_frame
1327.50 761.48 7.50 4.22 0.9961 per_frame
1327.50 765.70 7.50 4.22 0.9686 per_frame
1323.75 755.16 15.00 16.88 1.0000 per_frame
-100 -100 -100 -100 0.0000 none
-100 -100 -100 -100 0.0000 none
1323.75 774.14 7.50 4.22 0.9059 per_frame
1323.75 776.25 3.75 2.11 0.9843 per_frame
1323.75 776.25 7.50 4.22 0.9922 per_frame
1323.75 776.25 3.75 4.22 0.6392 per_frame
-100 -100 -100 -100 0.0000 none
-100 -100 -100 -100 0.0000 none
-100 -100 -100 -100 0.0000 none
-100 -100 -100 -100 0.0000 none
-100 -100 -100 -100 0.0000 none
-100 -100 -100 -100 0.0000 none
-100 -100 -100 -100 0.0000 none
1308.75 778.36 15.00 8.44 1.0000 per_frame
-100 -100 -100 -100 0.0000 none
1305.00 778.36 15.00 8.44 1.0000 per_frame
-100 -100 -100 -100 0.0000 none
1398.75 788.91 7.50 6.33 0.9843 per_frame
1301.25 780.47 15.00 6.33 0.8471 per_frame
-100 -100 -100 -100 0.0000 none
-100 -100 -100 -100 0.0000 none
-100 -100 -100 -100 0.0000 none
-100 -100 -100 -100 0.0000 none
-100 -100 -100 -100 0.0000 none
-100 -100 -100 -100 0.0000 none
-100 -100 -100 -100 0.0000 none
-100 -100 -100 -100 0.0000 none
-100 -100 -100 -100 0.0000 none
-100 -100 -100 -100 0.0000 none
-100 -100 -100 -100 0.0000 none
-100 -100 -100 -100 0.0000 none
-100 -100 -100 -100 0.0000 none
1391.25 784.69 11.25 6.33 0.7961 per_frame
-100 -100 -100 -100 0.0000 none
-100 -100 -100 -100 0.0000 none
1316.25 782.58 33.75 18.98 1.0000 per_frame
1323.75 780.47 37.50 21.09 1.0000 per_frame
1335.00 780.47 33.75 16.88 1.0000 per_frame
1350.00 782.58 30.00 8.44 1.0000 per_frame
1346.25 763.59 52.50 35.86 1.0000 per_frame
1357.50 761.48 48.75 40.08 1.0000 per_frame
1372.50 769.92 48.75 29.53 1.0000 per_frame
1383.75 765.70 48.75 35.86 1.0000 per_frame
1398.75 765.70 52.50 35.86 1.0000 per_frame
1413.75 753.05 52.50 46.41 1.0000 per_frame
1428.75 759.38 56.25 37.97 1.0000 per_frame
1447.50 757.27 56.25 40.08 1.0000 per_frame
1462.50 750.94 52.50 44.30 1.0000 per_frame
1477.50 748.83 60.00 48.52 1.0000 per_frame
1492.50 748.83 63.75 48.52 1.0000 per_frame
1511.25 748.83 67.50 46.41 1.0000 per_frame
1526.25 748.83 67.50 46.41 1.0000 per_frame
1552.50 753.05 56.25 42.19 1.0000 per_frame
1567.50 753.05 56.25 37.97 1.0000 per_frame
1586.25 750.94 56.25 40.08 1.0000 per_frame
1601.25 742.50 67.50 48.52 1.0000 per_frame
1620.00 738.28 60.00 48.52 1.0000 per_frame
1638.75 736.17 56.25 48.52 1.0000 per_frame
1653.75 731.95 56.25 46.41 1.0000 per_frame
1665.00 727.73 60.00 48.52 1.0000 per_frame
1676.25 721.41 60.00 48.52 1.0000 per_frame
1683.75 717.19 63.75 46.41 1.0000 per_frame
1695.00 706.64 60.00 50.62 1.0000 per_frame
1702.50 698.20 60.00 50.62 1.0000 per_frame
1710.00 689.77 56.25 50.62 1.0000 per_frame
1710.00 677.11 67.50 52.73 1.0000 per_frame
1713.75 666.56 71.25 52.73 1.0000 per_frame
1713.75 656.02 63.75 52.73 1.0000 per_frame
1721.25 645.47 67.50 50.62 1.0000 per_frame
1725.00 634.92 63.75 48.52 1.0000 per_frame
1721.25 626.48 67.50 46.41 1.0000 per_frame
1721.25 618.05 63.75 44.30 1.0000 per_frame
1721.25 605.39 71.25 46.41 1.0000 per_frame
1728.75 594.84 63.75 48.52 1.0000 per_frame
1728.75 584.30 60.00 48.52 1.0000 per_frame
1728.75 575.86 67.50 50.62 1.0000 per_frame
1725.00 565.31 67.50 54.84 1.0000 per_frame
1728.75 561.09 30.00 23.20 1.0000 per_frame
1728.75 554.77 67.50 52.73 1.0000 per_frame
1728.75 550.55 67.50 52.73 1.0000 per_frame
1728.75 544.22 71.25 56.95 1.0000 per_frame
1732.50 542.11 71.25 56.95 1.0000 per_frame
1732.50 540.00 67.50 56.95 1.0000 per_frame
1732.50 544.22 60.00 50.62 1.0000 per_frame
1736.25 542.11 60.00 50.62 1.0000 per_frame
1736.25 544.22 67.50 50.62 1.0000 per_frame
1732.50 542.11 71.25 52.73 1.0000 per_frame
1728.75 544.22 63.75 50.62 1.0000 per_frame
1728.75 546.33 71.25 50.62 1.0000 per_frame
1728.75 546.33 63.75 50.62 1.0000 per_frame
1725.00 546.33 67.50 52.73 1.0000 per_frame
1725.00 552.66 67.50 50.62 1.0000 per_frame
1725.00 556.88 63.75 48.52 1.0000 per_frame
1725.00 556.88 60.00 50.62 1.0000 per_frame
1725.00 558.98 56.25 50.62 1.0000 per_frame
1721.25 561.09 56.25 52.73 1.0000 per_frame
1713.75 567.42 63.75 46.41 1.0000 per_frame
1713.75 571.64 60.00 46.41 1.0000 per_frame
1713.75 577.97 60.00 44.30 1.0000 per_frame
1706.25 577.97 67.50 46.41 1.0000 per_frame
1702.50 580.08 63.75 48.52 1.0000 per_frame
1702.50 584.30 60.00 46.41 1.0000 per_frame
1695.00 588.52 56.25 46.41 1.0000 per_frame
1695.00 594.84 56.25 42.19 1.0000 per_frame
1691.25 596.95 60.00 42.19 1.0000 per_frame
1680.00 599.06 67.50 42.19 1.0000 per_frame
1683.75 601.17 56.25 44.30 1.0000 per_frame
1672.50 603.28 56.25 44.30 1.0000 per_frame
1672.50 607.50 52.50 42.19 1.0000 per_frame
1661.25 607.50 56.25 44.30 1.0000 per_frame
1661.25 615.94 56.25 40.08 1.0000 per_frame
1657.50 618.05 60.00 40.08 1.0000 per_frame
1650.00 624.38 56.25 33.75 1.0000 per_frame
1646.25 628.59 52.50 31.64 1.0000 per_frame
1646.25 632.81 48.75 29.53 1.0000 per_frame
1638.75 634.92 48.75 29.53 1.0000 per_frame
1635.00 634.92 48.75 29.53 1.0000 per_frame
1631.25 639.14 48.75 29.53 1.0000 per_frame
1627.50 639.14 45.00 29.53 1.0000 per_frame
1623.75 641.25 45.00 29.53 1.0000 per_frame
1616.25 643.36 48.75 29.53 1.0000 per_frame
1616.25 645.47 45.00 27.42 1.0000 per_frame
1608.75 645.47 48.75 29.53 1.0000 per_frame
1608.75 647.58 45.00 29.53 1.0000 per_frame
1605.00 647.58 48.75 31.64 1.0000 per_frame
1601.25 647.58 48.75 31.64 1.0000 per_frame
1601.25 645.47 45.00 35.86 1.0000 per_frame
1597.50 647.58 48.75 35.86 1.0000 per_frame
1597.50 645.47 45.00 35.86 1.0000 per_frame
1597.50 647.58 45.00 35.86 1.0000 per_frame
1597.50 645.47 48.75 37.97 1.0000 per_frame
1597.50 643.36 45.00 42.19 1.0000 per_frame
1601.25 645.47 45.00 40.08 1.0000 per_frame
1601.25 647.58 45.00 37.97 1.0000 per_frame
1605.00 645.47 48.75 40.08 1.0000 per_frame
1608.75 645.47 45.00 40.08 1.0000 per_frame
1612.50 645.47 45.00 40.08 1.0000 per_frame
1620.00 647.58 48.75 37.97 1.0000 per_frame
1623.75 645.47 48.75 40.08 1.0000 per_frame
1631.25 647.58 48.75 37.97 1.0000 per_frame
1638.75 647.58 48.75 37.97 1.0000 per_frame
1646.25 645.47 45.00 37.97 1.0000 per_frame
1653.75 647.58 45.00 35.86 1.0000 per_frame
1661.25 645.47 45.00 37.97 1.0000 per_frame
1668.75 647.58 48.75 35.86 1.0000 per_frame
1676.25 643.36 52.50 40.08 1.0000 per_frame
1687.50 647.58 48.75 33.75 1.0000 per_frame
1698.75 645.47 45.00 37.97 1.0000 per_frame
1710.00 645.47 41.25 37.97 1.0000 per_frame
1717.50 647.58 45.00 33.75 1.0000 per_frame
1728.75 645.47 48.75 35.86 1.0000 per_frame
1740.00 647.58 48.75 33.75 1.0000 per_frame
1751.25 647.58 48.75 33.75 1.0000 per_frame
1762.50 649.69 48.75 31.64 1.0000 per_frame
1773.75 649.69 48.75 27.42 1.0000 per_frame
1788.75 647.58 48.75 29.53 1.0000 per_frame
1796.25 647.58 48.75 31.64 1.0000 per_frame
1807.50 645.47 48.75 33.75 1.0000 per_frame
1818.75 643.36 48.75 35.86 1.0000 per_frame
1830.00 645.47 45.00 31.64 1.0000 per_frame
1841.25 645.47 45.00 33.75 1.0000 per_frame
1848.75 643.36 48.75 33.75 1.0000 per_frame
1856.25 645.47 48.75 31.64 1.0000 per_frame
1863.75 643.36 48.75 33.75 1.0000 per_frame
1871.25 645.47 45.00 31.64 1.0000 per_frame
1878.75 647.58 33.75 27.42 1.0000 per_frame
1886.25 651.80 26.25 21.09 1.0000 per_frame
-100 -100 -100 -100 0.0000 none
-100 -100 -100 -100 0.0000 none
-100 -100 -100 -100 0.0000 none
-100 -100 -100 -100 0.0000 none
-100 -100 -100 -100 0.0000 none
-100 -100 -100 -100 0.0000 none
-100 -100 -100 -100 0.0000 none
-100 -100 -100 -100 0.0000 none
-100 -100 -100 -100 0.0000 none
-100 -100 -100 -100 0.0000 none
-100 -100 -100 -100 0.0000 none
-100 -100 -100 -100 0.0000 none
-100 -100 -100 -100 0.0000 none
780.00 445.08 3.75 2.11 0.8000 per_frame
780.00 445.08 3.75 2.11 0.5216 per_frame
772.50 440.86 15.00 8.44 1.0000 per_frame
780.00 442.97 3.75 4.22 0.8588 per_frame
776.25 442.97 11.25 6.33 0.9882 per_frame
780.00 442.97 3.75 4.22 0.9216 per_frame
-100 -100 -100 -100 0.0000 none
-100 -100 -100 -100 0.0000 none
1882.50 653.91 30.00 23.20 1.0000 per_frame
1875.00 647.58 45.00 33.75 1.0000 per_frame
1867.50 643.36 45.00 37.97 1.0000 per_frame
1852.50 645.47 48.75 35.86 1.0000 per_frame
1845.00 643.36 45.00 37.97 1.0000 per_frame
1833.75 643.36 45.00 37.97 1.0000 per_frame
1818.75 643.36 45.00 37.97 1.0000 per_frame
1807.50 643.36 45.00 37.97 1.0000 per_frame
1792.50 643.36 45.00 35.86 1.0000 per_frame
1781.25 643.36 41.25 35.86 1.0000 per_frame
1766.25 643.36 41.25 35.86 1.0000 per_frame
1751.25 643.36 45.00 35.86 1.0000 per_frame
1732.50 643.36 45.00 35.86 1.0000 per_frame
1721.25 643.36 41.25 33.75 1.0000 per_frame
1702.50 643.36 45.00 33.75 1.0000 per_frame
1687.50 643.36 45.00 31.64 1.0000 per_frame
1668.75 643.36 48.75 29.53 1.0000 per_frame
1653.75 645.47 48.75 27.42 1.0000 per_frame
1638.75 643.36 48.75 29.53 1.0000 per_frame
1623.75 639.14 41.25 33.75 1.0000 per_frame
1608.75 639.14 45.00 33.75 1.0000 per_frame
1597.50 637.03 41.25 35.86 1.0000 per_frame
1582.50 637.03 41.25 35.86 1.0000 per_frame
1567.50 637.03 45.00 35.86 1.0000 per_frame
1556.25 637.03 45.00 35.86 1.0000 per_frame
1545.00 637.03 41.25 33.75 1.0000 per_frame
1533.75 637.03 41.25 33.75 1.0000 per_frame
1522.50 637.03 41.25 33.75 1.0000 per_frame
1511.25 637.03 41.25 31.64 1.0000 per_frame
1503.75 637.03 41.25 31.64 1.0000 per_frame
1492.50 637.03 45.00 31.64 1.0000 per_frame
1485.00 634.92 41.25 31.64 1.0000 per_frame
1477.50 634.92 41.25 33.75 1.0000 per_frame
1470.00 632.81 41.25 35.86 1.0000 per_frame
1466.25 634.92 37.50 33.75 1.0000 per_frame
1458.75 634.92 37.50 31.64 1.0000 per_frame
1451.25 634.92 41.25 31.64 1.0000 per_frame
1443.75 632.81 45.00 31.64 1.0000 per_frame
1443.75 634.92 37.50 27.42 1.0000 per_frame
1451.25 649.69 18.75 6.33 1.0000 per_frame
1428.75 632.81 45.00 29.53 1.0000 per_frame
1425.00 634.92 41.25 27.42 1.0000 per_frame
1421.25 632.81 37.50 29.53 1.0000 per_frame
1421.25 637.03 33.75 25.31 1.0000 per_frame
1417.50 634.92 37.50 27.42 1.0000 per_frame
1413.75 637.03 33.75 25.31 1.0000 per_frame
1406.25 634.92 41.25 27.42 1.0000 per_frame
1402.50 634.92 41.25 27.42 1.0000 per_frame
1402.50 634.92 37.50 25.31 1.0000 per_frame
1398.75 630.70 41.25 27.42 1.0000 per_frame
1398.75 630.70 37.50 27.42 1.0000 per_frame
1398.75 630.70 33.75 25.31 1.0000 per_frame
1391.25 628.59 37.50 27.42 1.0000 per_frame
1391.25 628.59 33.75 27.42 1.0000 per_frame
1406.25 643.36 7.50 6.33 0.9020 per_frame
1391.25 641.25 22.50 12.66 1.0000 per_frame
1395.00 643.36 7.50 4.22 0.9961 per_frame
1368.75 634.92 41.25 25.31 1.0000 per_frame
1361.25 630.70 45.00 29.53 1.0000 per_frame
1353.75 626.48 45.00 33.75 1.0000 per_frame
1353.75 637.03 30.00 16.88 1.0000 per_frame
1338.75 626.48 37.50 29.53 1.0000 per_frame
1327.50 622.27 37.50 33.75 1.0000 per_frame
1316.25 624.38 37.50 29.53 1.0000 per_frame
1323.75 637.03 18.75 8.44 1.0000 per_frame
-100 -100 -100 -100 0.0000 none
1398.75 567.42 3.75 4.22 0.6196 per_frame
1271.25 630.70 33.75 23.20 1.0000 per_frame
1256.25 626.48 37.50 27.42 1.0000 per_frame
1245.00 628.59 37.50 29.53 1.0000 per_frame
1230.00 630.70 41.25 27.42 1.0000 per_frame
1218.75 628.59 41.25 31.64 1.0000 per_frame
1207.50 632.81 41.25 29.53 1.0000 per_frame
-100 -100 -100 -100 0.0000 none
-100 -100 -100 -100 0.0000 none
-100 -100 -100 -100 0.0000 none
-100 -100 -100 -100 0.0000 none
-100 -100 -100 -100 0.0000 none
-100 -100 -100 -100 0.0000 none
-100 -100 -100 -100 0.0000 none
1402.50 793.12 3.75 2.11 0.8157 per_frame
1398.75 793.12 7.50 4.22 0.9961 per_frame
-100 -100 -100 -100 0.0000 none
-100 -100 -100 -100 0.0000 none
-100 -100 -100 -100 0.0000 none
-100 -100 -100 -100 0.0000 none
-100 -100 -100 -100 0.0000 none
-100 -100 -100 -100 0.0000 none
-100 -100 -100 -100 0.0000 none
-100 -100 -100 -100 0.0000 none
-100 -100 -100 -100 0.0000 none
-100 -100 -100 -100 0.0000 none
-100 -100 -100 -100 0.0000 none
-100 -100 -100 -100 0.0000 none
-100 -100 -100 -100 0.0000 none
-100 -100 -100 -100 0.0000 none
-100 -100 -100 -100 0.0000 none
-100 -100 -100 -100 0.0000 none
-100 -100 -100 -100 0.0000 none
-100 -100 -100 -100 0.0000 none
-100 -100 -100 -100 0.0000 none
-100 -100 -100 -100 0.0000 none
-100 -100 -100 -100 0.0000 none
-100 -100 -100 -100 0.0000 none
-100 -100 -100 -100 0.0000 none
-100 -100 -100 -100 0.0000 none
-100 -100 -100 -100 0.0000 none
-100 -100 -100 -100 0.0000 none
-100 -100 -100 -100 0.0000 none
-100 -100 -100 -100 0.0000 none
-100 -100 -100 -100 0.0000 none
-100 -100 -100 -100 0.0000 none
-100 -100 -100 -100 0.0000 none
-100 -100 -100 -100 0.0000 none
-100 -100 -100 -100 0.0000 none
-100 -100 -100 -100 0.0000 none
-100 -100 -100 -100 0.0000 none
-100 -100 -100 -100 0.0000 none
1170.00 774.14 15.00 8.44 1.0000 per_frame
-100 -100 -100 -100 0.0000 none
1177.50 767.81 33.75 23.20 1.0000 per_frame
-100 -100 -100 -100 0.0000 none
1207.50 780.47 3.75 2.11 0.6941 per_frame
-100 -100 -100 -100 0.0000 none
1233.75 778.36 22.50 12.66 1.0000 per_frame
1252.50 780.47 18.75 10.55 1.0000 per_frame
1260.00 772.03 33.75 21.09 1.0000 per_frame
-100 -100 -100 -100 0.0000 none
-100 -100 -100 -100 0.0000 none
1305.00 772.03 37.50 23.20 1.0000 per_frame
1316.25 765.70 45.00 31.64 1.0000 per_frame
1335.00 765.70 41.25 29.53 1.0000 per_frame
1353.75 763.59 52.50 33.75 1.0000 per_frame
1368.75 763.59 41.25 33.75 1.0000 per_frame
1387.50 765.70 41.25 31.64 1.0000 per_frame
1398.75 765.70 48.75 33.75 1.0000 per_frame
1425.00 765.70 41.25 33.75 1.0000 per_frame
1443.75 763.59 45.00 35.86 1.0000 per_frame
1466.25 767.81 37.50 33.75 1.0000 per_frame
1481.25 767.81 48.75 35.86 1.0000 per_frame
1500.00 767.81 48.75 35.86 1.0000 per_frame
1522.50 767.81 45.00 35.86 1.0000 per_frame
1545.00 769.92 48.75 35.86 1.0000 per_frame
1563.75 769.92 48.75 37.97 1.0000 per_frame
1586.25 769.92 45.00 37.97 1.0000 per_frame
1608.75 769.92 48.75 37.97 1.0000 per_frame
1631.25 769.92 45.00 35.86 1.0000 per_frame
1653.75 765.70 52.50 37.97 1.0000 per_frame
1676.25 765.70 52.50 35.86 1.0000 per_frame
1698.75 763.59 52.50 33.75 1.0000 per_frame
1725.00 759.38 52.50 33.75 1.0000 per_frame
1747.50 755.16 52.50 31.64 1.0000 per_frame
1773.75 748.83 48.75 31.64 1.0000 per_frame
1792.50 738.28 56.25 35.86 1.0000 per_frame
1815.00 725.62 52.50 42.19 1.0000 per_frame
1837.50 715.08 52.50 44.30 1.0000 per_frame
1860.00 710.86 48.75 37.97 1.0000 per_frame
1878.75 704.53 33.75 29.53 1.0000 per_frame
-100 -100 -100 -100 0.0000 none
-100 -100 -100 -100 0.0000 none
-100 -100 -100 -100 0.0000 none
-100 -100 -100 -100 0.0000 none
-100 -100 -100 -100 0.0000 none
-100 -100 -100 -100 0.0000 none
-100 -100 -100 -100 0.0000 none
-100 -100 -100 -100 0.0000 none
-100 -100 -100 -100 0.0000 none
978.75 883.83 3.75 2.11 0.5686 per_frame
978.75 883.83 3.75 2.11 0.7961 per_frame
975.00 881.72 11.25 4.22 1.0000 per_frame
978.75 881.72 3.75 4.22 0.9882 per_frame
978.75 881.72 3.75 4.22 0.9961 per_frame
975.00 881.72 7.50 4.22 0.9961 per_frame
975.00 881.72 11.25 4.22 1.0000 per_frame
-100 -100 -100 -100 0.0000 none
-100 -100 -100 -100 0.0000 none
-100 -100 -100 -100 0.0000 none
-100 -100 -100 -100 0.0000 none
-100 -100 -100 -100 0.0000 none
-100 -100 -100 -100 0.0000 none
-100 -100 -100 -100 0.0000 none
-100 -100 -100 -100 0.0000 none
-100 -100 -100 -100 0.0000 none
-100 -100 -100 -100 0.0000 none
-100 -100 -100 -100 0.0000 none
-100 -100 -100 -100 0.0000 none
-100 -100 -100 -100 0.0000 none
-100 -100 -100 -100 0.0000 none
-100 -100 -100 -100 0.0000 none
-100 -100 -100 -100 0.0000 none
-100 -100 -100 -100 0.0000 none
-100 -100 -100 -100 0.0000 none
-100 -100 -100 -100 0.0000 none
-100 -100 -100 -100 0.0000 none
-100 -100 -100 -100 0.0000 none
-100 -100 -100 -100 0.0000 none
-100 -100 -100 -100 0.0000 none
-100 -100 -100 -100 0.0000 none
-100 -100 -100 -100 0.0000 none
-100 -100 -100 -100 0.0000 none
-100 -100 -100 -100 0.0000 none
-100 -100 -100 -100 0.0000 none
-100 -100 -100 -100 0.0000 none
-100 -100 -100 -100 0.0000 none
-100 -100 -100 -100 0.0000 none
-100 -100 -100 -100 0.0000 none
-100 -100 -100 -100 0.0000 none
-100 -100 -100 -100 0.0000 none
-100 -100 -100 -100 0.0000 none
-100 -100 -100 -100 0.0000 none
-100 -100 -100 -100 0.0000 none
-100 -100 -100 -100 0.0000 none
-100 -100 -100 -100 0.0000 none
-100 -100 -100 -100 0.0000 none
-100 -100 -100 -100 0.0000 none
-100 -100 -100 -100 0.0000 none
-100 -100 -100 -100 0.0000 none
-100 -100 -100 -100 0.0000 none
-100 -100 -100 -100 0.0000 none
1398.75 791.02 3.75 4.22 0.9804 per_frame
1395.00 788.91 11.25 6.33 0.9961 per_frame
1398.75 791.02 7.50 4.22 0.9804 per_frame
1398.75 791.02 3.75 4.22 0.7569 per_frame
1395.00 791.02 7.50 4.22 0.9922 per_frame
-100 -100 -100 -100 0.0000 none
1391.25 786.80 15.00 10.55 1.0000 per_frame
1391.25 786.80 15.00 10.55 1.0000 per_frame
-100 -100 -100 -100 0.0000 none
-100 -100 -100 -100 0.0000 none
-100 -100 -100 -100 0.0000 none
-100 -100 -100 -100 0.0000 none
-100 -100 -100 -100 0.0000 none
-100 -100 -100 -100 0.0000 none
-100 -100 -100 -100 0.0000 none
-100 -100 -100 -100 0.0000 none
-100 -100 -100 -100 0.0000 none
-100 -100 -100 -100 0.0000 none
-100 -100 -100 -100 0.0000 none
-100 -100 -100 -100 0.0000 none
-100 -100 -100 -100 0.0000 none
-100 -100 -100 -100 0.0000 none
-100 -100 -100 -100 0.0000 none
-100 -100 -100 -100 0.0000 none
-100 -100 -100 -100 0.0000 none
1395.00 791.02 7.50 4.22 0.9961 per_frame
-100 -100 -100 -100 0.0000 none
-100 -100 -100 -100 0.0000 none
-100 -100 -100 -100 0.0000 none
-100 -100 -100 -100 0.0000 none
-100 -100 -100 -100 0.0000 none
-100 -100 -100 -100 0.0000 none
-100 -100 -100 -100 0.0000 none
1878.75 447.19 37.50 29.53 1.0000 per_frame
1856.25 449.30 52.50 37.97 1.0000 per_frame
1841.25 455.62 48.75 37.97 1.0000 per_frame
1822.50 466.17 48.75 35.86 1.0000 per_frame
1803.75 478.83 48.75 33.75 1.0000 per_frame
1785.00 487.27 56.25 33.75 1.0000 per_frame
1762.50 499.92 56.25 31.64 1.0000 per_frame
1751.25 508.36 48.75 35.86 1.0000 per_frame
1728.75 516.80 52.50 37.97 1.0000 per_frame
1713.75 527.34 52.50 37.97 1.0000 per_frame
1698.75 537.89 48.75 37.97 1.0000 per_frame
1683.75 550.55 48.75 35.86 1.0000 per_frame
1668.75 561.09 48.75 37.97 1.0000 per_frame
1657.50 573.75 45.00 37.97 1.0000 per_frame
1642.50 584.30 45.00 37.97 1.0000 per_frame
1631.25 601.17 41.25 33.75 1.0000 per_frame
1616.25 611.72 45.00 35.86 1.0000 per_frame
1605.00 624.38 45.00 35.86 1.0000 per_frame
1590.00 637.03 48.75 33.75 1.0000 per_frame
1582.50 651.80 45.00 31.64 1.0000 per_frame
1571.25 664.45 45.00 29.53 1.0000 per_frame
1560.00 675.00 45.00 31.64 1.0000 per_frame
1552.50 687.66 45.00 29.53 1.0000 per_frame
1537.50 696.09 48.75 31.64 1.0000 per_frame
1530.00 706.64 45.00 31.64 1.0000 per_frame
1522.50 715.08 45.00 31.64 1.0000 per_frame
1515.00 725.62 41.25 29.53 1.0000 per_frame
1503.75 731.95 45.00 31.64 1.0000 per_frame
1496.25 738.28 45.00 33.75 1.0000 per_frame
1488.75 742.50 45.00 35.86 1.0000 per_frame
1485.00 748.83 45.00 35.86 1.0000 per_frame
1477.50 750.94 45.00 37.97 1.0000 per_frame
1473.75 755.16 41.25 37.97 1.0000 per_frame
1496.25 782.58 3.75 2.11 0.6157 per_frame
1473.75 778.36 30.00 16.88 1.0000 per_frame
1462.50 776.25 41.25 25.31 1.0000 per_frame
1458.75 774.14 41.25 29.53 1.0000 per_frame
1451.25 774.14 45.00 29.53 1.0000 per_frame
1447.50 774.14 41.25 31.64 1.0000 per_frame
1443.75 774.14 41.25 31.64 1.0000 per_frame
1436.25 774.14 45.00 33.75 1.0000 per_frame
1432.50 774.14 41.25 33.75 1.0000 per_frame
1425.00 776.25 41.25 31.64 1.0000 per_frame
1417.50 774.14 41.25 33.75 1.0000 per_frame
1398.75 774.14 52.50 31.64 1.0000 per_frame
1395.00 774.14 48.75 31.64 1.0000 per_frame
1398.75 774.14 37.50 27.42 1.0000 per_frame
1402.50 778.36 22.50 21.09 1.0000 per_frame
1383.75 772.03 33.75 25.31 1.0000 per_frame
1368.75 767.81 41.25 31.64 1.0000 per_frame
1361.25 767.81 48.75 31.64 1.0000 per_frame
1353.75 765.70 52.50 31.64 1.0000 per_frame
1350.00 765.70 33.75 25.31 1.0000 per_frame
1342.50 767.81 33.75 18.98 1.0000 per_frame
1331.25 757.27 41.25 25.31 1.0000 per_frame
1320.00 753.05 45.00 25.31 1.0000 per_frame
1323.75 748.83 33.75 23.20 1.0000 per_frame
-100 -100 -100 -100 0.0000 none
1331.25 744.61 11.25 4.22 0.9725 per_frame
-100 -100 -100 -100 0.0000 none
-100 -100 -100 -100 0.0000 none
-100 -100 -100 -100 0.0000 none
-100 -100 -100 -100 0.0000 none
-100 -100 -100 -100 0.0000 none
-100 -100 -100 -100 0.0000 none
-100 -100 -100 -100 0.0000 none
-100 -100 -100 -100 0.0000 none
-100 -100 -100 -100 0.0000 none
-100 -100 -100 -100 0.0000 none
-100 -100 -100 -100 0.0000 none
1275.00 666.56 37.50 27.42 1.0000 per_frame
1271.25 664.45 41.25 27.42 1.0000 per_frame
1271.25 664.45 41.25 29.53 1.0000 per_frame
1271.25 664.45 33.75 25.31 1.0000 per_frame
-100 -100 -100 -100 0.0000 none
1278.75 666.56 30.00 18.98 1.0000 per_frame
1267.50 658.12 45.00 27.42 1.0000 per_frame
1267.50 656.02 48.75 29.53 1.0000 per_frame
1263.75 656.02 48.75 29.53 1.0000 per_frame
1267.50 656.02 45.00 29.53 1.0000 per_frame
1271.25 658.12 41.25 25.31 1.0000 per_frame
1267.50 656.02 48.75 27.42 1.0000 per_frame
1267.50 656.02 48.75 27.42 1.0000 per_frame
1271.25 656.02 45.00 29.53 1.0000 per_frame
1267.50 653.91 48.75 31.64 1.0000 per_frame
1271.25 656.02 45.00 29.53 1.0000 per_frame
1275.00 658.12 41.25 27.42 1.0000 per_frame
1271.25 658.12 45.00 25.31 1.0000 per_frame
1271.25 658.12 45.00 27.42 1.0000 per_frame
1278.75 660.23 33.75 23.20 1.0000 per_frame
1278.75 662.34 30.00 21.09 1.0000 per_frame
1278.75 660.23 37.50 25.31 1.0000 per_frame
1282.50 662.34 33.75 23.20 1.0000 per_frame
1282.50 660.23 33.75 25.31 1.0000 per_frame
1297.50 675.00 11.25 10.55 1.0000 per_frame
1301.25 683.44 3.75 2.11 0.7529 per_frame
1301.25 683.44 7.50 2.11 0.9490 per_frame
1290.00 660.23 33.75 18.98 1.0000 per_frame
1290.00 662.34 11.25 6.33 0.9922 per_frame
1290.00 660.23 41.25 27.42 1.0000 per_frame
1293.75 664.45 7.50 4.22 0.8588 per_frame
1320.00 679.22 7.50 4.22 0.7020 per_frame
1290.00 662.34 45.00 29.53 1.0000 per_frame
1320.00 668.67 11.25 14.77 1.0000 per_frame
-100 -100 -100 -100 0.0000 none
-100 -100 -100 -100 0.0000 none
-100 -100 -100 -100 0.0000 none
1323.75 677.11 15.00 10.55 1.0000 per_frame
1320.00 677.11 18.75 16.88 1.0000 per_frame
1323.75 679.22 15.00 14.77 1.0000 per_frame
-100 -100 -100 -100 0.0000 none
-100 -100 -100 -100 0.0000 none
-100 -100 -100 -100 0.0000 none
-100 -100 -100 -100 0.0000 none
1335.00 681.33 7.50 4.22 0.9412 per_frame
1331.25 681.33 15.00 14.77 1.0000 per_frame
1323.75 675.00 26.25 21.09 1.0000 per_frame
1323.75 675.00 26.25 21.09 1.0000 per_frame
1327.50 675.00 26.25 21.09 1.0000 per_frame
1327.50 677.11 26.25 18.98 1.0000 per_frame
1335.00 679.22 18.75 12.66 1.0000 per_frame
1327.50 675.00 30.00 21.09 1.0000 per_frame
1327.50 675.00 30.00 23.20 1.0000 per_frame
1327.50 677.11 30.00 21.09 1.0000 per_frame
1331.25 679.22 26.25 16.88 1.0000 per_frame
1331.25 681.33 26.25 14.77 1.0000 per_frame
1331.25 681.33 26.25 14.77 1.0000 per_frame
1331.25 679.22 30.00 16.88 1.0000 per_frame
1331.25 681.33 30.00 14.77 1.0000 per_frame
1335.00 681.33 26.25 14.77 1.0000 per_frame
1338.75 681.33 18.75 10.55 1.0000 per_frame
-100 -100 -100 -100 0.0000 none
1342.50 683.44 11.25 4.22 0.9373 per_frame
-100 -100 -100 -100 0.0000 none
-100 -100 -100 -100 0.0000 none
1342.50 681.33 18.75 12.66 1.0000 per_frame
1338.75 679.22 22.50 16.88 1.0000 per_frame
1342.50 681.33 18.75 12.66 1.0000 per_frame
1342.50 681.33 18.75 12.66 1.0000 per_frame
1342.50 683.44 15.00 10.55 1.0000 per_frame
1342.50 681.33 18.75 12.66 1.0000 per_frame
1342.50 683.44 18.75 10.55 1.0000 per_frame
1338.75 681.33 22.50 12.66 1.0000 per_frame
1338.75 679.22 22.50 14.77 1.0000 per_frame
1335.00 679.22 30.00 14.77 1.0000 per_frame
1335.00 677.11 30.00 16.88 1.0000 per_frame
1331.25 670.78 33.75 23.20 1.0000 per_frame
1331.25 670.78 37.50 23.20 1.0000 per_frame
1331.25 670.78 33.75 23.20 1.0000 per_frame
1331.25 675.00 37.50 18.98 1.0000 per_frame
1331.25 679.22 33.75 14.77 1.0000 per_frame
1331.25 679.22 37.50 16.88 1.0000 per_frame
1338.75 679.22 26.25 16.88 1.0000 per_frame
1338.75 681.33 30.00 14.77 1.0000 per_frame
1346.25 683.44 22.50 10.55 1.0000 per_frame
1335.00 675.00 37.50 21.09 1.0000 per_frame
1335.00 677.11 41.25 21.09 1.0000 per_frame
1346.25 681.33 33.75 14.77 1.0000 per_frame
1353.75 681.33 30.00 14.77 1.0000 per_frame
1353.75 675.00 41.25 23.20 1.0000 per_frame
1361.25 670.78 41.25 27.42 1.0000 per_frame
1365.00 668.67 41.25 31.64 1.0000 per_frame
1372.50 666.56 41.25 31.64 1.0000 per_frame
1383.75 670.78 37.50 23.20 1.0000 per_frame
1391.25 668.67 37.50 25.31 1.0000 per_frame
1398.75 666.56 37.50 29.53 1.0000 per_frame
1406.25 662.34 45.00 31.64 1.0000 per_frame
1417.50 662.34 41.25 31.64 1.0000 per_frame
1428.75 660.23 45.00 33.75 1.0000 per_frame
1440.00 660.23 41.25 33.75 1.0000 per_frame
1451.25 660.23 41.25 33.75 1.0000 per_frame
1462.50 656.02 45.00 37.97 1.0000 per_frame
1473.75 653.91 45.00 37.97 1.0000 per_frame
1485.00 656.02 41.25 33.75 1.0000 per_frame
1500.00 658.12 41.25 31.64 1.0000 per_frame
1511.25 656.02 45.00 33.75 1.0000 per_frame
1526.25 656.02 45.00 33.75 1.0000 per_frame
1537.50 656.02 45.00 31.64 1.0000 per_frame
1552.50 656.02 45.00 31.64 1.0000 per_frame
1563.75 656.02 45.00 31.64 1.0000 per_frame
1575.00 656.02 45.00 31.64 1.0000 per_frame
1586.25 653.91 48.75 33.75 1.0000 per_frame
1605.00 651.80 41.25 37.97 1.0000 per_frame
1612.50 653.91 45.00 35.86 1.0000 per_frame
1623.75 651.80 45.00 37.97 1.0000 per_frame
1635.00 656.02 45.00 35.86 1.0000 per_frame
1646.25 656.02 45.00 33.75 1.0000 per_frame
1657.50 658.12 41.25 35.86 1.0000 per_frame
1665.00 660.23 45.00 35.86 1.0000 per_frame
1672.50 662.34 45.00 35.86 1.0000 per_frame
1680.00 664.45 48.75 37.97 1.0000 per_frame
1691.25 670.78 41.25 35.86 1.0000 per_frame
1695.00 675.00 48.75 35.86 1.0000 per_frame
1706.25 679.22 41.25 33.75 1.0000 per_frame
1710.00 683.44 48.75 33.75 1.0000 per_frame
1717.50 689.77 48.75 29.53 1.0000 per_frame
1725.00 693.98 45.00 29.53 1.0000 per_frame
1728.75 696.09 45.00 29.53 1.0000 per_frame
1736.25 698.20 45.00 29.53 1.0000 per_frame
1740.00 698.20 45.00 33.75 1.0000 per_frame
1743.75 702.42 48.75 29.53 1.0000 per_frame
1747.50 702.42 48.75 31.64 1.0000 per_frame
1755.00 704.53 45.00 31.64 1.0000 per_frame
1758.75 704.53 48.75 29.53 1.0000 per_frame
1766.25 704.53 45.00 29.53 1.0000 per_frame
1766.25 704.53 48.75 31.64 1.0000 per_frame
1770.00 704.53 52.50 29.53 1.0000 per_frame
1777.50 702.42 48.75 31.64 1.0000 per_frame
1781.25 704.53 48.75 27.42 1.0000 per_frame
1788.75 702.42 48.75 29.53 1.0000 per_frame
1788.75 700.31 48.75 29.53 1.0000 per_frame
1796.25 698.20 48.75 29.53 1.0000 per_frame
1800.00 696.09 52.50 29.53 1.0000 per_frame
1807.50 693.98 52.50 31.64 1.0000 per_frame
1807.50 691.88 60.00 31.64 1.0000 per_frame
1815.00 687.66 52.50 33.75 1.0000 per_frame
1818.75 683.44 56.25 37.97 1.0000 per_frame
1822.50 679.22 56.25 40.08 1.0000 per_frame
1830.00 675.00 52.50 42.19 1.0000 per_frame
1833.75 675.00 52.50 40.08 1.0000 per_frame
1841.25 672.89 52.50 42.19 1.0000 per_frame
1848.75 670.78 48.75 42.19 1.0000 per_frame
1856.25 670.78 56.25 40.08 1.0000 per_frame
1863.75 668.67 48.75 40.08 1.0000 per_frame
1875.00 666.56 41.25 37.97 1.0000 per_frame
1882.50 664.45 33.75 33.75 1.0000 per_frame
-100 -100 -100 -100 0.0000 none
-100 -100 -100 -100 0.0000 none
-100 -100 -100 -100 0.0000 none
-100 -100 -100 -100 0.0000 none
-100 -100 -100 -100 0.0000 none
-100 -100 -100 -100 0.0000 none
-100 -100 -100 -100 0.0000 none
-100 -100 -100 -100 0.0000 none
-100 -100 -100 -100 0.0000 none
-100 -100 -100 -100 0.0000 none
-100 -100 -100 -100 0.0000 none
-100 -100 -100 -100 0.0000 none
-100 -100 -100 -100 0.0000 none
-100 -100 -100 -100 0.0000 none
-100 -100 -100 -100 0.0000 none
-100 -100 -100 -100 0.0000 none
-100 -100 -100 -100 0.0000 none
-100 -100 -100 -100 0.0000 none
-100 -100 -100 -100 0.0000 none
-100 -100 -100 -100 0.0000 none
-100 -100 -100 -100 0.0000 none
-100 -100 -100 -100 0.0000 none
-100 -100 -100 -100 0.0000 none
-100 -100 -100 -100 0.0000 none
-100 -100 -100 -100 0.0000 none
-100 -100 -100 -100 0.0000 none
-100 -100 -100 -100 0.0000 none
-100 -100 -100 -100 0.0000 none
-100 -100 -100 -100 0.0000 none
-100 -100 -100 -100 0.0000 none
-100 -100 -100 -100 0.0000 none
-100 -100 -100 -100 0.0000 none
-100 -100 -100 -100 0.0000 none
-100 -100 -100 -100 0.0000 none
-100 -100 -100 -100 0.0000 none
-100 -100 -100 -100 0.0000 none
-100 -100 -100 -100 0.0000 none
-100 -100 -100 -100 0.0000 none
-100 -100 -100 -100 0.0000 none
-100 -100 -100 -100 0.0000 none
146.25 603.28 15.00 8.44 1.0000 per_frame
180.00 605.39 11.25 6.33 1.0000 per_frame
-100 -100 -100 -100 0.0000 none
-100 -100 -100 -100 0.0000 none
277.50 611.72 7.50 2.11 0.9451 per_frame
303.75 609.61 15.00 8.44 1.0000 per_frame
337.50 613.83 15.00 8.44 1.0000 per_frame
367.50 615.94 15.00 10.55 1.0000 per_frame
397.50 615.94 15.00 8.44 1.0000 per_frame
427.50 615.94 15.00 8.44 1.0000 per_frame
-100 -100 -100 -100 0.0000 none
-100 -100 -100 -100 0.0000 none
-100 -100 -100 -100 0.0000 none
-100 -100 -100 -100 0.0000 none
-100 -100 -100 -100 0.0000 none
-100 -100 -100 -100 0.0000 none
-100 -100 -100 -100 0.0000 none
-100 -100 -100 -100 0.0000 none
-100 -100 -100 -100 0.0000 none
-100 -100 -100 -100 0.0000 none
-100 -100 -100 -100 0.0000 none
-100 -100 -100 -100 0.0000 none
-100 -100 -100 -100 0.0000 none
1886.25 601.17 26.25 18.98 1.0000 per_frame
1860.00 601.17 52.50 40.08 1.0000 per_frame
1845.00 607.50 56.25 33.75 1.0000 per_frame
1818.75 609.61 75.00 46.41 1.0000 per_frame
1803.75 613.83 71.25 52.73 1.0000 per_frame
1785.00 626.48 63.75 48.52 1.0000 per_frame
1770.00 634.92 63.75 52.73 1.0000 per_frame
1743.75 643.36 67.50 54.84 1.0000 per_frame
1725.00 656.02 71.25 54.84 1.0000 per_frame
1713.75 666.56 60.00 54.84 1.0000 per_frame
1698.75 683.44 63.75 50.62 1.0000 per_frame
1680.00 689.77 67.50 56.95 1.0000 per_frame
1668.75 704.53 63.75 52.73 1.0000 per_frame
1650.00 712.97 67.50 56.95 1.0000 per_frame
1638.75 725.62 63.75 54.84 1.0000 per_frame
1631.25 738.28 63.75 52.73 1.0000 per_frame
1620.00 748.83 60.00 50.62 1.0000 per_frame
1616.25 757.27 56.25 52.73 1.0000 per_frame
1608.75 765.70 63.75 52.73 1.0000 per_frame
1601.25 772.03 63.75 52.73 1.0000 per_frame
1597.50 782.58 63.75 46.41 1.0000 per_frame
1590.00 786.80 71.25 46.41 1.0000 per_frame
1586.25 788.91 71.25 46.41 1.0000 per_frame
1586.25 791.02 60.00 46.41 1.0000 per_frame
1586.25 795.23 67.50 42.19 1.0000 per_frame
1582.50 795.23 60.00 42.19 1.0000 per_frame
1575.00 793.12 71.25 42.19 1.0000 per_frame
1578.75 788.91 67.50 44.30 1.0000 per_frame
1575.00 784.69 71.25 42.19 1.0000 per_frame
