62.50 178.59 132.50 54.84 1.0000 init
80.00 184.22 125.00 54.84 1.0000 high
92.50 184.22 127.50 52.03 1.0000 high
97.62 185.32 126.36 51.65 0.0000 coast
105.02 186.35 125.85 50.70 0.0000 coast
175.00 203.91 132.50 52.03 1.0000 high
207.50 202.50 137.50 53.44 1.0000 high
227.50 210.94 142.50 54.84 1.0000 high
242.50 203.91 140.00 50.62 1.0000 high
260.00 203.91 145.00 53.44 1.0000 high
280.00 203.91 150.00 52.03 1.0000 high
297.50 209.53 147.50 52.03 1.0000 high
302.50 212.34 150.00 50.62 1.0000 high
335.00 202.50 152.50 50.62 1.0000 high
337.50 202.50 150.00 52.03 1.0000 high
361.57 205.64 153.19 51.28 0.0000 coast
355.00 184.22 150.00 49.22 1.0000 high
367.50 182.81 150.00 50.62 1.0000 high
355.00 187.03 157.50 50.62 1.0000 high
367.50 172.97 165.00 47.81 1.0000 high
397.50 168.75 155.00 50.62 1.0000 high
382.50 175.78 155.00 50.62 1.0000 high
380.00 170.16 155.00 49.22 1.0000 high
405.00 150.47 155.00 50.62 1.0000 high
480.00 168.75 2.50 1.41 0.6275 high
473.25 161.63 44.60 14.36 0.0000 coast
489.06 159.64 34.28 10.75 0.0000 coast
407.50 140.62 160.00 50.62 1.0000 high
385.00 150.47 155.00 52.03 1.0000 high
387.50 143.44 155.00 49.22 1.0000 high
402.50 118.12 157.50 50.62 1.0000 high
370.00 113.91 162.50 52.03 1.0000 high
360.00 113.91 155.00 50.62 1.0000 high
382.50 98.44 152.50 50.62 1.0000 high
370.00 94.22 165.00 52.03 1.0000 high
362.50 104.06 152.50 52.03 1.0000 high
365.00 92.81 152.50 49.22 1.0000 high
355.00 73.12 157.50 52.03 1.0000 high
347.50 74.53 152.50 53.44 1.0000 high
337.50 74.53 152.50 52.03 1.0000 high
317.50 57.66 157.50 52.03 1.0000 high
300.00 54.84 152.50 53.44 1.0000 high
302.50 56.25 152.50 53.44 1.0000 high
295.00 39.38 160.00 54.84 1.0000 high
300.00 28.12 132.50 56.25 1.0000 high
292.50 32.34 135.00 54.84 1.0000 high
292.50 32.34 147.50 54.84 1.0000 high
277.50 28.12 152.50 52.03 1.0000 high
247.50 33.75 165.00 59.06 1.0000 high
272.50 35.16 152.50 53.44 1.0000 high
350.00 54.84 12.50 8.44 1.0000 high
318.52 44.03 54.51 21.97 0.0000 coast
297.50 16.88 87.50 32.34 1.0000 high
337.50 23.91 2.50 1.41 0.6314 high
322.64 14.41 23.41 8.90 0.0000 coast
-100 -100 -100 -100 0.0000 coast_none
220.00 4.22 155.00 59.06 1.0000 reinit
222.50 0.00 152.50 59.06 1.0000 high
280.00 0.00 72.50 37.97 1.0000 high
-100 -100 -100 -100 0.0000 coast_none
295.00 2.81 52.50 21.09 1.0000 high
295.00 2.81 45.00 32.34 1.0000 high
305.00 3.28 28.65 30.23 0.0000 coast
313.49 3.68 13.64 30.10 0.0000 coast
415.00 278.44 57.50 18.28 1.0000 reinit
397.50 284.06 60.00 25.31 1.0000 high
396.20 284.48 60.19 25.84 0.0000 coast
-100 -100 -100 -100 0.0000 coast_none
155.00 46.41 155.00 54.84 1.0000 reinit
140.00 40.78 155.00 60.47 1.0000 high
137.50 37.97 172.50 35.16 1.0000 high
150.00 42.19 155.00 59.06 1.0000 high
130.00 40.78 165.00 60.47 1.0000 high
210.00 67.50 2.50 1.41 0.6392 high
130.00 43.59 165.00 60.47 1.0000 high
142.50 42.19 132.50 42.19 1.0000 high
105.00 47.81 125.00 53.44 1.0000 high
117.50 32.34 102.50 40.78 1.0000 high
-100 -100 -100 -100 0.0000 coast_none
-100 -100 -100 -100 0.0000 coast_none
1127.50 174.38 40.00 28.12 1.0000 reinit
1142.50 181.41 20.00 11.25 1.0000 high
-100 -100 -100 -100 0.0000 coast_none
-100 -100 -100 -100 0.0000 coast_none
1070.00 195.47 52.50 33.75 1.0000 reinit
1070.00 195.47 52.50 33.75 0.0000 coast
1070.00 195.47 52.50 33.75 0.0000 coast
1082.50 220.78 57.50 29.53 1.0000 high
1084.61 225.05 58.34 28.82 0.0000 coast
-100 -100 -100 -100 0.0000 coast_none
80.00 32.34 92.50 42.19 1.0000 reinit
80.00 35.16 95.00 42.19 1.0000 high
80.00 35.37 95.19 42.19 0.0000 coast
85.00 52.03 147.50 59.06 1.0000 high
72.50 47.81 157.50 59.06 1.0000 high
102.50 54.84 147.50 57.66 1.0000 high
122.50 63.28 160.00 60.47 1.0000 high
122.50 78.75 167.50 60.47 1.0000 high
117.50 92.81 160.00 59.06 1.0000 high
137.50 108.28 167.50 59.06 1.0000 high
152.50 118.12 160.00 57.66 1.0000 high
155.00 126.56 172.50 59.06 1.0000 high
155.00 122.34 160.00 56.25 1.0000 high
145.00 102.66 162.50 59.06 1.0000 high
152.50 102.66 160.00 57.66 1.0000 high
242.50 147.66 2.50 1.41 0.5294 high
157.50 101.25 162.50 57.66 1.0000 high
155.00 99.84 160.00 60.47 1.0000 high
142.50 97.03 170.00 59.06 1.0000 high
130.00 88.59 160.00 59.06 1.0000 high
130.00 87.19 170.00 61.88 1.0000 high
117.50 101.25 162.50 60.47 1.0000 high
92.50 102.66 167.50 63.28 1.0000 high
90.00 109.69 170.00 61.88 1.0000 high
87.50 118.12 162.50 64.69 1.0000 high
77.50 126.56 177.50 63.28 1.0000 high
62.50 120.94 165.00 61.88 1.0000 high
47.50 90.00 172.50 57.66 1.0000 high
40.00 71.72 172.50 61.88 1.0000 high
57.50 80.16 135.00 57.66 1.0000 high
70.00 85.78 130.00 57.66 1.0000 high
62.50 80.16 140.00 59.06 1.0000 high
50.00 80.16 135.00 59.06 1.0000 high
42.50 88.59 127.50 60.47 1.0000 high
57.50 91.41 117.50 60.47 1.0000 high
55.00 87.19 105.00 60.47 1.0000 high
17.50 88.59 120.00 61.88 1.0000 high
30.00 88.59 112.50 59.06 1.0000 high
27.50 75.94 117.50 60.47 1.0000 high
20.00 70.31 100.00 54.84 1.0000 high
12.50 71.72 97.50 63.28 1.0000 high
7.50 71.72 135.00 61.88 1.0000 high
20.00 74.53 100.00 46.41 1.0000 high
12.50 75.94 85.00 47.81 1.0000 high
12.50 71.72 97.50 63.28 1.0000 high
10.00 71.72 112.50 64.69 1.0000 high
25.00 80.16 85.00 45.00 1.0000 high
17.50 87.19 92.50 49.22 1.0000 high
17.50 87.19 102.50 53.44 1.0000 high
17.50 87.19 72.50 43.59 1.0000 high
7.50 90.00 62.50 40.78 1.0000 high
17.50 91.41 72.50 46.41 1.0000 high
14.19 92.34 67.10 44.29 0.0000 coast
22.50 101.25 82.50 43.59 1.0000 high
22.50 101.25 90.00 64.69 1.0000 high
15.00 98.44 137.50 53.44 1.0000 high
20.00 97.03 122.50 52.03 1.0000 high
20.00 90.00 105.00 54.84 1.0000 high
10.00 82.97 120.00 52.03 1.0000 high
35.00 75.94 110.00 66.09 1.0000 high
10.00 73.12 125.00 50.62 1.0000 high
10.00 73.12 132.50 47.81 1.0000 high
27.50 66.09 117.50 66.09 1.0000 high
15.00 60.47 130.00 64.69 1.0000 high
17.50 59.06 127.50 50.62 1.0000 high
15.00 59.06 122.50 64.69 1.0000 high
30.00 52.03 122.50 67.50 1.0000 high
35.00 64.69 117.50 68.91 1.0000 high
25.00 68.91 130.00 67.50 1.0000 high
50.00 54.84 102.50 67.50 1.0000 high
42.50 60.47 112.50 64.69 1.0000 high
7.50 67.50 135.00 53.44 1.0000 high
22.50 59.06 132.50 67.50 1.0000 high
40.00 57.66 110.00 67.50 1.0000 high
32.50 60.47 122.50 67.50 1.0000 high
25.00 52.03 122.50 67.50 1.0000 high
22.50 46.41 122.50 57.66 1.0000 high
27.50 45.00 120.00 67.50 1.0000 high
30.00 35.16 122.50 45.00 1.0000 high
17.50 28.12 102.50 71.72 1.0000 high
17.50 16.88 125.00 53.44 1.0000 high
30.00 14.06 95.00 46.41 1.0000 high
17.50 9.84 107.50 47.81 1.0000 high
80.00 39.38 20.00 14.06 1.0000 high
82.50 33.75 25.00 22.50 1.0000 high
88.34 33.04 15.59 18.39 0.0000 coast
-100 -100 -100 -100 0.0000 coast_none
15.00 1.41 67.50 50.62 1.0000 reinit
15.00 16.88 70.00 33.75 1.0000 high
10.00 25.31 95.00 47.81 1.0000 high
25.00 26.72 67.50 50.62 1.0000 high
10.00 25.31 97.50 47.81 1.0000 high
7.50 25.31 82.50 52.03 1.0000 high
7.50 30.94 75.00 45.00 1.0000 high
10.00 42.19 77.50 50.62 1.0000 high
20.00 52.03 77.50 53.44 1.0000 high
7.50 68.91 97.50 47.81 1.0000 high
10.00 70.31 95.00 59.06 1.0000 high
7.50 66.09 95.00 49.22 1.0000 high
7.50 66.09 65.00 50.62 1.0000 high
7.50 68.91 52.50 50.62 1.0000 high
7.50 63.28 52.50 49.22 1.0000 high
6.81 69.28 51.42 50.06 0.0000 coast
-100 -100 -100 -100 0.0000 coast_none
1030.00 348.75 32.50 16.88 1.0000 reinit
1022.50 340.31 37.50 15.47 1.0000 high
1021.94 339.68 37.87 15.36 0.0000 coast
1020.39 337.94 38.90 15.07 0.0000 coast
140.00 378.28 55.00 32.34 1.0000 reinit
140.00 378.28 55.00 32.34 0.0000 coast
-100 -100 -100 -100 0.0000 coast_none
935.00 285.47 72.50 36.56 1.0000 reinit
967.50 295.31 30.00 16.88 1.0000 high
955.00 298.12 35.00 18.28 1.0000 high
954.93 301.10 29.93 15.52 0.0000 coast
940.00 302.34 37.50 21.09 1.0000 high
-100 -100 -100 -100 0.0000 coast_none
928.53 307.21 36.72 21.59 0.0000 coast
915.00 326.25 42.50 22.50 1.0000 reinit
902.50 329.06 40.00 21.09 1.0000 high
901.57 329.27 39.81 20.99 0.0000 coast
898.99 329.85 39.30 20.70 0.0000 coast
832.50 347.34 32.50 15.47 1.0000 reinit
832.50 347.34 32.50 15.47 0.0000 coast
832.50 347.34 32.50 15.47 0.0000 coast
787.50 334.69 37.50 16.88 1.0000 reinit
787.50 334.69 37.50 16.88 0.0000 coast
792.50 319.22 27.50 16.88 1.0000 high
790.00 320.62 25.00 15.47 1.0000 high
790.57 317.69 22.47 15.21 0.0000 coast
790.66 315.31 19.81 14.74 0.0000 coast
7.50 18.28 97.50 53.44 1.0000 reinit
15.00 22.50 102.50 53.44 1.0000 high
15.00 30.94 105.00 50.62 1.0000 high
17.50 43.59 127.50 53.44 1.0000 high
10.00 54.84 135.00 80.16 1.0000 high
30.00 61.88 137.50 81.56 1.0000 high
40.00 68.91 157.50 80.16 1.0000 high
37.50 81.56 155.00 81.56 1.0000 high
50.00 81.56 135.00 81.56 1.0000 high
52.50 82.97 140.00 82.97 1.0000 high
32.50 98.44 162.50 81.56 1.0000 high
42.50 105.47 160.00 81.56 1.0000 high
42.50 101.25 160.00 82.97 1.0000 high
52.50 104.06 137.50 81.56 1.0000 high
52.50 106.88 157.50 82.97 1.0000 high
37.50 105.47 185.00 81.56 1.0000 high
50.00 95.62 155.00 82.97 1.0000 high
57.50 97.03 125.00 81.56 1.0000 high
52.50 104.06 160.00 84.38 1.0000 high
45.00 104.06 190.00 82.97 1.0000 high
40.00 106.88 165.00 87.19 1.0000 high
52.50 120.94 160.00 84.38 1.0000 high
50.00 127.97 195.00 82.97 1.0000 high
52.50 123.75 175.00 84.38 1.0000 high
45.00 137.81 180.00 85.78 1.0000 high
20.00 147.66 240.00 84.38 1.0000 high
37.50 139.22 212.50 85.78 1.0000 high
32.50 143.44 210.00 85.78 1.0000 high
30.00 142.03 237.50 85.78 1.0000 high
35.00 126.56 237.50 90.00 1.0000 high
37.50 129.38 215.00 88.59 1.0000 high
37.50 129.38 215.00 88.59 1.0000 high
117.50 165.94 2.50 1.41 0.6824 high
94.67 158.69 67.99 26.52 0.0000 coast
99.69 162.74 57.37 21.37 0.0000 coast
172.50 149.06 2.50 2.81 0.3569 low
180.42 147.45 1.00 1.00 0.0000 coast
-100 -100 -100 -100 0.0000 coast_none
187.50 158.91 2.50 1.41 0.6824 high
193.87 161.23 1.00 1.00 0.0000 coast
199.48 163.39 1.00 1.00 0.0000 coast
135.00 161.72 227.50 87.19 1.0000 reinit
142.50 150.47 262.50 90.00 1.0000 high
157.50 158.91 227.50 91.41 1.0000 high
170.00 157.50 225.00 90.00 1.0000 high
195.00 144.84 230.00 90.00 1.0000 high
205.00 160.31 222.50 88.59 1.0000 high
225.00 156.09 182.50 75.94 1.0000 high
302.50 160.31 67.50 26.72 1.0000 high
270.00 158.91 105.00 53.44 1.0000 high
320.00 171.56 17.50 7.03 1.0000 high
315.00 167.34 47.50 37.97 1.0000 high
322.50 180.00 32.50 23.91 1.0000 high
322.50 172.97 50.00 30.94 1.0000 high
331.17 175.91 43.02 28.93 0.0000 coast
338.23 177.78 39.78 27.67 0.0000 coast
370.00 156.09 37.50 26.72 1.0000 reinit
-100 -100 -100 -100 0.0000 coast_none
-100 -100 -100 -100 0.0000 coast_none
335.00 57.66 75.00 42.19 1.0000 reinit
362.50 75.94 45.00 28.12 1.0000 high
360.00 56.25 70.00 37.97 1.0000 high
364.11 52.75 73.22 38.83 0.0000 coast
385.00 60.47 12.50 5.62 0.9961 high
389.40 55.46 15.53 6.04 0.0000 coast
-100 -100 -100 -100 0.0000 coast_none
375.00 75.94 247.50 94.22 1.0000 reinit
385.00 61.88 262.50 94.22 1.0000 high
382.50 63.28 280.00 98.44 1.0000 high
530.00 142.03 5.00 5.62 0.9725 high
526.77 137.47 21.37 9.67 0.0000 coast
365.00 46.41 277.50 92.81 1.0000 high
370.00 50.62 285.00 94.22 1.0000 high
377.50 63.28 250.00 101.25 1.0000 high
375.00 77.34 270.00 92.81 1.0000 high
380.00 78.75 282.50 99.84 1.0000 high
370.00 94.22 252.50 94.22 1.0000 high
362.50 104.06 260.00 97.03 1.0000 high
342.50 95.62 285.00 99.84 1.0000 high
332.50 111.09 275.00 94.22 1.0000 high
330.00 112.50 255.00 101.25 1.0000 high
332.50 123.75 267.50 94.22 1.0000 high
287.50 120.94 295.00 97.03 1.0000 high
277.50 118.12 282.50 95.62 1.0000 high
320.00 111.09 257.50 94.22 1.0000 high
337.50 77.34 260.00 95.62 1.0000 high
340.00 54.84 280.00 94.22 1.0000 high
350.00 50.62 292.50 91.41 1.0000 high
340.00 22.50 275.00 99.84 1.0000 high
492.50 94.22 10.00 7.03 0.9804 high
502.50 52.03 2.50 2.81 0.7686 high
502.50 46.41 7.50 4.22 1.0000 high
-100 -100 -100 -100 0.0000 coast_none
500.00 25.31 2.50 1.41 0.4157 low
-100 -100 -100 -100 0.0000 coast_none
-100 -100 -100 -100 0.0000 coast_none
672.50 329.06 35.00 28.12 1.0000 reinit
660.00 327.66 62.50 35.16 1.0000 high
659.07 327.55 64.55 35.68 0.0000 coast
-100 -100 -100 -100 0.0000 coast_none
530.00 165.94 42.50 16.88 1.0000 reinit
530.00 165.94 42.50 16.88 0.0000 coast
-100 -100 -100 -100 0.0000 coast_none
1065.00 199.69 65.00 50.62 1.0000 reinit
1092.50 247.50 15.00 8.44 0.9922 high
1097.50 258.75 5.00 5.62 0.9961 high
1087.50 265.78 32.50 19.69 1.0000 high
-100 -100 -100 -100 0.0000 coast_none
-100 -100 -100 -100 0.0000 coast_none
392.50 1.41 17.50 19.69 1.0000 reinit
-100 -100 -100 -100 0.0000 coast_none
-100 -100 -100 -100 0.0000 coast_none
472.50 14.06 15.00 21.09 1.0000 reinit
-100 -100 -100 -100 0.0000 coast_none
-100 -100 -100 -100 0.0000 coast_none
1087.50 312.19 32.50 16.88 1.0000 reinit
-100 -100 -100 -100 0.0000 coast_none
-100 -100 -100 -100 0.0000 coast_none
1100.00 315.00 30.00 18.28 1.0000 high
1100.00 316.41 30.00 15.47 1.0000 high
-100 -100 -100 -100 0.0000 coast_none
-100 -100 -100 -100 0.0000 coast_none
715.00 22.50 15.00 14.06 1.0000 reinit
-100 -100 -100 -100 0.0000 coast_none
-100 -100 -100 -100 0.0000 coast_none
685.00 25.31 180.00 74.53 1.0000 reinit
755.00 52.03 2.50 1.41 0.5373 high
755.00 52.03 2.50 1.41 0.5216 high
-100 -100 -100 -100 0.0000 coast_none
-100 -100 -100 -100 0.0000 coast_none
707.50 56.25 205.00 71.72 1.0000 reinit
695.00 92.81 172.50 59.06 1.0000 high
697.50 90.00 182.50 61.88 1.0000 high
697.50 90.00 182.50 61.88 1.0000 high
690.00 106.88 160.00 59.06 1.0000 high
685.00 111.09 160.00 57.66 1.0000 high
685.00 111.09 160.00 57.66 1.0000 high
681.77 118.16 154.01 56.34 0.0000 coast
665.00 158.91 125.00 43.59 1.0000 high
657.50 157.50 132.50 45.00 1.0000 high
657.50 157.50 132.50 45.00 1.0000 high
652.50 201.09 95.00 33.75 1.0000 high
652.50 201.09 95.00 33.75 1.0000 high
655.00 202.50 95.00 32.34 1.0000 high
657.50 206.72 90.00 32.34 1.0000 high
660.00 209.53 85.00 30.94 1.0000 high
660.00 209.53 87.50 30.94 1.0000 high
652.50 212.34 95.00 32.34 1.0000 high
645.00 216.56 95.00 30.94 1.0000 high
645.00 212.34 87.50 32.34 1.0000 high
642.50 209.53 87.50 30.94 1.0000 high
645.00 210.94 87.50 32.34 1.0000 high
650.00 210.94 95.00 32.34 1.0000 high
657.50 205.31 90.00 30.94 1.0000 high
665.00 199.69 85.00 32.34 1.0000 high
670.00 199.69 85.00 32.34 1.0000 high
675.00 198.28 92.50 32.34 1.0000 high
680.00 199.69 92.50 32.34 1.0000 high
680.00 196.88 87.50 32.34 1.0000 high
682.50 195.47 85.00 32.34 1.0000 high
680.00 196.88 92.50 30.94 1.0000 high
675.00 199.69 90.00 30.94 1.0000 high
675.00 196.88 82.50 30.94 1.0000 high
675.00 192.66 87.50 30.94 1.0000 high
667.50 196.88 95.00 32.34 1.0000 high
665.00 199.69 85.00 30.94 1.0000 high
660.00 199.69 85.00 30.94 1.0000 high
657.50 195.47 92.50 29.53 1.0000 high
657.50 192.66 85.00 30.94 1.0000 high
650.00 191.25 90.00 29.53 1.0000 high
650.00 191.25 90.00 30.94 1.0000 high
645.00 188.44 85.00 30.94 1.0000 high
637.50 184.22 90.00 32.34 1.0000 high
632.50 184.22 82.50 30.94 1.0000 high
627.50 182.81 90.00 30.94 1.0000 high
622.50 180.00 82.50 32.34 1.0000 high
615.00 180.00 82.50 33.75 1.0000 high
610.00 180.00 90.00 33.75 1.0000 high
605.00 180.00 87.50 33.75 1.0000 high
602.50 178.59 80.00 33.75 1.0000 high
600.00 177.19 85.00 33.75 1.0000 high
597.50 175.78 85.00 32.34 1.0000 high
595.00 171.56 80.00 33.75 1.0000 high
590.00 167.34 82.50 32.34 1.0000 high
585.00 167.34 80.00 33.75 1.0000 high
580.00 168.75 80.00 33.75 1.0000 high
577.50 164.53 85.00 36.56 1.0000 high
575.00 163.12 77.50 36.56 1.0000 high
577.50 160.31 82.50 36.56 1.0000 high
577.50 156.09 72.50 36.56 1.0000 high
577.50 156.09 80.00 36.56 1.0000 high
580.00 154.69 77.50 35.16 1.0000 high
582.50 151.88 72.50 36.56 1.0000 high
582.50 153.28 77.50 37.97 1.0000 high
580.00 156.09 72.50 35.16 1.0000 high
580.00 150.47 70.00 35.16 1.0000 high
582.50 147.66 67.50 33.75 1.0000 high
582.50 147.66 70.00 36.56 1.0000 high
582.50 150.47 72.50 33.75 1.0000 high
587.50 151.88 70.00 33.75 1.0000 high
590.00 158.91 67.50 33.75 1.0000 high
595.00 157.50 65.00 35.16 1.0000 high
600.00 157.50 65.00 33.75 1.0000 high
602.50 160.31 65.00 32.34 1.0000 high
605.00 163.12 65.00 32.34 1.0000 high
612.50 163.12 62.50 32.34 1.0000 high
625.00 163.12 60.00 32.34 1.0000 high
632.50 160.31 62.50 32.34 1.0000 high
637.50 163.12 65.00 32.34 1.0000 high
647.50 160.31 62.50 32.34 1.0000 high
652.50 160.31 62.50 30.94 1.0000 high
655.00 158.91 67.50 32.34 1.0000 high
660.00 157.50 65.00 33.75 1.0000 high
662.50 157.50 67.50 32.34 1.0000 high
660.00 158.91 67.50 30.94 1.0000 high
670.00 158.91 62.50 30.94 1.0000 high
680.00 157.50 62.50 30.94 1.0000 high
682.50 157.50 67.50 32.34 1.0000 high
697.50 165.94 65.00 30.94 1.0000 high
705.00 168.75 67.50 30.94 1.0000 high
707.50 171.56 65.00 29.53 1.0000 high
712.50 172.97 60.00 30.94 1.0000 high
712.50 174.38 60.00 29.53 1.0000 high
715.00 171.56 62.50 30.94 1.0000 high
720.00 171.56 62.50 29.53 1.0000 high
720.00 171.56 65.00 29.53 1.0000 high
725.00 171.56 60.00 29.53 1.0000 high
727.50 167.34 62.50 29.53 1.0000 high
732.50 165.94 62.50 29.53 1.0000 high
732.50 164.53 62.50 30.94 1.0000 high
730.00 164.53 62.50 28.12 1.0000 high
730.00 161.72 60.00 29.53 1.0000 high
727.50 160.31 62.50 29.53 1.0000 high
730.00 164.53 60.00 29.53 1.0000 high
730.00 164.53 62.50 30.94 1.0000 high
735.00 164.53 62.50 28.12 1.0000 high
735.00 165.94 62.50 29.53 1.0000 high
740.00 171.56 60.00 29.53 1.0000 high
740.00 180.00 65.00 29.53 1.0000 high
750.00 180.00 60.00 29.53 1.0000 high
745.00 181.41 67.50 28.12 1.0000 high
755.00 181.41 57.50 29.53 1.0000 high
757.50 184.22 60.00 28.12 1.0000 high
760.00 187.03 62.50 28.12 1.0000 high
760.00 192.66 62.50 26.72 1.0000 high
760.00 189.84 60.00 28.12 1.0000 high
767.50 188.44 57.50 28.12 1.0000 high
770.00 188.44 60.00 28.12 1.0000 high
775.00 184.22 60.00 28.12 1.0000 high
775.00 181.41 62.50 28.12 1.0000 high
780.00 181.41 57.50 26.72 1.0000 high
777.50 177.19 62.50 28.12 1.0000 high
782.50 175.78 60.00 28.12 1.0000 high
785.00 175.78 60.00 26.72 1.0000 high
790.00 174.38 60.00 26.72 1.0000 high
795.00 174.38 57.50 26.72 1.0000 high
795.00 174.38 62.50 26.72 1.0000 high
802.50 172.97 60.00 26.72 1.0000 high
802.50 170.16 62.50 26.72 1.0000 high
807.50 170.16 60.00 26.72 1.0000 high
802.50 168.75 65.00 28.12 1.0000 high
810.00 168.75 60.00 26.72 1.0000 high
815.00 167.34 60.00 26.72 1.0000 high
817.50 164.53 60.00 26.72 1.0000 high
817.50 167.34 60.00 26.72 1.0000 high
817.50 165.94 62.50 26.72 1.0000 high
820.00 163.12 60.00 26.72 1.0000 high
820.00 161.72 62.50 26.72 1.0000 high
825.00 160.31 60.00 26.72 1.0000 high
822.50 163.12 62.50 26.72 1.0000 high
822.50 161.72 62.50 26.72 1.0000 high
827.50 160.31 62.50 25.31 1.0000 high
827.50 158.91 62.50 26.72 1.0000 high
827.50 160.31 65.00 25.31 1.0000 high
825.00 157.50 70.00 26.72 1.0000 high
832.50 156.09 65.00 25.31 1.0000 high
835.00 157.50 65.00 25.31 1.0000 high
842.50 153.28 65.00 25.31 1.0000 high
842.50 150.47 70.00 25.31 1.0000 high
845.00 153.28 67.50 25.31 1.0000 high
847.50 154.69 67.50 25.31 1.0000 high
845.00 157.50 70.00 25.31 1.0000 high
840.00 160.31 72.50 23.91 1.0000 high
845.00 160.31 70.00 25.31 1.0000 high
850.00 160.31 70.00 25.31 1.0000 high
855.00 160.31 70.00 25.31 1.0000 high
855.00 161.72 72.50 25.31 1.0000 high
855.00 163.12 72.50 23.91 1.0000 high
855.00 160.31 72.50 23.91 1.0000 high
855.00 160.31 72.50 23.91 1.0000 high
857.50 157.50 72.50 23.91 1.0000 high
855.00 154.69 72.50 25.31 1.0000 high
852.50 157.50 72.50 22.50 1.0000 high
850.00 157.50 72.50 23.91 1.0000 high
847.50 157.50 72.50 22.50 1.0000 high
845.00 160.31 72.50 22.50 1.0000 high
842.50 161.72 70.00 22.50 1.0000 high
837.50 161.72 72.50 21.09 1.0000 high
835.00 165.94 70.00 22.50 1.0000 high
835.00 167.34 70.00 23.91 1.0000 high
832.50 165.94 72.50 23.91 1.0000 high
835.00 167.34 70.00 22.50 1.0000 high
830.00 167.34 72.50 23.91 1.0000 high
830.00 163.12 70.00 23.91 1.0000 high
830.00 163.12 67.50 23.91 1.0000 high
827.50 163.12 67.50 23.91 1.0000 high
825.00 164.53 67.50 22.50 1.0000 high
825.00 164.53 67.50 23.91 1.0000 high
825.00 165.94 65.00 23.91 1.0000 high
825.00 168.75 65.00 23.91 1.0000 high
825.00 170.16 62.50 22.50 1.0000 high
825.00 174.38 62.50 22.50 1.0000 high
822.50 178.59 62.50 22.50 1.0000 high
825.00 178.59 60.00 23.91 1.0000 high
825.00 181.41 60.00 22.50 1.0000 high
827.50 184.22 57.50 22.50 1.0000 high
827.50 184.22 57.50 22.50 1.0000 high
827.50 188.44 55.00 22.50 1.0000 high
832.50 191.25 52.50 22.50 1.0000 high
830.00 191.25 55.00 22.50 1.0000 high
832.50 198.28 50.00 22.50 1.0000 high
830.00 206.72 50.00 22.50 1.0000 high
827.50 210.94 47.50 22.50 1.0000 high
822.50 216.56 47.50 22.50 1.0000 high
817.50 222.19 50.00 22.50 1.0000 high
815.00 225.00 52.50 22.50 1.0000 high
815.00 227.81 50.00 22.50 1.0000 high
812.50 232.03 52.50 22.50 1.0000 high
812.50 234.84 50.00 22.50 1.0000 high
810.00 237.66 57.50 22.50 1.0000 high
810.00 240.47 52.50 21.09 1.0000 high
807.50 244.69 55.00 21.09 1.0000 high
810.00 247.50 52.50 21.09 1.0000 high
807.50 247.50 57.50 21.09 1.0000 high
810.00 250.31 55.00 21.09 1.0000 high
810.00 251.72 55.00 19.69 1.0000 high
807.50 251.72 60.00 21.09 1.0000 high
807.50 257.34 55.00 21.09 1.0000 high
805.00 260.16 57.50 19.69 1.0000 high
805.00 260.16 57.50 21.09 1.0000 high
807.50 262.97 57.50 19.69 1.0000 high
805.00 261.56 60.00 19.69 1.0000 high
810.00 261.56 60.00 19.69 1.0000 high
810.00 262.97 60.00 19.69 1.0000 high
812.50 264.38 55.00 18.28 1.0000 high
807.50 268.59 57.50 18.28 1.0000 high
805.00 270.00 57.50 19.69 1.0000 high
805.00 272.81 57.50 19.69 1.0000 high
805.00 274.22 57.50 19.69 1.0000 high
807.50 274.22 57.50 19.69 1.0000 high
807.50 277.03 55.00 19.69 1.0000 high
810.00 278.44 52.50 18.28 1.0000 high
807.50 278.44 55.00 19.69 1.0000 high
807.50 281.25 55.00 19.69 1.0000 high
807.50 278.44 55.00 21.09 1.0000 high
805.00 279.84 55.00 21.09 1.0000 high
805.00 281.25 52.50 19.69 1.0000 high
805.00 281.25 50.00 19.69 1.0000 high
802.50 281.25 50.00 19.69 1.0000 high
802.50 282.66 50.00 19.69 1.0000 high
800.00 281.25 50.00 19.69 1.0000 high
795.00 282.66 57.50 19.69 1.0000 high
795.00 282.66 55.00 19.69 1.0000 high
795.00 282.66 55.00 19.69 1.0000 high
797.50 284.06 52.50 18.28 1.0000 high
800.00 284.06 47.50 19.69 1.0000 high
800.00 284.06 47.50 18.28 1.0000 high
800.00 284.06 47.50 19.69 1.0000 high
800.00 284.06 47.50 19.69 1.0000 high
802.50 285.47 45.00 18.28 1.0000 high
800.00 286.88 47.50 18.28 1.0000 high
797.50 289.69 50.00 18.28 1.0000 high
795.00 292.50 50.00 19.69 1.0000 high
792.50 296.72 50.00 18.28 1.0000 high
790.00 298.12 50.00 18.28 1.0000 high
792.50 300.94 47.50 19.69 1.0000 high
790.00 303.75 47.50 19.69 1.0000 high
787.50 303.75 47.50 19.69 1.0000 high
785.00 309.38 50.00 18.28 1.0000 high
782.50 312.19 50.00 18.28 1.0000 high
775.00 315.00 57.50 18.28 1.0000 high
775.00 315.00 55.00 18.28 1.0000 high
780.00 315.00 52.50 18.28 1.0000 high
780.00 315.00 50.00 18.28 1.0000 high
777.50 315.00 52.50 19.69 1.0000 high
775.00 316.41 52.50 19.69 1.0000 high
775.00 316.41 50.00 16.88 1.0000 high
770.00 315.00 52.50 18.28 1.0000 high
770.00 313.59 50.00 15.47 1.0000 high
770.00 312.19 50.00 16.88 1.0000 high
770.00 312.19 52.50 16.88 1.0000 high
770.00 309.38 52.50 19.69 1.0000 high
770.00 309.38 52.50 18.28 1.0000 high
767.50 307.97 57.50 19.69 1.0000 high
767.50 306.56 50.00 19.69 1.0000 high
762.50 309.38 52.50 18.28 1.0000 high
757.50 312.19 55.00 18.28 1.0000 high
752.50 315.00 50.00 18.28 1.0000 high
747.50 320.62 52.50 18.28 1.0000 high
747.50 322.03 50.00 19.69 1.0000 high
747.50 326.25 52.50 19.69 1.0000 high
747.50 330.47 50.00 19.69 1.0000 high
745.00 333.28 52.50 18.28 1.0000 high
745.00 336.09 52.50 18.28 1.0000 high
750.00 338.91 50.00 18.28 1.0000 high
752.50 340.31 55.00 19.69 1.0000 high
757.50 343.12 52.50 18.28 1.0000 high
760.00 343.12 52.50 19.69 1.0000 high
757.50 344.53 55.00 19.69 1.0000 high
757.50 345.94 55.00 19.69 1.0000 high
760.00 345.94 52.50 18.28 1.0000 high
760.00 345.94 52.50 19.69 1.0000 high
760.00 347.34 55.00 19.69 1.0000 high
760.00 350.16 52.50 19.69 1.0000 high
767.50 350.16 52.50 19.69 1.0000 high
767.50 348.75 55.00 19.69 1.0000 high
767.50 350.16 50.00 19.69 1.0000 high
767.50 350.16 52.50 19.69 1.0000 high
767.50 347.34 50.00 21.09 1.0000 high
762.50 351.56 52.50 19.69 1.0000 high
760.00 350.16 52.50 19.69 1.0000 high
757.50 350.16 50.00 19.69 1.0000 high
755.00 352.97 52.50 19.69 1.0000 high
755.00 351.56 52.50 18.28 1.0000 high
755.00 351.56 52.50 18.28 1.0000 high
755.00 350.16 50.00 18.28 1.0000 high
752.50 348.75 50.00 16.88 1.0000 high
752.50 345.94 50.00 16.88 1.0000 high
752.50 343.12 50.00 18.28 1.0000 high
750.00 340.31 50.00 19.69 1.0000 high
747.50 340.31 50.00 19.69 1.0000 high
747.50 340.31 50.00 19.69 1.0000 high
747.50 338.91 50.00 19.69 1.0000 high
747.50 338.91 52.50 19.69 1.0000 high
750.00 337.50 50.00 19.69 1.0000 high
752.50 337.50 47.50 18.28 1.0000 high
752.50 336.09 52.50 21.09 1.0000 high
750.00 337.50 47.50 18.28 1.0000 high
747.50 338.91 47.50 18.28 1.0000 high
745.00 337.50 50.00 18.28 1.0000 high
745.00 337.50 47.50 18.28 1.0000 high
747.50 331.88 52.50 19.69 1.0000 high
750.00 329.06 50.00 19.69 1.0000 high
750.00 327.66 52.50 19.69 1.0000 high
750.00 324.84 52.50 21.09 1.0000 high
747.50 324.84 50.00 21.09 1.0000 high
750.00 324.84 50.00 19.69 1.0000 high
750.00 320.62 52.50 21.09 1.0000 high
752.50 322.03 47.50 19.69 1.0000 high
750.00 323.44 52.50 21.09 1.0000 high
750.00 326.25 52.50 21.09 1.0000 high
750.00 329.06 47.50 19.69 1.0000 high
750.00 331.88 50.00 18.28 1.0000 high
747.50 330.47 50.00 21.09 1.0000 high
747.50 333.28 47.50 18.28 1.0000 high
747.50 333.28 50.00 19.69 1.0000 high
750.00 331.88 50.00 19.69 1.0000 high
752.50 330.47 50.00 19.69 1.0000 high
755.00 330.47 52.50 21.09 1.0000 high
755.00 329.06 52.50 19.69 1.0000 high
755.00 330.47 47.50 21.09 1.0000 high
755.00 330.47 50.00 19.69 1.0000 high
757.50 329.06 55.00 19.69 1.0000 high
757.50 326.25 50.00 21.09 1.0000 high
760.00 326.25 50.00 19.69 1.0000 high
760.00 324.84 52.50 19.69 1.0000 high
760.00 323.44 50.00 19.69 1.0000 high
760.00 322.03 52.50 21.09 1.0000 high
760.00 320.62 52.50 19.69 1.0000 high
760.00 319.22 52.50 19.69 1.0000 high
762.50 320.62 50.00 19.69 1.0000 high
762.50 317.81 52.50 21.09 1.0000 high
767.50 316.41 50.00 21.09 1.0000 high
767.50 316.41 50.00 21.09 1.0000 high
770.00 315.00 52.50 19.69 1.0000 high
772.50 312.19 50.00 21.09 1.0000 high
775.00 312.19 47.50 16.88 1.0000 high
775.00 309.38 52.50 19.69 1.0000 high
772.50 309.38 52.50 19.69 1.0000 high
772.50 309.38 52.50 21.09 1.0000 high
770.00 309.38 55.00 21.09 1.0000 high
770.00 309.38 52.50 21.09 1.0000 high
772.50 310.78 52.50 19.69 1.0000 high
772.50 310.78 52.50 19.69 1.0000 high
775.00 309.38 55.00 19.69 1.0000 high
775.00 315.00 52.50 21.09 1.0000 high
772.50 315.00 55.00 19.69 1.0000 high
767.50 315.00 50.00 19.69 1.0000 high
767.50 316.41 55.00 21.09 1.0000 high
770.00 317.81 52.50 21.09 1.0000 high
770.00 319.22 50.00 21.09 1.0000 high
772.50 315.00 52.50 22.50 1.0000 high
775.00 312.19 52.50 21.09 1.0000 high
775.00 307.97 52.50 22.50 1.0000 high
775.00 307.97 52.50 22.50 1.0000 high
775.00 309.38 52.50 22.50 1.0000 high
772.50 310.78 50.00 22.50 1.0000 high
770.00 312.19 52.50 21.09 1.0000 high
772.50 309.38 55.00 23.91 1.0000 high
772.50 306.56 52.50 22.50 1.0000 high
775.00 306.56 52.50 22.50 1.0000 high
772.50 306.56 52.50 23.91 1.0000 high
770.00 307.97 52.50 23.91 1.0000 high
770.00 309.38 52.50 22.50 1.0000 high
772.50 307.97 52.50 22.50 1.0000 high
775.00 305.16 52.50 23.91 1.0000 high
775.00 305.16 52.50 22.50 1.0000 high
775.00 303.75 55.00 23.91 1.0000 high
777.50 300.94 50.00 23.91 1.0000 high
775.00 302.34 52.50 22.50 1.0000 high
770.00 302.34 55.00 22.50 1.0000 high
772.50 299.53 55.00 22.50 1.0000 high
775.00 299.53 52.50 23.91 1.0000 high
770.00 300.94 57.50 23.91 1.0000 high
770.00 303.75 55.00 23.91 1.0000 high
772.50 305.16 55.00 23.91 1.0000 high
775.00 303.75 52.50 22.50 1.0000 high
772.50 299.53 55.00 23.91 1.0000 high
770.00 300.94 55.00 23.91 1.0000 high
772.50 299.53 57.50 22.50 1.0000 high
775.00 298.12 52.50 23.91 1.0000 high
775.00 299.53 55.00 23.91 1.0000 high
775.00 300.94 52.50 23.91 1.0000 high
772.50 302.34 57.50 23.91 1.0000 high
770.00 303.75 55.00 22.50 1.0000 high
767.50 305.16 57.50 23.91 1.0000 high
765.00 307.97 55.00 22.50 1.0000 high
765.00 306.56 57.50 23.91 1.0000 high
762.50 307.97 55.00 23.91 1.0000 high
762.50 309.38 57.50 22.50 1.0000 high
762.50 309.38 55.00 22.50 1.0000 high
762.50 310.78 55.00 23.91 1.0000 high
757.50 312.19 55.00 22.50 1.0000 high
757.50 312.19 57.50 22.50 1.0000 high
755.00 315.00 57.50 22.50 1.0000 high
752.50 313.59 60.00 22.50 1.0000 high
752.50 313.59 55.00 22.50 1.0000 high
752.50 315.00 57.50 22.50 1.0000 high
752.50 313.59 55.00 22.50 1.0000 high
750.00 312.19 57.50 21.09 1.0000 high
750.00 312.19 57.50 21.09 1.0000 high
750.00 312.19 55.00 21.09 1.0000 high
750.00 312.19 55.00 21.09 1.0000 high
747.50 312.19 55.00 21.09 1.0000 high
745.00 310.78 60.00 22.50 1.0000 high
745.00 310.78 57.50 22.50 1.0000 high
747.50 312.19 57.50 22.50 1.0000 high
745.00 312.19 52.50 21.09 1.0000 high
742.50 312.19 57.50 22.50 1.0000 high
745.00 313.59 57.50 21.09 1.0000 high
745.00 313.59 57.50 22.50 1.0000 high
745.00 313.59 62.50 22.50 1.0000 high
747.50 313.59 57.50 22.50 1.0000 high
750.00 313.59 62.50 22.50 1.0000 high
755.00 312.19 55.00 22.50 1.0000 high
752.50 313.59 60.00 21.09 1.0000 high
755.00 312.19 57.50 22.50 1.0000 high
755.00 309.38 57.50 22.50 1.0000 high
755.00 306.56 60.00 22.50 1.0000 high
755.00 305.16 57.50 22.50 1.0000 high
757.50 302.34 60.00 22.50 1.0000 high
757.50 302.34 57.50 22.50 1.0000 high
760.00 300.94 62.50 23.91 1.0000 high
762.50 298.12 57.50 23.91 1.0000 high
762.50 295.31 60.00 23.91 1.0000 high
762.50 295.31 57.50 23.91 1.0000 high
757.50 296.72 57.50 22.50 1.0000 high
755.00 298.12 60.00 22.50 1.0000 high
757.50 298.12 55.00 22.50 1.0000 high
757.50 296.72 60.00 23.91 1.0000 high
757.50 296.72 60.00 22.50 1.0000 high
757.50 296.72 65.00 22.50 1.0000 high
757.50 298.12 57.50 21.09 1.0000 high
757.50 296.72 60.00 23.91 1.0000 high
755.00 298.12 60.00 22.50 1.0000 high
757.50 298.12 57.50 22.50 1.0000 high
757.50 298.12 65.00 23.91 1.0000 high
757.50 300.94 60.00 22.50 1.0000 high
757.50 300.94 62.50 22.50 1.0000 high
757.50 300.94 60.00 23.91 1.0000 high
762.50 302.34 60.00 22.50 1.0000 high
765.00 302.34 67.50 23.91 1.0000 high
770.00 302.34 60.00 22.50 1.0000 high
777.50 300.94 62.50 23.91 1.0000 high
782.50 300.94 60.00 22.50 1.0000 high
785.00 299.53 62.50 23.91 1.0000 high
790.00 299.53 62.50 22.50 1.0000 high
795.00 299.53 60.00 22.50 1.0000 high
800.00 298.12 65.00 22.50 1.0000 high
805.00 296.72 60.00 23.91 1.0000 high
810.00 298.12 65.00 23.91 1.0000 high
817.50 296.72 60.00 23.91 1.0000 high
822.50 296.72 67.50 23.91 1.0000 high
830.00 296.72 62.50 22.50 1.0000 high
837.50 293.91 67.50 23.91 1.0000 high
845.00 293.91 62.50 22.50 1.0000 high
845.00 292.50 62.50 25.31 1.0000 high
847.50 293.91 67.50 23.91 1.0000 high
850.00 292.50 62.50 23.91 1.0000 high
852.50 291.09 65.00 25.31 1.0000 high
855.00 289.69 62.50 23.91 1.0000 high
855.00 288.28 65.00 25.31 1.0000 high
852.50 291.09 65.00 23.91 1.0000 high
850.00 291.09 62.50 23.91 1.0000 high
845.00 292.50 67.50 23.91 1.0000 high
842.50 293.91 65.00 23.91 1.0000 high
842.50 292.50 70.00 25.31 1.0000 high
840.00 292.50 65.00 23.91 1.0000 high
840.00 291.09 62.50 23.91 1.0000 high
835.00 291.09 67.50 23.91 1.0000 high
832.50 289.69 62.50 23.91 1.0000 high
830.00 289.69 67.50 23.91 1.0000 high
827.50 289.69 65.00 22.50 1.0000 high
827.50 289.69 65.00 23.91 1.0000 high
827.50 286.88 65.00 23.91 1.0000 high
827.50 284.06 62.50 25.31 1.0000 high
827.50 279.84 67.50 25.31 1.0000 high
825.00 277.03 65.00 25.31 1.0000 high
820.00 272.81 70.00 25.31 1.0000 high
822.50 271.41 67.50 23.91 1.0000 high
825.00 268.59 67.50 25.31 1.0000 high
822.50 268.59 65.00 23.91 1.0000 high
820.00 267.19 67.50 25.31 1.0000 high
820.00 270.00 67.50 23.91 1.0000 high
822.50 267.19 65.00 25.31 1.0000 high
825.00 267.19 67.50 25.31 1.0000 high
825.00 265.78 65.00 25.31 1.0000 high
825.00 262.97 67.50 25.31 1.0000 high
825.00 261.56 65.00 23.91 1.0000 high
822.50 257.34 70.00 26.72 1.0000 high
827.50 255.94 67.50 23.91 1.0000 high
832.50 251.72 67.50 26.72 1.0000 high
835.00 253.12 72.50 26.72 1.0000 high
835.00 253.12 67.50 25.31 1.0000 high
837.50 250.31 70.00 25.31 1.0000 high
837.50 248.91 67.50 23.91 1.0000 high
837.50 246.09 67.50 26.72 1.0000 high
835.00 246.09 70.00 25.31 1.0000 high
835.00 243.28 67.50 25.31 1.0000 high
837.50 243.28 70.00 25.31 1.0000 high
837.50 243.28 67.50 23.91 1.0000 high
845.00 239.06 70.00 25.31 1.0000 high
850.00 239.06 67.50 25.31 1.0000 high
850.00 237.66 70.00 26.72 1.0000 high
850.00 239.06 72.50 25.31 1.0000 high
852.50 240.47 65.00 23.91 1.0000 high
852.50 240.47 70.00 25.31 1.0000 high
850.00 239.06 67.50 25.31 1.0000 high
852.50 237.66 70.00 26.72 1.0000 high
852.50 239.06 67.50 25.31 1.0000 high
852.50 236.25 67.50 25.31 1.0000 high
850.00 234.84 72.50 26.72 1.0000 high
850.00 234.84 70.00 25.31 1.0000 high
850.00 233.44 72.50 25.31 1.0000 high
850.00 233.44 67.50 25.31 1.0000 high
850.00 232.03 75.00 25.31 1.0000 high
850.00 232.03 70.00 25.31 1.0000 high
850.00 232.03 75.00 26.72 1.0000 high
852.50 233.44 70.00 25.31 1.0000 high
850.00 233.44 70.00 26.72 1.0000 high
847.50 236.25 70.00 26.72 1.0000 high
847.50 236.25 67.50 26.72 1.0000 high
852.50 234.84 70.00 25.31 1.0000 high
852.50 233.44 67.50 25.31 1.0000 high
855.00 233.44 70.00 26.72 1.0000 high
852.50 233.44 67.50 25.31 1.0000 high
850.00 232.03 75.00 26.72 1.0000 high
855.00 234.84 67.50 25.31 1.0000 high
857.50 230.62 72.50 26.72 1.0000 high
860.00 230.62 70.00 26.72 1.0000 high
862.50 226.41 72.50 26.72 1.0000 high
867.50 222.19 72.50 25.31 1.0000 high
867.50 217.97 67.50 26.72 1.0000 high
870.00 215.16 75.00 26.72 1.0000 high
872.50 213.75 72.50 25.31 1.0000 high
877.50 208.12 67.50 26.72 1.0000 high
880.00 205.31 77.50 28.12 1.0000 high
885.00 206.72 70.00 28.12 1.0000 high
890.00 205.31 72.50 29.53 1.0000 high
895.00 205.31 72.50 26.72 1.0000 high
897.50 208.12 70.00 26.72 1.0000 high
897.50 206.72 75.00 28.12 1.0000 high
897.50 209.53 72.50 26.72 1.0000 high
897.50 209.53 70.00 25.31 1.0000 high
897.50 209.53 72.50 25.31 1.0000 high
897.50 209.53 70.00 26.72 1.0000 high
897.50 209.53 75.00 28.12 1.0000 high
897.50 208.12 70.00 26.72 1.0000 high
895.00 206.72 70.00 28.12 1.0000 high
895.00 205.31 72.50 29.53 1.0000 high
890.00 205.31 67.50 26.72 1.0000 high
885.00 205.31 70.00 26.72 1.0000 high
880.00 206.72 70.00 25.31 1.0000 high
875.00 205.31 70.00 26.72 1.0000 high
872.50 206.72 75.00 26.72 1.0000 high
870.00 206.72 67.50 25.31 1.0000 high
862.50 206.72 72.50 28.12 1.0000 high
857.50 208.12 72.50 26.72 1.0000 high
850.00 208.12 70.00 25.31 1.0000 high
847.50 208.12 70.00 26.72 1.0000 high
842.50 208.12 67.50 23.91 1.0000 high
840.00 205.31 70.00 25.31 1.0000 high
835.00 206.72 72.50 25.31 1.0000 high
827.50 206.72 67.50 25.31 1.0000 high
820.00 203.91 72.50 26.72 1.0000 high
817.50 203.91 70.00 25.31 1.0000 high
815.00 202.50 65.00 26.72 1.0000 high
810.00 199.69 72.50 25.31 1.0000 high
807.50 199.69 67.50 26.72 1.0000 high
802.50 201.09 67.50 26.72 1.0000 high
800.00 202.50 67.50 25.31 1.0000 high
795.00 201.09 65.00 23.91 1.0000 high
792.50 201.09 72.50 25.31 1.0000 high
790.00 205.31 65.00 23.91 1.0000 high
785.00 203.91 67.50 26.72 1.0000 high
782.50 206.72 70.00 26.72 1.0000 high
780.00 209.53 65.00 25.31 1.0000 high
777.50 209.53 67.50 25.31 1.0000 high
775.00 209.53 65.00 25.31 1.0000 high
775.00 206.72 62.50 26.72 1.0000 high
775.00 205.31 67.50 26.72 1.0000 high
770.00 203.91 65.00 25.31 1.0000 high
765.00 203.91 67.50 25.31 1.0000 high
760.00 205.31 70.00 25.31 1.0000 high
760.00 208.12 62.50 25.31 1.0000 high
757.50 209.53 67.50 25.31 1.0000 high
755.00 210.94 62.50 23.91 1.0000 high
750.00 209.53 62.50 25.31 1.0000 high
747.50 210.94 67.50 23.91 1.0000 high
747.50 210.94 62.50 25.31 1.0000 high
745.00 210.94 65.00 26.72 1.0000 high
745.00 213.75 65.00 26.72 1.0000 high
745.00 213.75 60.00 25.31 1.0000 high
740.00 217.97 67.50 26.72 1.0000 high
737.50 220.78 62.50 25.31 1.0000 high
735.00 219.38 62.50 25.31 1.0000 high
735.00 222.19 65.00 25.31 1.0000 high
735.00 222.19 62.50 25.31 1.0000 high
737.50 222.19 65.00 26.72 1.0000 high
740.00 223.59 62.50 25.31 1.0000 high
740.00 225.00 62.50 25.31 1.0000 high
740.00 225.00 65.00 26.72 1.0000 high
740.00 226.41 62.50 25.31 1.0000 high
740.00 227.81 67.50 25.31 1.0000 high
742.50 229.22 60.00 25.31 1.0000 high
745.00 229.22 60.00 23.91 1.0000 high
742.50 227.81 65.00 23.91 1.0000 high
742.50 229.22 60.00 23.91 1.0000 high
740.00 230.62 65.00 25.31 1.0000 high
735.00 233.44 62.50 23.91 1.0000 high
735.00 233.44 65.00 26.72 1.0000 high
735.00 237.66 62.50 25.31 1.0000 high
730.00 240.47 60.00 23.91 1.0000 high
727.50 240.47 62.50 25.31 1.0000 high
725.00 241.88 60.00 22.50 1.0000 high
722.50 240.47 60.00 23.91 1.0000 high
720.00 246.09 62.50 23.91 1.0000 high
715.00 254.53 57.50 23.91 1.0000 high
712.50 260.16 60.00 25.31 1.0000 high
707.50 260.16 57.50 25.31 1.0000 high
705.00 267.19 57.50 23.91 1.0000 high
707.50 270.00 62.50 25.31 1.0000 high
707.50 270.00 57.50 22.50 1.0000 high
707.50 265.78 60.00 23.91 1.0000 high
707.50 265.78 57.50 23.91 1.0000 high
710.00 255.94 55.00 23.91 1.0000 high
710.00 248.91 60.00 25.31 1.0000 high
710.00 248.91 60.00 25.31 1.0000 high
710.00 248.91 60.00 25.31 1.0000 high
717.50 243.28 60.00 23.91 1.0000 high
722.50 240.47 55.00 25.31 1.0000 high
720.00 239.06 62.50 23.91 1.0000 high
717.50 237.66 57.50 23.91 1.0000 high
715.00 240.47 57.50 23.91 1.0000 high
715.00 239.06 57.50 23.91 1.0000 high
712.50 233.44 55.00 23.91 1.0000 high
712.50 234.84 57.50 25.31 1.0000 high
710.00 240.47 57.50 23.91 1.0000 high
710.00 236.25 55.00 23.91 1.0000 high
702.50 240.47 57.50 23.91 1.0000 high
695.00 244.69 55.00 23.91 1.0000 high
690.00 243.28 57.50 23.91 1.0000 high
687.50 244.69 52.50 23.91 1.0000 high
682.50 246.09 55.00 23.91 1.0000 high
680.00 243.28 55.00 23.91 1.0000 high
680.00 241.88 55.00 22.50 1.0000 high
685.00 244.69 55.00 23.91 1.0000 high
685.00 246.09 57.50 23.91 1.0000 high
685.00 248.91 55.00 22.50 1.0000 high
682.50 261.56 55.00 23.91 1.0000 high
681.17 258.56 55.07 23.52 0.0000 coast
-100 -100 -100 -100 0.0000 coast_none
665.00 307.97 52.50 22.50 1.0000 reinit
652.50 315.00 57.50 22.50 1.0000 high
645.00 312.19 50.00 22.50 1.0000 high
642.50 303.75 52.50 21.09 1.0000 high
640.00 291.09 50.00 22.50 1.0000 high
635.48 289.48 49.27 22.04 0.0000 coast
631.49 284.65 48.20 21.97 0.0000 coast
630.00 253.12 55.00 22.50 1.0000 reinit
620.00 246.09 52.50 22.50 1.0000 high
615.00 243.28 55.00 22.50 1.0000 high
617.50 239.06 55.00 23.91 1.0000 high
617.50 236.25 52.50 22.50 1.0000 high
617.50 233.44 57.50 23.91 1.0000 high
622.50 236.25 52.50 22.50 1.0000 high
627.50 232.03 52.50 23.91 1.0000 high
625.00 232.03 57.50 25.31 1.0000 high
-100 -100 -100 -100 0.0000 coast_none
-100 -100 -100 -100 0.0000 coast_none
555.00 189.84 107.50 46.41 1.0000 reinit
585.00 180.00 107.50 42.19 1.0000 high
587.23 179.27 107.50 41.87 0.0000 coast
585.00 133.59 110.00 47.81 1.0000 high
605.00 146.25 117.50 45.00 1.0000 high
632.50 135.00 102.50 45.00 1.0000 high
647.50 123.75 112.50 49.22 1.0000 high
652.50 135.00 112.50 47.81 1.0000 high
655.00 123.75 102.50 47.81 1.0000 high
669.04 116.34 105.49 48.64 0.0000 coast
679.71 109.63 105.12 49.15 0.0000 coast
587.50 77.34 115.00 50.62 1.0000 reinit
562.50 97.03 112.50 47.81 1.0000 high
545.00 102.66 105.00 46.41 1.0000 high
522.50 108.28 112.50 49.22 1.0000 high
505.00 112.50 105.00 45.00 1.0000 high
492.50 108.28 105.00 49.22 1.0000 high
472.50 118.12 115.00 49.22 1.0000 high
460.00 146.25 107.50 47.81 1.0000 high
462.50 165.94 102.50 50.62 1.0000 high
447.50 188.44 115.00 49.22 1.0000 high
432.62 193.73 111.69 49.68 0.0000 coast
-100 -100 -100 -100 0.0000 coast_none
412.50 327.66 105.00 50.62 1.0000 reinit
415.00 333.28 105.00 45.00 1.0000 high
420.00 324.84 100.00 46.41 1.0000 high
420.00 324.84 112.50 47.81 1.0000 high
420.00 317.81 95.00 43.59 1.0000 high
412.50 295.31 105.00 45.00 1.0000 high
412.50 295.31 105.00 45.00 1.0000 high
412.61 288.66 104.64 44.41 0.0000 coast
412.06 282.30 104.80 44.04 0.0000 coast
500.00 227.81 110.00 50.62 1.0000 reinit
502.50 244.69 107.50 46.41 1.0000 high
502.69 245.94 107.31 46.09 0.0000 coast
503.20 249.43 106.80 45.22 0.0000 coast
557.50 293.91 105.00 47.81 1.0000 high
567.62 304.71 104.25 47.56 0.0000 coast
580.65 317.74 103.44 47.49 0.0000 coast
637.50 330.47 95.00 47.81 1.0000 high
652.86 343.48 93.78 47.77 0.0000 coast
672.41 356.46 91.83 47.76 0.0000 coast
557.50 361.41 92.50 43.59 1.0000 reinit
542.50 348.75 105.00 46.41 1.0000 high
555.00 343.12 97.50 42.19 1.0000 high
567.50 316.41 95.00 46.41 1.0000 high
540.00 312.19 102.50 46.41 1.0000 high
545.99 302.21 101.10 46.63 0.0000 coast
544.76 292.25 101.57 47.02 0.0000 coast
457.50 326.25 102.50 46.41 1.0000 reinit
432.50 329.06 100.00 46.41 1.0000 high
420.00 315.00 102.50 46.41 1.0000 high
397.50 319.22 97.50 45.00 1.0000 high
390.00 317.81 102.50 47.81 1.0000 high
377.00 315.01 101.42 47.33 0.0000 coast
364.39 312.85 101.53 47.57 0.0000 coast
402.50 360.00 102.50 49.22 1.0000 reinit
395.00 388.12 100.00 46.41 1.0000 high
382.50 390.94 97.50 43.59 1.0000 high
385.00 412.03 95.00 46.41 1.0000 high
379.81 418.89 93.63 45.17 0.0000 coast
375.84 429.16 91.88 44.75 0.0000 coast
450.00 410.62 92.50 45.00 1.0000 reinit
452.50 423.28 102.50 45.00 1.0000 high
432.50 421.88 100.00 43.59 1.0000 high
432.50 416.25 97.50 45.00 1.0000 high
427.50 407.81 97.50 40.78 1.0000 high
425.00 395.16 97.50 45.00 1.0000 high
430.00 392.34 95.00 43.59 1.0000 high
422.50 386.72 90.00 42.19 1.0000 high
415.00 379.69 110.00 45.00 1.0000 high
432.50 375.47 95.00 42.19 1.0000 high
442.50 361.41 87.50 45.00 1.0000 high
437.50 358.59 110.00 43.59 1.0000 high
462.50 362.81 90.00 42.19 1.0000 high
477.50 352.97 97.50 45.00 1.0000 high
465.00 358.59 97.50 42.19 1.0000 high
475.00 369.84 90.00 45.00 1.0000 high
467.50 379.69 95.00 42.19 1.0000 high
462.50 379.69 92.50 43.59 1.0000 high
467.57 376.46 92.67 43.25 0.0000 coast
469.15 375.76 92.38 43.19 0.0000 coast
495.00 385.31 87.50 42.19 1.0000 high
490.00 397.97 87.50 43.59 1.0000 high
492.50 403.59 92.50 42.19 1.0000 high
522.50 409.22 77.50 40.78 1.0000 high
557.50 444.38 12.50 12.66 1.0000 high
554.01 439.14 26.45 18.76 0.0000 coast
562.52 444.68 19.31 16.06 0.0000 coast
555.00 406.41 42.50 16.88 1.0000 reinit
-100 -100 -100 -100 0.0000 coast_none
-100 -100 -100 -100 0.0000 coast_none
580.00 333.28 35.00 23.91 1.0000 reinit
-100 -100 -100 -100 0.0000 coast_none
-100 -100 -100 -100 0.0000 coast_none
607.50 320.62 22.50 9.84 1.0000 reinit
-100 -100 -100 -100 0.0000 coast_none
-100 -100 -100 -100 0.0000 coast_none
605.00 262.97 12.50 9.84 1.0000 reinit
605.00 262.97 12.50 9.84 0.0000 coast
607.50 271.41 5.00 2.81 0.9882 high
595.00 260.16 27.50 26.72 1.0000 high
592.74 259.37 30.96 30.58 0.0000 coast
588.76 256.90 37.59 37.79 0.0000 coast
517.50 268.59 82.50 35.16 1.0000 reinit
505.00 281.25 110.00 33.75 1.0000 high
495.00 302.34 112.50 33.75 1.0000 high
490.00 329.06 112.50 35.16 1.0000 high
485.51 334.10 118.84 34.73 0.0000 coast
-100 -100 -100 -100 0.0000 coast_none
512.50 417.66 117.50 36.56 1.0000 reinit
487.50 434.53 110.00 37.97 1.0000 high
470.00 430.31 112.50 37.97 1.0000 high
465.00 413.44 112.50 39.38 1.0000 high
440.00 397.97 112.50 39.38 1.0000 high
430.87 394.96 112.28 39.96 0.0000 coast
417.93 387.73 112.18 40.46 0.0000 coast
377.50 336.09 110.00 39.38 1.0000 reinit
377.50 330.47 112.50 40.78 1.0000 high
390.00 327.66 112.50 37.97 1.0000 high
395.00 312.19 112.50 39.38 1.0000 high
400.00 300.94 110.00 36.56 1.0000 high
405.00 289.69 107.50 36.56 1.0000 high
392.50 298.12 107.50 37.97 1.0000 high
400.30 287.43 106.75 36.95 0.0000 coast
402.97 281.14 105.97 36.56 0.0000 coast
377.50 312.19 102.50 32.34 1.0000 reinit
372.50 307.97 102.50 33.75 1.0000 high
370.00 286.88 102.50 32.34 1.0000 high
368.75 283.89 102.50 32.48 0.0000 coast
-100 -100 -100 -100 0.0000 coast_none
402.50 209.53 100.00 30.94 1.0000 reinit
412.50 205.31 100.00 35.16 1.0000 high
430.00 210.94 95.00 33.75 1.0000 high
440.00 209.53 92.50 33.75 1.0000 high
450.00 227.81 90.00 35.16 1.0000 high
459.15 228.16 87.85 35.26 0.0000 coast
-100 -100 -100 -100 0.0000 coast_none
472.50 293.91 90.00 32.34 1.0000 reinit
477.50 295.31 87.50 30.94 1.0000 high
487.50 278.44 77.50 30.94 1.0000 high
492.50 260.16 75.00 32.34 1.0000 high
480.00 262.97 80.00 33.75 1.0000 high
467.50 258.75 92.50 33.75 1.0000 high
467.50 246.09 82.50 35.16 1.0000 high
462.50 244.69 90.00 33.75 1.0000 high
455.00 241.88 80.00 33.75 1.0000 high
455.00 236.25 90.00 35.16 1.0000 high
462.50 227.81 80.00 35.16 1.0000 high
467.50 222.19 92.50 33.75 1.0000 high
467.50 220.78 85.00 33.75 1.0000 high
465.00 217.97 87.50 33.75 1.0000 high
462.50 216.56 90.00 36.56 1.0000 high
457.50 210.94 82.50 35.16 1.0000 high
460.00 205.31 87.50 35.16 1.0000 high
465.00 199.69 87.50 33.75 1.0000 high
467.50 203.91 82.50 33.75 1.0000 high
472.50 202.50 90.00 33.75 1.0000 high
487.50 195.47 80.00 33.75 1.0000 high
497.50 192.66 95.00 32.34 1.0000 high
497.50 188.44 82.50 32.34 1.0000 high
495.00 192.66 87.50 32.34 1.0000 high
495.00 196.88 87.50 33.75 1.0000 high
495.00 202.50 80.00 33.75 1.0000 high
497.50 203.91 90.00 32.34 1.0000 high
497.50 202.50 80.00 32.34 1.0000 high
502.50 198.28 90.00 33.75 1.0000 high
502.50 198.28 77.50 32.34 1.0000 high
497.50 198.28 87.50 32.34 1.0000 high
492.50 199.69 77.50 32.34 1.0000 high
490.00 203.91 85.00 32.34 1.0000 high
485.00 203.91 87.50 32.34 1.0000 high
480.00 205.31 77.50 32.34 1.0000 high
477.50 203.91 85.00 30.94 1.0000 high
475.00 201.09 82.50 33.75 1.0000 high
477.50 196.88 75.00 32.34 1.0000 high
465.00 198.28 87.50 32.34 1.0000 high
457.50 205.31 82.50 32.34 1.0000 high
455.00 206.72 75.00 32.34 1.0000 high
452.50 201.09 80.00 32.34 1.0000 high
457.50 195.47 82.50 32.34 1.0000 high
450.00 194.06 80.00 33.75 1.0000 high
447.50 196.88 75.00 32.34 1.0000 high
440.00 196.88 85.00 33.75 1.0000 high
442.50 195.47 80.00 33.75 1.0000 high
440.00 192.66 77.50 33.75 1.0000 high
440.00 189.84 72.50 32.34 1.0000 high
440.00 187.03 82.50 32.34 1.0000 high
435.00 187.03 82.50 32.34 1.0000 high
427.50 181.41 75.00 32.34 1.0000 high
427.50 177.19 75.00 32.34 1.0000 high
432.50 168.75 77.50 32.34 1.0000 high
435.00 163.12 82.50 32.34 1.0000 high
432.50 160.31 80.00 32.34 1.0000 high
425.00 160.31 75.00 32.34 1.0000 high
420.00 163.12 75.00 32.34 1.0000 high
415.00 157.50 82.50 32.34 1.0000 high
415.00 151.88 77.50 32.34 1.0000 high
415.00 150.47 72.50 32.34 1.0000 high
412.50 157.50 80.00 32.34 1.0000 high
417.50 168.75 85.00 32.34 1.0000 high
412.50 165.94 77.50 32.34 1.0000 high
410.00 160.31 72.50 32.34 1.0000 high
397.50 157.50 80.00 32.34 1.0000 high
395.00 154.69 77.50 30.94 1.0000 high
387.50 150.47 77.50 32.34 1.0000 high
390.00 144.84 72.50 32.34 1.0000 high
385.00 142.03 80.00 32.34 1.0000 high
382.50 137.81 80.00 32.34 1.0000 high
375.00 130.78 77.50 32.34 1.0000 high
367.50 122.34 70.00 32.34 1.0000 high
365.00 113.91 72.50 32.34 1.0000 high
367.50 101.25 75.00 32.34 1.0000 high
370.00 88.59 77.50 32.34 1.0000 high
370.00 81.56 80.00 32.34 1.0000 high
377.50 74.53 75.00 33.75 1.0000 high
377.50 73.12 77.50 33.75 1.0000 high
377.50 73.12 75.00 33.75 1.0000 high
372.50 74.53 82.50 32.34 1.0000 high
372.50 71.72 80.00 33.75 1.0000 high
375.00 67.50 80.00 32.34 1.0000 high
382.50 66.09 75.00 33.75 1.0000 high
382.50 63.28 80.00 33.75 1.0000 high
387.50 60.47 82.50 33.75 1.0000 high
392.50 61.88 75.00 30.94 1.0000 high
397.50 60.47 52.50 30.94 1.0000 high
397.50 60.47 57.50 30.94 1.0000 high
397.50 61.88 72.50 30.94 1.0000 high
402.50 60.47 70.00 18.28 1.0000 high
402.50 57.66 72.50 30.94 1.0000 high
405.00 54.84 72.50 32.34 1.0000 high
407.50 54.84 77.50 32.34 1.0000 high
410.00 56.25 80.00 32.34 1.0000 high
417.50 53.44 75.00 29.53 1.0000 high
450.00 53.44 47.50 12.66 1.0000 high
443.19 51.41 56.39 17.45 0.0000 coast
425.00 56.25 77.50 30.94 1.0000 high
425.00 50.62 77.50 29.53 1.0000 high
425.00 49.22 77.50 30.94 1.0000 high
425.00 46.41 75.00 30.94 1.0000 high
427.50 46.41 80.00 30.94 1.0000 high
435.00 43.59 50.00 21.09 1.0000 high
442.50 45.00 22.50 7.03 1.0000 high
442.49 43.24 28.84 10.10 0.0000 coast
422.50 32.34 75.00 26.72 1.0000 high
421.97 29.97 77.28 27.25 0.0000 coast
467.50 42.19 2.50 1.41 0.4275 low
452.14 34.89 30.68 10.90 0.0000 coast
-100 -100 -100 -100 0.0000 coast_none
1052.50 74.53 27.50 15.47 1.0000 reinit
1052.50 74.53 27.50 15.47 0.0000 coast
-100 -100 -100 -100 0.0000 coast_none
235.00 52.03 52.50 35.16 1.0000 reinit
240.00 49.22 45.00 26.72 0.9961 high
247.50 52.03 27.50 14.06 0.9804 high
245.00 50.62 17.50 12.66 0.9765 high
252.50 52.03 2.50 2.81 0.3647 low
-100 -100 -100 -100 0.0000 coast_none
-100 -100 -100 -100 0.0000 coast_none
1052.50 39.38 25.00 14.06 0.9961 reinit
-100 -100 -100 -100 0.0000 coast_none
-100 -100 -100 -100 0.0000 coast_none
417.50 91.41 10.00 4.22 0.8510 reinit
417.50 88.59 17.50 11.25 0.9686 high
417.50 87.19 15.00 8.44 0.9725 high
417.50 86.86 17.20 10.59 0.0000 coast
417.50 86.07 18.22 11.47 0.0000 coast
1010.00 29.53 25.00 12.66 0.9961 reinit
-100 -100 -100 -100 0.0000 coast_none
-100 -100 -100 -100 0.0000 coast_none
267.50 49.22 10.00 9.84 0.9608 reinit
267.50 47.81 7.50 8.44 0.8784 high
267.50 47.71 7.31 8.33 0.0000 coast
-100 -100 -100 -100 0.0000 coast_none
780.00 0.00 52.50 15.47 1.0000 reinit
-100 -100 -100 -100 0.0000 coast_none
-100 -100 -100 -100 0.0000 coast_none
-100 -100 -100 -100 0.0000 coast_none
-100 -100 -100 -100 0.0000 coast_none
-100 -100 -100 -100 0.0000 coast_none
-100 -100 -100 -100 0.0000 coast_none
-100 -100 -100 -100 0.0000 coast_none
-100 -100 -100 -100 0.0000 coast_none
-100 -100 -100 -100 0.0000 coast_none
-100 -100 -100 -100 0.0000 coast_none
-100 -100 -100 -100 0.0000 miss
-100 -100 -100 -100 0.0000 miss
-100 -100 -100 -100 0.0000 miss
-100 -100 -100 -100 0.0000 miss
-100 -100 -100 -100 0.0000 miss
-100 -100 -100 -100 0.0000 miss
-100 -100 -100 -100 0.0000 miss
-100 -100 -100 -100 0.0000 miss
637.50 46.41 2.50 1.41 0.3176 low
635.00 43.59 2.50 1.41 0.3137 low
-100 -100 -100 -100 0.0000 coast_none
-100 -100 -100 -100 0.0000 coast_none
-100 -100 -100 -100 0.0000 coast_none
-100 -100 -100 -100 0.0000 coast_none
-100 -100 -100 -100 0.0000 coast_none
-100 -100 -100 -100 0.0000 coast_none
-100 -100 -100 -100 0.0000 coast_none
1250.00 33.75 7.50 4.22 0.8784 reinit
1247.50 33.75 10.00 7.03 0.9294 high
-100 -100 -100 -100 0.0000 coast_none
-100 -100 -100 -100 0.0000 coast_none
-100 -100 -100 -100 0.0000 coast_none
-100 -100 -100 -100 0.0000 coast_none
155.00 586.41 27.50 22.50 1.0000 reinit
-100 -100 -100 -100 0.0000 coast_none
-100 -100 -100 -100 0.0000 coast_none
-100 -100 -100 -100 0.0000 coast_none
-100 -100 -100 -100 0.0000 coast_none
-100 -100 -100 -100 0.0000 coast_none
1107.50 561.09 2.50 1.41 0.6549 reinit
-100 -100 -100 -100 0.0000 coast_none
-100 -100 -100 -100 0.0000 coast_none
-100 -100 -100 -100 0.0000 coast_none
-100 -100 -100 -100 0.0000 coast_none
-100 -100 -100 -100 0.0000 coast_none
7.50 11.25 15.00 11.25 0.9922 reinit
7.50 7.03 20.00 14.06 1.0000 high
7.50 2.81 20.00 14.06 1.0000 high
10.00 2.81 12.50 2.81 0.4706 low
-100 -100 -100 -100 0.0000 coast_none
-100 -100 -100 -100 0.0000 coast_none
195.00 545.62 15.00 9.84 0.9961 reinit
-100 -100 -100 -100 0.0000 coast_none
-100 -100 -100 -100 0.0000 coast_none
572.50 2.81 10.00 7.03 0.9373 reinit
-100 -100 -100 -100 0.0000 coast_none
-100 -100 -100 -100 0.0000 coast_none
-100 -100 -100 -100 0.0000 coast_none
-100 -100 -100 -100 0.0000 coast_none
7.50 0.00 17.50 14.06 1.0000 reinit
7.50 0.00 17.50 14.06 0.0000 coast
-100 -100 -100 -100 0.0000 coast_none
37.50 12.66 17.50 12.66 1.0000 reinit
-100 -100 -100 -100 0.0000 coast_none
-100 -100 -100 -100 0.0000 coast_none
995.00 126.56 20.00 7.03 1.0000 reinit
-100 -100 -100 -100 0.0000 coast_none
-100 -100 -100 -100 0.0000 coast_none
925.00 144.84 30.00 15.47 1.0000 reinit
-100 -100 -100 -100 0.0000 coast_none
-100 -100 -100 -100 0.0000 coast_none
485.00 22.50 30.00 12.66 1.0000 reinit
485.00 22.50 30.00 12.66 0.0000 coast
-100 -100 -100 -100 0.0000 coast_none
407.50 49.22 85.00 26.72 1.0000 reinit
387.50 43.59 72.50 18.28 1.0000 high
362.50 42.19 72.50 15.47 1.0000 high
335.00 40.78 82.50 21.09 1.0000 high
307.50 45.00 77.50 19.69 1.0000 high
277.50 47.81 90.00 18.28 1.0000 high
252.50 47.81 85.00 28.12 1.0000 high
227.50 40.78 75.00 23.91 1.0000 high
204.27 42.91 79.92 25.19 0.0000 coast
167.50 40.78 60.00 19.69 1.0000 high
137.50 37.97 90.00 33.75 1.0000 high
127.50 52.03 87.50 29.53 1.0000 high
112.50 61.88 82.50 32.34 1.0000 high
82.74 58.01 86.01 33.57 0.0000 coast
100.00 74.53 2.50 2.81 0.5804 high
69.85 73.76 16.31 8.89 0.0000 coast
-100 -100 -100 -100 0.0000 coast_none
72.50 45.00 87.50 33.75 1.0000 reinit
67.50 33.75 90.00 32.34 1.0000 high
67.13 32.91 90.19 32.24 0.0000 coast
57.50 30.94 87.50 33.75 1.0000 high
57.50 40.78 97.50 36.56 1.0000 high
57.50 33.75 85.00 35.16 1.0000 high
54.03 34.68 88.56 36.17 0.0000 coast
-100 -100 -100 -100 0.0000 coast_none
535.00 157.50 35.00 8.44 1.0000 reinit
-100 -100 -100 -100 0.0000 coast_none
-100 -100 -100 -100 0.0000 coast_none
652.50 118.12 30.00 23.91 1.0000 reinit
652.50 122.34 22.50 19.69 1.0000 high
642.50 122.34 27.50 21.09 1.0000 high
642.50 133.59 17.50 9.84 1.0000 high
638.58 134.56 17.95 9.43 0.0000 coast
-100 -100 -100 -100 0.0000 coast_none
622.50 111.09 25.00 18.28 1.0000 reinit
632.50 112.50 15.00 14.06 0.9961 high
633.24 112.60 14.26 13.75 0.0000 coast
635.31 112.90 12.19 12.88 0.0000 coast
620.00 94.22 15.00 8.44 1.0000 reinit
620.00 94.22 15.00 8.44 0.0000 coast
-100 -100 -100 -100 0.0000 coast_none
1022.50 161.72 5.00 4.22 0.9922 reinit
-100 -100 -100 -100 0.0000 coast_none
-100 -100 -100 -100 0.0000 coast_none
567.50 56.25 5.00 2.81 0.8471 reinit
-100 -100 -100 -100 0.0000 coast_none
-100 -100 -100 -100 0.0000 coast_none
1030.00 410.62 72.50 21.09 1.0000 reinit
1050.00 410.62 30.00 11.25 0.9843 high
1051.49 410.62 26.84 10.52 0.0000 coast
-100 -100 -100 -100 0.0000 coast_none
1027.50 396.56 5.00 1.41 0.6157 high
1019.42 391.01 1.00 1.00 0.0000 coast
-100 -100 -100 -100 0.0000 coast_none
1182.50 371.25 75.00 18.28 1.0000 reinit
1182.50 371.25 75.00 18.28 0.0000 coast
1182.50 371.25 75.00 18.28 0.0000 coast
1217.50 372.66 12.50 5.62 0.9294 high
-100 -100 -100 -100 0.0000 coast_none
1210.00 364.22 42.50 22.50 0.9882 high
1212.67 361.61 42.74 26.84 0.0000 coast
-100 -100 -100 -100 0.0000 coast_none
847.50 469.69 67.50 32.34 1.0000 reinit
845.00 466.88 40.00 22.50 0.9961 high
844.81 466.67 37.95 21.77 0.0000 coast
827.50 459.84 17.50 14.06 0.9882 high
812.50 445.78 35.00 22.50 1.0000 high
-100 -100 -100 -100 0.0000 coast_none
-100 -100 -100 -100 0.0000 coast_none
722.50 296.72 50.00 15.47 1.0000 reinit
710.00 292.50 65.00 19.69 1.0000 high
-100 -100 -100 -100 0.0000 coast_none
702.50 292.50 40.00 14.06 1.0000 high
710.00 292.50 20.00 7.03 1.0000 high
717.50 293.91 10.00 5.62 0.9961 high
722.50 295.31 2.50 1.41 0.3843 low
-100 -100 -100 -100 0.0000 coast_none
722.81 293.99 1.00 1.00 0.0000 coast
712.50 284.06 22.50 8.44 1.0000 high
714.65 282.86 18.27 6.73 0.0000 coast
720.00 284.06 12.50 4.22 1.0000 high
-100 -100 -100 -100 0.0000 coast_none
-100 -100 -100 -100 0.0000 coast_none
720.00 277.03 42.50 14.06 1.0000 reinit
722.50 277.03 32.50 11.25 1.0000 high
717.50 272.81 52.50 16.88 1.0000 high
735.00 279.84 37.50 12.66 1.0000 high
735.00 281.25 45.00 19.69 1.0000 high
757.50 302.34 2.50 1.41 0.5020 high
-100 -100 -100 -100 0.0000 coast_none
-100 -100 -100 -100 0.0000 coast_none
777.50 613.12 55.00 39.38 1.0000 reinit
-100 -100 -100 -100 0.0000 coast_none
800.00 660.94 2.50 1.41 0.4784 low
-100 -100 -100 -100 0.0000 coast_none
-100 -100 -100 -100 0.0000 coast_none
715.00 392.34 60.00 23.91 1.0000 reinit
720.00 417.66 45.00 15.47 1.0000 high
720.37 419.54 43.88 14.84 0.0000 coast
-100 -100 -100 -100 0.0000 coast_none
765.00 435.94 2.50 1.41 0.3608 low
-100 -100 -100 -100 0.0000 coast_none
-100 -100 -100 -100 0.0000 coast_none
952.50 434.53 122.50 74.53 1.0000 reinit
952.50 434.53 122.50 74.53 0.0000 coast
-100 -100 -100 -100 0.0000 coast_none
195.00 167.34 90.00 26.72 1.0000 reinit
210.00 194.06 62.50 26.72 1.0000 high
197.50 209.53 97.50 36.56 1.0000 high
200.00 212.34 107.50 36.56 1.0000 high
207.50 215.16 107.50 37.97 1.0000 high
212.50 222.19 107.50 36.56 1.0000 high
222.50 222.19 110.00 36.56 1.0000 high
237.50 223.59 112.50 36.56 1.0000 high
247.50 223.59 117.50 37.97 1.0000 high
265.00 222.19 110.00 37.97 1.0000 high
280.00 216.56 110.00 36.56 1.0000 high
300.00 215.16 110.00 37.97 1.0000 high
315.00 213.75 115.00 37.97 1.0000 high
330.00 209.53 117.50 37.97 1.0000 high
345.00 209.53 112.50 36.56 1.0000 high
360.00 206.72 112.50 37.97 1.0000 high
377.50 205.31 110.00 37.97 1.0000 high
387.50 202.50 117.50 37.97 1.0000 high
395.00 201.09 117.50 37.97 1.0000 high
402.50 196.88 115.00 37.97 1.0000 high
412.50 194.06 112.50 39.38 1.0000 high
417.50 195.47 112.50 39.38 1.0000 high
422.50 191.25 120.00 37.97 1.0000 high
430.00 188.44 122.50 39.38 1.0000 high
430.00 187.03 125.00 39.38 1.0000 high
440.00 184.22 117.50 39.38 1.0000 high
442.50 178.59 112.50 39.38 1.0000 high
437.50 175.78 117.50 40.78 1.0000 high
440.00 175.78 115.00 39.38 1.0000 high
445.00 171.56 125.00 39.38 1.0000 high
445.00 168.75 127.50 40.78 1.0000 high
445.00 170.16 127.50 39.38 1.0000 high
432.50 168.75 127.50 40.78 1.0000 high
435.00 170.16 117.50 40.78 1.0000 high
435.00 171.56 115.00 39.38 1.0000 high
430.00 170.16 120.00 40.78 1.0000 high
427.50 168.75 125.00 40.78 1.0000 high
425.00 168.75 132.50 40.78 1.0000 high
427.50 165.94 130.00 42.19 1.0000 high
422.50 167.34 127.50 40.78 1.0000 high
420.00 168.75 117.50 40.78 1.0000 high
420.00 167.34 120.00 43.59 1.0000 high
420.00 170.16 117.50 40.78 1.0000 high
415.00 170.16 120.00 42.19 1.0000 high
407.50 172.97 130.00 42.19 1.0000 high
407.50 174.38 130.00 40.78 1.0000 high
402.50 175.78 130.00 40.78 1.0000 high
400.00 174.38 130.00 42.19 1.0000 high
400.00 175.78 125.00 40.78 1.0000 high
402.50 175.78 120.00 42.19 1.0000 high
402.50 177.19 120.00 42.19 1.0000 high
395.00 181.41 122.50 40.78 1.0000 high
395.00 177.19 122.50 42.19 1.0000 high
392.50 181.41 130.00 42.19 1.0000 high
390.00 180.00 132.50 40.78 1.0000 high
387.50 174.38 132.50 42.19 1.0000 high
385.00 177.19 130.00 43.59 1.0000 high
382.50 181.41 127.50 40.78 1.0000 high
385.00 178.59 122.50 42.19 1.0000 high
387.50 175.78 122.50 42.19 1.0000 high
387.50 175.78 125.00 40.78 1.0000 high
397.50 180.00 127.50 40.78 1.0000 high
405.00 182.81 130.00 40.78 1.0000 high
420.00 181.41 132.50 40.78 1.0000 high
437.50 180.00 125.00 42.19 1.0000 high
442.50 178.59 122.50 42.19 1.0000 high
427.50 185.62 122.50 40.78 1.0000 high
415.00 184.22 130.00 40.78 1.0000 high
400.00 172.97 132.50 42.19 1.0000 high
392.50 174.38 140.00 43.59 1.0000 high
387.50 180.00 137.50 42.19 1.0000 high
390.00 178.59 130.00 42.19 1.0000 high
385.00 171.56 125.00 43.59 1.0000 high
380.00 171.56 125.00 42.19 1.0000 high
385.00 165.94 125.00 42.19 1.0000 high
392.50 161.72 122.50 43.59 1.0000 high
397.50 157.50 125.00 43.59 1.0000 high
397.50 156.09 132.50 43.59 1.0000 high
392.50 156.09 137.50 43.59 1.0000 high
390.00 157.50 135.00 45.00 1.0000 high
395.00 157.50 125.00 43.59 1.0000 high
397.50 157.50 127.50 43.59 1.0000 high
400.00 153.28 125.00 43.59 1.0000 high
392.50 154.69 137.50 45.00 1.0000 high
397.50 154.69 132.50 42.19 1.0000 high
397.50 150.47 127.50 43.59 1.0000 high
397.50 149.06 122.50 45.00 1.0000 high
395.00 151.88 127.50 42.19 1.0000 high
400.00 154.69 132.50 42.19 1.0000 high
402.50 151.88 132.50 43.59 1.0000 high
405.00 151.88 137.50 45.00 1.0000 high
407.50 156.09 135.00 43.59 1.0000 high
407.50 153.28 127.50 43.59 1.0000 high
405.00 156.09 125.00 43.59 1.0000 high
410.00 157.50 125.00 42.19 1.0000 high
412.50 156.09 127.50 45.00 1.0000 high
417.50 154.69 130.00 45.00 1.0000 high
417.50 157.50 132.50 42.19 1.0000 high
415.00 157.50 135.00 43.59 1.0000 high
417.50 154.69 135.00 45.00 1.0000 high
425.00 157.50 135.00 42.19 1.0000 high
430.00 158.91 130.00 42.19 1.0000 high
430.00 156.09 125.00 45.00 1.0000 high
427.50 156.09 125.00 43.59 1.0000 high
430.00 154.69 125.00 45.00 1.0000 high
435.00 156.09 127.50 45.00 1.0000 high
432.50 157.50 132.50 42.19 1.0000 high
430.00 154.69 140.00 45.00 1.0000 high
435.00 154.69 132.50 43.59 1.0000 high
430.00 154.69 132.50 43.59 1.0000 high
427.50 150.47 125.00 43.59 1.0000 high
422.50 142.03 127.50 43.59 1.0000 high
422.50 140.62 127.50 43.59 1.0000 high
417.50 143.44 132.50 45.00 1.0000 high
420.00 149.06 135.00 42.19 1.0000 high
417.50 149.06 135.00 43.59 1.0000 high
415.00 151.88 135.00 43.59 1.0000 high
412.50 151.88 137.50 42.19 1.0000 high
412.50 151.88 130.00 45.00 1.0000 high
410.00 156.09 127.50 45.00 1.0000 high
405.00 154.69 125.00 43.59 1.0000 high
405.00 154.69 125.00 45.00 1.0000 high
402.50 160.31 125.00 43.59 1.0000 high
405.00 161.72 125.00 42.19 1.0000 high
412.50 163.12 122.50 43.59 1.0000 high
412.50 161.72 125.00 45.00 1.0000 high
412.50 161.72 122.50 43.59 1.0000 high
417.50 163.12 125.00 43.59 1.0000 high
422.50 165.94 127.50 43.59 1.0000 high
422.50 165.94 127.50 43.59 1.0000 high
427.50 168.75 125.00 43.59 1.0000 high
432.50 168.75 130.00 45.00 1.0000 high
440.00 171.56 132.50 43.59 1.0000 high
442.50 174.38 132.50 42.19 1.0000 high
447.50 174.38 135.00 43.59 1.0000 high
450.00 172.97 135.00 42.19 1.0000 high
455.00 170.16 135.00 43.59 1.0000 high
460.00 168.75 130.00 45.00 1.0000 high
460.00 171.56 130.00 42.19 1.0000 high
462.50 170.16 125.00 42.19 1.0000 high
462.50 168.75 122.50 43.59 1.0000 high
465.00 170.16 120.00 42.19 1.0000 high
470.00 168.75 122.50 42.19 1.0000 high
472.50 170.16 122.50 45.00 1.0000 high
467.50 177.19 132.50 42.19 1.0000 high
465.00 175.78 130.00 43.59 1.0000 high
462.50 174.38 132.50 43.59 1.0000 high
467.50 178.59 137.50 43.59 1.0000 high
472.50 184.22 132.50 45.00 1.0000 high
472.50 188.44 135.00 42.19 1.0000 high
480.00 191.25 132.50 43.59 1.0000 high
487.50 189.84 132.50 45.00 1.0000 high
487.50 194.06 127.50 42.19 1.0000 high
485.00 195.47 127.50 42.19 1.0000 high
487.50 188.44 127.50 43.59 1.0000 high
490.00 189.84 127.50 42.19 1.0000 high
497.50 191.25 122.50 42.19 1.0000 high
500.00 192.66 120.00 43.59 1.0000 high
507.50 198.28 122.50 43.59 1.0000 high
512.50 198.28 117.50 43.59 1.0000 high
510.00 201.09 122.50 43.59 1.0000 high
515.00 206.72 127.50 43.59 1.0000 high
522.50 209.53 130.00 43.59 1.0000 high
522.50 208.12 130.00 43.59 1.0000 high
530.00 208.12 130.00 42.19 1.0000 high
537.50 205.31 130.00 42.19 1.0000 high
542.50 202.50 127.50 42.19 1.0000 high
540.00 199.69 130.00 42.19 1.0000 high
537.50 198.28 122.50 42.19 1.0000 high
527.50 195.47 122.50 42.19 1.0000 high
525.00 192.66 120.00 43.59 1.0000 high
530.00 201.09 120.00 40.78 1.0000 high
535.00 203.91 117.50 40.78 1.0000 high
547.50 195.47 117.50 40.78 1.0000 high
560.00 188.44 115.00 40.78 1.0000 high
570.00 189.84 117.50 43.59 1.0000 high
570.00 195.47 115.00 40.78 1.0000 high
557.50 191.25 115.00 40.78 1.0000 high
540.00 188.44 117.50 40.78 1.0000 high
532.50 185.62 120.00 42.19 1.0000 high
535.00 188.44 122.50 42.19 1.0000 high
527.50 191.25 125.00 42.19 1.0000 high
517.50 196.88 127.50 42.19 1.0000 high
507.50 199.69 125.00 40.78 1.0000 high
500.00 203.91 127.50 42.19 1.0000 high
495.00 203.91 120.00 42.19 1.0000 high
495.00 202.50 117.50 42.19 1.0000 high
500.00 205.31 115.00 42.19 1.0000 high
507.50 210.94 112.50 43.59 1.0000 high
512.50 212.34 112.50 42.19 1.0000 high
517.50 213.75 112.50 42.19 1.0000 high
525.00 209.53 110.00 40.78 1.0000 high
527.50 202.50 112.50 42.19 1.0000 high
535.00 208.12 117.50 40.78 1.0000 high
537.50 209.53 122.50 40.78 1.0000 high
542.50 205.31 117.50 39.38 1.0000 high
542.50 203.91 110.00 42.19 1.0000 high
545.00 208.12 120.00 40.78 1.0000 high
550.00 210.94 105.00 40.78 1.0000 high
555.00 215.16 115.00 40.78 1.0000 high
550.00 216.56 105.00 40.78 1.0000 high
545.00 216.56 110.00 40.78 1.0000 high
545.00 216.56 117.50 40.78 1.0000 high
550.00 219.38 105.00 42.19 1.0000 high
557.50 227.81 97.50 40.78 1.0000 high
557.50 229.22 102.50 42.19 1.0000 high
560.00 227.81 110.00 42.19 1.0000 high
557.50 226.41 105.00 43.59 1.0000 high
562.50 226.41 95.00 43.59 1.0000 high
567.50 229.22 97.50 43.59 1.0000 high
565.00 227.81 102.50 45.00 1.0000 high
562.50 227.81 95.00 43.59 1.0000 high
567.50 229.22 87.50 45.00 1.0000 high
567.50 229.22 97.50 45.00 1.0000 high
557.50 229.22 97.50 45.00 1.0000 high
565.00 233.44 87.50 43.59 1.0000 high
555.00 233.44 100.00 43.59 1.0000 high
562.50 232.03 100.00 43.59 1.0000 high
567.50 237.66 97.50 45.00 1.0000 high
560.00 239.06 105.00 42.19 1.0000 high
575.00 236.25 97.50 42.19 1.0000 high
572.50 233.44 105.00 43.59 1.0000 high
572.50 232.03 107.50 43.59 1.0000 high
582.50 232.03 105.00 43.59 1.0000 high
577.50 233.44 115.00 43.59 1.0000 high
587.50 233.44 110.00 43.59 1.0000 high
597.50 234.84 110.00 43.59 1.0000 high
595.00 237.66 117.50 45.00 1.0000 high
610.00 239.06 110.00 45.00 1.0000 high
615.00 239.06 112.50 45.00 1.0000 high
612.50 241.88 117.50 43.59 1.0000 high
622.50 243.28 112.50 43.59 1.0000 high
627.50 248.91 122.50 42.19 1.0000 high
645.00 251.72 112.50 45.00 1.0000 high
642.50 251.72 122.50 45.00 1.0000 high
655.00 255.94 115.00 43.59 1.0000 high
645.00 260.16 125.00 43.59 1.0000 high
657.50 264.38 115.00 43.59 1.0000 high
652.50 272.81 122.50 43.59 1.0000 high
665.00 272.81 115.00 43.59 1.0000 high
667.50 272.81 120.00 42.19 1.0000 high
675.00 274.22 115.00 45.00 1.0000 high
675.00 277.03 115.00 42.19 1.0000 high
670.00 272.81 120.00 45.00 1.0000 high
675.00 274.22 115.00 42.19 1.0000 high
665.00 267.19 117.50 45.00 1.0000 high
665.00 265.78 107.50 42.19 1.0000 high
655.00 261.56 112.50 45.00 1.0000 high
655.00 261.56 110.00 46.41 1.0000 high
657.50 265.78 107.50 45.00 1.0000 high
650.00 262.97 110.00 47.81 1.0000 high
650.00 268.59 105.00 43.59 1.0000 high
655.00 267.19 100.00 45.00 1.0000 high
650.00 262.97 105.00 46.41 1.0000 high
655.00 261.56 97.50 43.59 1.0000 high
657.50 262.97 95.00 43.59 1.0000 high
650.00 258.75 102.50 45.00 1.0000 high
655.00 255.94 100.00 46.41 1.0000 high
665.00 255.94 92.50 47.81 1.0000 high
667.50 257.34 90.00 46.41 1.0000 high
660.00 260.16 95.00 43.59 1.0000 high
655.00 261.56 100.00 43.59 1.0000 high
665.00 258.75 95.00 43.59 1.0000 high
680.00 260.16 90.00 42.19 1.0000 high
682.50 258.75 87.50 42.19 1.0000 high
677.50 255.94 95.00 43.59 1.0000 high
677.50 254.53 97.50 42.19 1.0000 high
687.50 254.53 92.50 43.59 1.0000 high
695.00 255.94 90.00 40.78 1.0000 high
690.00 255.94 97.50 42.19 1.0000 high
702.50 253.12 90.00 43.59 1.0000 high
702.50 250.31 92.50 45.00 1.0000 high
710.00 253.12 87.50 43.59 1.0000 high
707.50 254.53 92.50 36.56 1.0000 high
720.00 257.34 85.00 36.56 1.0000 high
722.50 255.94 80.00 33.75 1.0000 high
717.50 258.75 87.50 30.94 1.0000 high
717.50 260.16 82.50 32.34 1.0000 high
722.50 257.34 82.50 32.34 1.0000 high
715.00 254.53 82.50 33.75 1.0000 high
712.50 251.72 90.00 36.56 1.0000 high
707.50 250.31 92.50 37.97 1.0000 high
710.00 248.91 82.50 36.56 1.0000 high
710.00 247.50 85.00 35.16 1.0000 high
707.50 248.91 82.50 35.16 1.0000 high
702.50 248.91 87.50 35.16 1.0000 high
702.50 246.09 82.50 35.16 1.0000 high
705.00 246.09 90.00 33.75 1.0000 high
700.00 248.91 92.50 32.34 1.0000 high
705.00 250.31 90.00 33.75 1.0000 high
697.50 251.72 95.00 33.75 1.0000 high
700.00 254.53 97.50 32.34 1.0000 high
695.00 254.53 92.50 32.34 1.0000 high
692.50 253.12 97.50 32.34 1.0000 high
690.00 255.94 92.50 30.94 1.0000 high
687.50 255.94 97.50 32.34 1.0000 high
690.00 255.94 95.00 30.94 1.0000 high
685.00 251.72 100.00 30.94 1.0000 high
690.00 251.72 95.00 32.34 1.0000 high
680.00 253.12 102.50 30.94 1.0000 high
685.00 255.94 97.50 30.94 1.0000 high
682.50 258.75 97.50 30.94 1.0000 high
682.50 260.16 92.50 30.94 1.0000 high
680.00 257.34 95.00 30.94 1.0000 high
675.00 255.94 105.00 30.94 1.0000 high
682.50 254.53 95.00 30.94 1.0000 high
680.00 253.12 100.00 30.94 1.0000 high
685.00 248.91 95.00 30.94 1.0000 high
682.50 247.50 92.50 32.34 1.0000 high
675.00 246.09 100.00 32.34 1.0000 high
682.50 244.69 92.50 32.34 1.0000 high
680.00 243.28 95.00 30.94 1.0000 high
682.50 243.28 92.50 30.94 1.0000 high
680.00 240.47 95.00 32.34 1.0000 high
677.50 237.66 95.00 30.94 1.0000 high
690.00 239.06 90.00 32.34 1.0000 high
687.50 241.88 87.50 32.34 1.0000 high
680.00 243.28 95.00 32.34 1.0000 high
687.50 244.69 95.00 32.34 1.0000 high
695.00 241.88 85.00 32.34 1.0000 high
695.00 240.47 85.00 32.34 1.0000 high
697.50 239.06 90.00 33.75 1.0000 high
695.00 240.47 95.00 33.75 1.0000 high
695.00 240.47 90.00 33.75 1.0000 high
695.00 239.06 87.50 33.75 1.0000 high
695.00 239.06 90.00 32.34 1.0000 high
705.00 239.06 82.50 32.34 1.0000 high
702.50 240.47 80.00 33.75 1.0000 high
700.00 241.88 80.00 32.34 1.0000 high
700.00 240.47 80.00 33.75 1.0000 high
695.00 241.88 80.00 32.34 1.0000 high
687.50 240.47 87.50 33.75 1.0000 high
690.00 237.66 87.50 35.16 1.0000 high
697.50 234.84 85.00 33.75 1.0000 high
695.00 233.44 87.50 35.16 1.0000 high
690.00 236.25 95.00 35.16 1.0000 high
692.50 240.47 90.00 33.75 1.0000 high
695.00 240.47 85.00 33.75 1.0000 high
687.50 240.47 90.00 33.75 1.0000 high
682.50 240.47 92.50 35.16 1.0000 high
690.00 243.28 82.50 35.16 1.0000 high
690.00 246.09 82.50 35.16 1.0000 high
687.50 247.50 87.50 35.16 1.0000 high
685.00 247.50 87.50 35.16 1.0000 high
687.50 248.91 85.00 36.56 1.0000 high
687.50 253.12 82.50 35.16 1.0000 high
685.00 255.94 85.00 37.97 1.0000 high
680.00 261.56 90.00 36.56 1.0000 high
672.50 261.56 90.00 36.56 1.0000 high
665.00 261.56 90.00 35.16 1.0000 high
662.50 257.34 95.00 36.56 1.0000 high
667.50 253.12 87.50 36.56 1.0000 high
667.50 253.12 85.00 35.16 1.0000 high
665.00 253.12 90.00 36.56 1.0000 high
655.00 255.94 95.00 36.56 1.0000 high
652.50 254.53 95.00 35.16 1.0000 high
655.00 248.91 95.00 35.16 1.0000 high
652.50 247.50 95.00 36.56 1.0000 high
647.50 251.72 87.50 33.75 1.0000 high
647.50 250.31 95.00 36.56 1.0000 high
647.50 254.53 90.00 35.16 1.0000 high
645.00 255.94 87.50 33.75 1.0000 high
645.00 254.53 90.00 35.16 1.0000 high
645.00 253.12 95.00 35.16 1.0000 high
645.00 253.12 90.00 33.75 1.0000 high
645.00 248.91 90.00 35.16 1.0000 high
650.00 244.69 92.50 36.56 1.0000 high
650.00 246.09 87.50 35.16 1.0000 high
650.00 250.31 85.00 35.16 1.0000 high
645.00 248.91 92.50 37.97 1.0000 high
650.00 248.91 92.50 36.56 1.0000 high
650.00 251.72 90.00 35.16 1.0000 high
642.50 255.94 92.50 36.56 1.0000 high
645.00 255.94 95.00 36.56 1.0000 high
645.00 255.94 90.00 35.16 1.0000 high
645.00 257.34 92.50 36.56 1.0000 high
637.50 257.34 107.50 36.56 1.0000 high
637.50 260.16 97.50 36.56 1.0000 high
640.00 260.16 100.00 36.56 1.0000 high
645.00 260.16 97.50 36.56 1.0000 high
645.00 262.97 90.00 35.16 1.0000 high
647.50 265.78 97.50 36.56 1.0000 high
640.00 268.59 97.50 35.16 1.0000 high
642.50 265.78 102.50 35.16 1.0000 high
647.50 267.19 97.50 33.75 1.0000 high
652.50 265.78 97.50 35.16 1.0000 high
650.00 265.78 95.00 35.16 1.0000 high
647.50 267.19 95.00 35.16 1.0000 high
650.00 267.19 97.50 35.16 1.0000 high
650.00 265.78 92.50 33.75 1.0000 high
645.00 262.97 100.00 33.75 1.0000 high
640.00 264.38 92.50 32.34 1.0000 high
637.50 265.78 102.50 33.75 1.0000 high
635.00 265.78 97.50 33.75 1.0000 high
630.00 267.19 102.50 35.16 1.0000 high
635.00 271.41 97.50 35.16 1.0000 high
635.00 274.22 95.00 33.75 1.0000 high
630.00 274.22 97.50 33.75 1.0000 high
630.00 278.44 92.50 32.34 1.0000 high
627.50 278.44 100.00 33.75 1.0000 high
625.00 275.62 95.00 33.75 1.0000 high
625.00 274.22 105.00 33.75 1.0000 high
627.50 275.62 97.50 35.16 1.0000 high
627.50 277.03 102.50 35.16 1.0000 high
635.00 277.03 100.00 36.56 1.0000 high
642.50 277.03 97.50 33.75 1.0000 high
645.00 274.22 105.00 35.16 1.0000 high
652.50 275.62 97.50 33.75 1.0000 high
650.00 274.22 105.00 35.16 1.0000 high
655.00 278.44 97.50 33.75 1.0000 high
662.50 272.81 100.00 35.16 1.0000 high
667.50 271.41 97.50 35.16 1.0000 high
675.00 267.19 100.00 36.56 1.0000 high
675.00 267.19 102.50 33.75 1.0000 high
667.50 261.56 107.50 36.56 1.0000 high
675.00 258.75 100.00 35.16 1.0000 high
682.50 257.34 102.50 36.56 1.0000 high
690.00 257.34 102.50 36.56 1.0000 high
695.00 255.94 100.00 35.16 1.0000 high
695.00 255.94 107.50 35.16 1.0000 high
702.50 255.94 97.50 35.16 1.0000 high
705.00 255.94 105.00 36.56 1.0000 high
710.00 261.56 100.00 36.56 1.0000 high
720.00 265.78 110.00 36.56 1.0000 high
725.00 274.22 100.00 35.16 1.0000 high
727.50 277.03 112.50 35.16 1.0000 high
742.50 277.03 100.00 33.75 1.0000 high
752.50 274.22 110.00 35.16 1.0000 high
755.00 278.44 100.00 35.16 1.0000 high
765.00 281.25 110.00 36.56 1.0000 high
775.00 281.25 100.00 35.16 1.0000 high
780.00 277.03 107.50 36.56 1.0000 high
782.50 277.03 102.50 36.56 1.0000 high
790.00 278.44 112.50 36.56 1.0000 high
797.50 281.25 100.00 35.16 1.0000 high
797.50 279.84 110.00 36.56 1.0000 high
797.50 284.06 100.00 35.16 1.0000 high
797.50 281.25 110.00 37.97 1.0000 high
800.00 282.66 105.00 35.16 1.0000 high
805.00 278.44 110.00 36.56 1.0000 high
807.50 277.03 105.00 35.16 1.0000 high
815.00 271.41 107.50 36.56 1.0000 high
817.50 270.00 102.50 35.16 1.0000 high
822.50 268.59 105.00 36.56 1.0000 high
820.00 267.19 100.00 33.75 1.0000 high
817.50 264.38 100.00 33.75 1.0000 high
817.50 262.97 97.50 33.75 1.0000 high
847.50 264.38 70.00 33.75 1.0000 high
852.50 268.59 42.50 26.72 1.0000 high
862.50 270.00 40.00 26.72 1.0000 high
862.50 271.41 42.50 28.12 1.0000 high
855.00 274.22 42.50 26.72 1.0000 high
852.50 274.22 37.50 26.72 1.0000 high
845.00 274.22 42.50 26.72 1.0000 high
847.50 272.81 40.00 26.72 1.0000 high
846.97 274.14 37.20 26.17 0.0000 coast
817.50 267.19 97.50 29.53 1.0000 high
815.00 271.41 97.50 30.94 1.0000 high
815.00 267.19 97.50 33.75 1.0000 high
822.50 262.97 102.50 33.75 1.0000 high
817.50 260.16 105.00 36.56 1.0000 high
815.00 257.34 110.00 37.97 1.0000 high
815.00 251.72 102.50 36.56 1.0000 high
817.50 243.28 112.50 39.38 1.0000 high
820.00 241.88 105.00 36.56 1.0000 high
825.00 230.62 110.00 37.97 1.0000 high
830.00 223.59 105.00 37.97 1.0000 high
837.50 216.56 110.00 39.38 1.0000 high
845.00 222.19 105.00 37.97 1.0000 high
832.50 220.78 112.50 39.38 1.0000 high
825.00 219.38 110.00 39.38 1.0000 high
822.50 219.38 107.50 40.78 1.0000 high
825.00 220.78 112.50 39.38 1.0000 high
827.50 216.56 107.50 39.38 1.0000 high
832.50 219.38 117.50 40.78 1.0000 high
835.00 225.00 105.00 37.97 1.0000 high
830.00 223.59 115.00 40.78 1.0000 high
827.50 227.81 112.50 37.97 1.0000 high
830.00 225.00 110.00 40.78 1.0000 high
835.00 226.41 115.00 40.78 1.0000 high
832.50 232.03 110.00 39.38 1.0000 high
835.00 233.44 117.50 40.78 1.0000 high
832.50 237.66 107.50 39.38 1.0000 high
832.50 236.25 115.00 40.78 1.0000 high
832.50 237.66 107.50 39.38 1.0000 high
830.00 233.44 115.00 42.19 1.0000 high
827.50 234.84 110.00 39.38 1.0000 high
827.50 233.44 115.00 42.19 1.0000 high
827.50 233.44 112.50 40.78 1.0000 high
822.50 230.62 112.50 43.59 1.0000 high
817.50 233.44 112.50 42.19 1.0000 high
817.50 233.44 112.50 43.59 1.0000 high
815.00 233.44 112.50 43.59 1.0000 high
812.50 234.84 112.50 46.41 1.0000 high
810.00 239.06 110.00 43.59 1.0000 high
810.00 236.25 115.00 47.81 1.0000 high
807.50 240.47 112.50 46.41 1.0000 high
810.00 240.47 115.00 47.81 1.0000 high
810.00 241.88 107.50 46.41 1.0000 high
812.50 236.25 112.50 50.62 1.0000 high
812.50 237.66 112.50 47.81 1.0000 high
815.00 234.84 115.00 52.03 1.0000 high
815.00 246.09 110.00 47.81 1.0000 high
812.50 250.31 115.00 52.03 1.0000 high
810.00 261.56 112.50 47.81 1.0000 high
810.00 264.38 110.00 45.00 1.0000 high
815.00 262.97 110.00 42.19 1.0000 high
815.00 265.78 110.00 39.38 1.0000 high
807.50 265.78 112.50 39.38 1.0000 high
810.00 264.38 110.00 39.38 1.0000 high
812.50 264.38 110.00 37.97 1.0000 high
807.50 264.38 112.50 37.97 1.0000 high
805.00 258.75 112.50 39.38 1.0000 high
805.00 257.34 115.00 40.78 1.0000 high
800.00 260.16 117.50 37.97 1.0000 high
797.50 250.31 110.00 36.56 1.0000 high
802.50 241.88 110.00 37.97 1.0000 high
802.50 237.66 117.50 37.97 1.0000 high
802.50 236.25 107.50 37.97 1.0000 high
802.50 233.44 120.00 39.38 1.0000 high
805.00 236.25 110.00 39.38 1.0000 high
807.50 237.66 117.50 39.38 1.0000 high
810.00 237.66 110.00 39.38 1.0000 high
810.00 240.47 112.50 37.97 1.0000 high
807.50 244.69 117.50 35.16 1.0000 high
810.00 241.88 105.00 35.16 1.0000 high
810.00 237.66 110.00 36.56 1.0000 high
810.00 237.66 112.50 36.56 1.0000 high
802.50 237.66 110.00 37.97 1.0000 high
795.00 237.66 120.00 37.97 1.0000 high
795.00 233.44 117.50 40.78 1.0000 high
795.00 236.25 115.00 39.38 1.0000 high
797.50 236.25 122.50 39.38 1.0000 high
797.50 233.44 112.50 39.38 1.0000 high
795.00 232.03 117.50 40.78 1.0000 high
795.00 233.44 107.50 40.78 1.0000 high
790.00 234.84 120.00 42.19 1.0000 high
787.50 234.84 107.50 39.38 1.0000 high
785.00 229.22 117.50 40.78 1.0000 high
777.50 233.44 110.00 37.97 1.0000 high
770.00 232.03 110.00 40.78 1.0000 high
770.00 232.03 115.00 40.78 1.0000 high
765.00 232.03 110.00 40.78 1.0000 high
762.50 227.81 117.50 42.19 1.0000 high
760.00 230.62 110.00 37.97 1.0000 high
755.00 226.41 115.00 42.19 1.0000 high
747.50 229.22 110.00 39.38 1.0000 high
745.00 226.41 110.00 40.78 1.0000 high
745.00 226.41 112.50 40.78 1.0000 high
742.50 220.78 110.00 42.19 1.0000 high
737.50 219.38 117.50 42.19 1.0000 high
737.50 222.19 107.50 40.78 1.0000 high
740.00 222.19 115.00 42.19 1.0000 high
740.00 225.00 110.00 39.38 1.0000 high
737.50 223.59 110.00 42.19 1.0000 high
737.50 222.19 115.00 40.78 1.0000 high
737.50 219.38 107.50 40.78 1.0000 high
735.00 216.56 115.00 40.78 1.0000 high
732.50 216.56 110.00 40.78 1.0000 high
735.00 216.56 115.00 40.78 1.0000 high
737.50 217.97 107.50 39.38 1.0000 high
737.50 213.75 117.50 42.19 1.0000 high
737.50 216.56 112.50 39.38 1.0000 high
742.50 215.16 110.00 40.78 1.0000 high
740.00 216.56 112.50 40.78 1.0000 high
730.00 216.56 105.00 39.38 1.0000 high
727.50 213.75 117.50 39.38 1.0000 high
735.00 210.94 107.50 39.38 1.0000 high
737.50 208.12 115.00 39.38 1.0000 high
740.00 206.72 105.00 37.97 1.0000 high
745.00 205.31 112.50 40.78 1.0000 high
747.50 213.75 110.00 39.38 1.0000 high
740.00 217.97 110.00 40.78 1.0000 high
737.50 220.78 115.00 39.38 1.0000 high
745.00 219.38 107.50 40.78 1.0000 high
747.50 222.19 115.00 40.78 1.0000 high
745.00 225.00 105.00 37.97 1.0000 high
745.00 225.00 115.00 40.78 1.0000 high
747.50 230.62 105.00 37.97 1.0000 high
747.50 230.62 107.50 40.78 1.0000 high
747.50 230.62 112.50 37.97 1.0000 high
752.50 227.81 107.50 39.38 1.0000 high
755.00 226.41 115.00 40.78 1.0000 high
755.00 227.81 107.50 39.38 1.0000 high
755.00 229.22 110.00 40.78 1.0000 high
755.00 232.03 110.00 37.97 1.0000 high
750.00 229.22 105.00 39.38 1.0000 high
747.50 226.41 112.50 40.78 1.0000 high
750.00 226.41 102.50 39.38 1.0000 high
752.50 225.00 112.50 40.78 1.0000 high
752.50 225.00 105.00 39.38 1.0000 high
750.00 220.78 110.00 42.19 1.0000 high
750.00 222.19 105.00 39.38 1.0000 high
750.00 217.97 110.00 40.78 1.0000 high
757.50 217.97 107.50 40.78 1.0000 high
757.50 219.38 105.00 40.78 1.0000 high
752.50 222.19 110.00 40.78 1.0000 high
755.00 222.19 102.50 39.38 1.0000 high
752.50 216.56 112.50 40.78 1.0000 high
750.00 215.16 102.50 39.38 1.0000 high
752.50 213.75 107.50 40.78 1.0000 high
752.50 217.97 110.00 39.38 1.0000 high
747.50 219.38 105.00 40.78 1.0000 high
752.50 220.78 110.00 39.38 1.0000 high
755.00 222.19 100.00 37.97 1.0000 high
752.50 220.78 105.00 40.78 1.0000 high
750.00 222.19 102.50 39.38 1.0000 high
747.50 222.19 100.00 40.78 1.0000 high
750.00 226.41 105.00 40.78 1.0000 high
747.50 229.22 107.50 40.78 1.0000 high
742.50 232.03 102.50 39.38 1.0000 high
742.50 229.22 110.00 40.78 1.0000 high
740.00 232.03 102.50 37.97 1.0000 high
737.50 229.22 105.00 40.78 1.0000 high
735.00 229.22 100.00 39.38 1.0000 high
737.50 225.00 105.00 42.19 1.0000 high
735.00 225.00 102.50 39.38 1.0000 high
732.50 223.59 107.50 40.78 1.0000 high
730.00 225.00 102.50 39.38 1.0000 high
727.50 222.19 105.00 40.78 1.0000 high
727.50 222.19 107.50 39.38 1.0000 high
725.00 217.97 102.50 40.78 1.0000 high
727.50 217.97 107.50 40.78 1.0000 high
727.50 217.97 102.50 40.78 1.0000 high
730.00 216.56 107.50 39.38 1.0000 high
732.50 212.34 102.50 40.78 1.0000 high
732.50 210.94 105.00 39.38 1.0000 high
730.00 208.12 100.00 40.78 1.0000 high
730.00 208.12 107.50 40.78 1.0000 high
732.50 209.53 100.00 39.38 1.0000 high
730.00 209.53 107.50 40.78 1.0000 high
730.00 210.94 100.00 36.56 1.0000 high
727.50 209.53 102.50 40.78 1.0000 high
725.00 212.34 100.00 37.97 1.0000 high
725.00 212.34 100.00 39.38 1.0000 high
722.50 213.75 107.50 37.97 1.0000 high
720.00 215.16 105.00 36.56 1.0000 high
715.00 220.78 97.50 37.97 1.0000 high
715.00 222.19 100.00 40.78 1.0000 high
712.50 225.00 102.50 37.97 1.0000 high
710.00 222.19 97.50 40.78 1.0000 high
705.00 223.59 105.00 37.97 1.0000 high
702.50 220.78 97.50 39.38 1.0000 high
700.00 220.78 97.50 37.97 1.0000 high
700.00 217.97 100.00 40.78 1.0000 high
695.00 220.78 100.00 39.38 1.0000 high
687.50 219.38 100.00 39.38 1.0000 high
685.00 220.78 97.50 36.56 1.0000 high
682.50 215.16 100.00 37.97 1.0000 high
680.00 213.75 100.00 36.56 1.0000 high
680.00 210.94 95.00 37.97 1.0000 high
675.00 210.94 105.00 37.97 1.0000 high
670.00 215.16 100.00 35.16 1.0000 high
665.00 212.34 97.50 37.97 1.0000 high
665.00 213.75 105.00 37.97 1.0000 high
665.00 212.34 95.00 37.97 1.0000 high
662.50 210.94 100.00 37.97 1.0000 high
662.50 209.53 92.50 39.38 1.0000 high
660.00 209.53 102.50 37.97 1.0000 high
662.50 208.12 92.50 37.97 1.0000 high
657.50 208.12 102.50 39.38 1.0000 high
655.00 209.53 92.50 36.56 1.0000 high
657.50 203.91 97.50 39.38 1.0000 high
655.00 202.50 95.00 37.97 1.0000 high
647.50 199.69 92.50 39.38 1.0000 high
645.00 199.69 97.50 37.97 1.0000 high
645.00 198.28 90.00 36.56 1.0000 high
642.50 195.47 92.50 39.38 1.0000 high
635.00 198.28 100.00 37.97 1.0000 high
630.00 201.09 92.50 36.56 1.0000 high
632.50 196.88 97.50 37.97 1.0000 high
630.00 198.28 90.00 36.56 1.0000 high
625.00 195.47 90.00 37.97 1.0000 high
617.50 196.88 97.50 36.56 1.0000 high
612.50 198.28 90.00 36.56 1.0000 high
610.00 198.28 95.00 37.97 1.0000 high
612.50 198.28 90.00 36.56 1.0000 high
610.00 194.06 90.00 39.38 1.0000 high
607.50 199.69 95.00 36.56 1.0000 high
605.00 201.09 85.00 37.97 1.0000 high
597.50 201.09 95.00 37.97 1.0000 high
595.00 203.91 85.00 36.56 1.0000 high
590.00 203.91 90.00 37.97 1.0000 high
587.50 208.12 87.50 36.56 1.0000 high
580.00 205.31 87.50 36.56 1.0000 high
575.00 205.31 95.00 37.97 1.0000 high
572.50 209.53 87.50 36.56 1.0000 high
570.00 206.72 90.00 37.97 1.0000 high
565.00 208.12 92.50 35.16 1.0000 high
565.00 208.12 85.00 37.97 1.0000 high
560.00 206.72 95.00 36.56 1.0000 high
555.00 206.72 82.50 35.16 1.0000 high
552.50 205.31 90.00 36.56 1.0000 high
550.00 205.31 90.00 35.16 1.0000 high
547.50 203.91 85.00 36.56 1.0000 high
545.00 205.31 92.50 35.16 1.0000 high
540.00 205.31 85.00 35.16 1.0000 high
540.00 205.31 92.50 36.56 1.0000 high
540.00 210.94 82.50 35.16 1.0000 high
545.00 208.12 87.50 36.56 1.0000 high
547.50 210.94 82.50 33.75 1.0000 high
550.00 208.12 87.50 36.56 1.0000 high
560.00 212.34 87.50 35.16 1.0000 high
565.00 216.56 82.50 36.56 1.0000 high
562.50 222.19 90.00 36.56 1.0000 high
565.00 223.59 80.00 33.75 1.0000 high
567.50 225.00 87.50 36.56 1.0000 high
570.00 230.62 82.50 35.16 1.0000 high
572.50 232.03 80.00 36.56 1.0000 high
570.00 234.84 92.50 36.56 1.0000 high
572.50 236.25 80.00 35.16 1.0000 high
570.00 236.25 90.00 36.56 1.0000 high
567.50 240.47 80.00 33.75 1.0000 high
567.50 239.06 82.50 36.56 1.0000 high
565.00 241.88 87.50 35.16 1.0000 high
565.00 243.28 80.00 35.16 1.0000 high
565.00 243.28 87.50 35.16 1.0000 high
570.00 241.88 77.50 35.16 1.0000 high
575.00 240.47 87.50 35.16 1.0000 high
575.00 240.47 77.50 35.16 1.0000 high
572.50 237.66 85.00 36.56 1.0000 high
575.00 236.25 77.50 33.75 1.0000 high
580.00 232.03 82.50 35.16 1.0000 high
582.50 233.44 77.50 33.75 1.0000 high
582.50 227.81 80.00 35.16 1.0000 high
582.50 227.81 75.00 33.75 1.0000 high
582.50 220.78 80.00 36.56 1.0000 high
585.00 219.38 75.00 35.16 1.0000 high
585.00 216.56 77.50 35.16 1.0000 high
582.50 216.56 77.50 33.75 1.0000 high
585.00 210.94 75.00 36.56 1.0000 high
587.50 209.53 80.00 33.75 1.0000 high
582.50 203.91 75.00 33.75 1.0000 high
582.50 195.47 87.50 35.16 1.0000 high
587.50 194.06 75.00 33.75 1.0000 high
585.00 192.66 85.00 35.16 1.0000 high
585.00 194.06 72.50 33.75 1.0000 high
582.50 194.06 82.50 35.16 1.0000 high
585.00 192.66 72.50 33.75 1.0000 high
590.00 192.66 72.50 30.94 1.0000 high
585.00 191.25 87.50 32.34 1.0000 high
582.50 194.06 72.50 32.34 1.0000 high
575.00 196.88 75.00 32.34 1.0000 high
582.50 196.88 77.50 30.94 1.0000 high
575.00 196.88 75.00 30.94 1.0000 high
575.00 198.28 80.00 32.34 1.0000 high
562.50 201.09 75.00 32.34 1.0000 high
567.50 203.91 75.00 29.53 1.0000 high
560.00 205.31 77.50 30.94 1.0000 high
555.00 205.31 75.00 30.94 1.0000 high
545.00 203.91 85.00 32.34 1.0000 high
540.00 205.31 77.50 30.94 1.0000 high
530.00 206.72 80.00 29.53 1.0000 high
525.00 209.53 80.00 29.53 1.0000 high
520.00 210.94 82.50 29.53 1.0000 high
515.00 209.53 82.50 29.53 1.0000 high
505.00 209.53 87.50 30.94 1.0000 high
502.50 209.53 85.00 30.94 1.0000 high
492.50 209.53 87.50 30.94 1.0000 high
492.50 210.94 85.00 30.94 1.0000 high
482.50 210.94 87.50 32.34 1.0000 high
480.00 212.34 90.00 30.94 1.0000 high
485.00 213.75 87.50 30.94 1.0000 high
480.00 215.16 90.00 30.94 1.0000 high
472.50 217.97 87.50 29.53 1.0000 high
470.00 219.38 90.00 32.34 1.0000 high
477.50 219.38 90.00 30.94 1.0000 high
477.50 216.56 90.00 29.53 1.0000 high
467.50 215.16 95.00 30.94 1.0000 high
467.50 215.16 90.00 32.34 1.0000 high
467.50 215.16 92.50 30.94 1.0000 high
462.50 213.75 92.50 32.34 1.0000 high
460.00 215.16 92.50 30.94 1.0000 high
450.00 213.75 95.00 32.34 1.0000 high
450.00 215.16 92.50 29.53 1.0000 high
450.00 215.16 95.00 29.53 1.0000 high
450.00 216.56 90.00 30.94 1.0000 high
445.00 220.78 90.00 28.12 1.0000 high
440.00 220.78 92.50 29.53 1.0000 high
437.50 223.59 92.50 29.53 1.0000 high
432.50 223.59 92.50 28.12 1.0000 high
430.00 222.19 92.50 28.12 1.0000 high
427.50 220.78 92.50 30.94 1.0000 high
427.50 220.78 87.50 30.94 1.0000 high
422.50 223.59 87.50 29.53 1.0000 high
420.00 222.19 90.00 30.94 1.0000 high
425.00 222.19 85.00 30.94 1.0000 high
417.50 222.19 90.00 30.94 1.0000 high
415.00 220.78 87.50 30.94 1.0000 high
417.50 222.19 82.50 30.94 1.0000 high
412.50 225.00 85.00 32.34 1.0000 high
415.00 227.81 80.00 29.53 1.0000 high
412.50 227.81 82.50 30.94 1.0000 high
415.00 230.62 80.00 29.53 1.0000 high
410.00 232.03 77.50 30.94 1.0000 high
407.50 234.84 77.50 30.94 1.0000 high
410.00 237.66 75.00 30.94 1.0000 high
407.50 237.66 72.50 29.53 1.0000 high
407.50 236.25 72.50 30.94 1.0000 high
410.00 236.25 70.00 30.94 1.0000 high
407.50 236.25 70.00 30.94 1.0000 high
402.50 237.66 70.00 30.94 1.0000 high
402.50 241.88 70.00 29.53 1.0000 high
402.50 243.28 65.00 30.94 1.0000 high
402.50 243.28 65.00 30.94 1.0000 high
400.00 243.28 67.50 30.94 1.0000 high
397.50 246.09 65.00 30.94 1.0000 high
390.00 247.50 65.00 30.94 1.0000 high
390.00 247.50 65.00 29.53 1.0000 high
387.50 248.91 62.50 29.53 1.0000 high
385.00 250.31 67.50 29.53 1.0000 high
385.00 250.31 62.50 29.53 1.0000 high
382.50 248.91 70.00 29.53 1.0000 high
377.50 250.31 67.50 29.53 1.0000 high
375.00 253.12 72.50 29.53 1.0000 high
370.00 253.12 70.00 29.53 1.0000 high
370.00 253.12 67.50 28.12 1.0000 high
367.50 250.31 65.00 29.53 1.0000 high
370.00 248.91 70.00 29.53 1.0000 high
