386.25 274.22 52.50 23.20 1.0000 init
390.00 276.33 52.50 23.20 1.0000 high
393.75 278.44 48.75 23.20 1.0000 high
393.75 280.55 52.50 21.09 1.0000 high
393.75 280.55 52.50 23.20 1.0000 high
397.50 282.66 48.75 23.20 1.0000 high
397.50 282.66 48.75 23.20 1.0000 high
397.50 284.77 56.25 23.20 1.0000 high
397.50 284.77 56.25 25.31 1.0000 high
401.25 284.77 52.50 25.31 1.0000 high
401.25 284.77 52.50 25.31 1.0000 high
401.25 284.77 52.50 27.42 1.0000 high
405.00 284.77 48.75 29.53 1.0000 high
408.75 286.88 41.25 29.53 1.0000 high
412.50 288.98 41.25 29.53 1.0000 high
416.25 291.09 37.50 29.53 1.0000 high
416.25 291.09 41.25 33.75 1.0000 high
423.75 291.09 37.50 33.75 1.0000 high
427.50 295.31 41.25 31.64 1.0000 high
435.00 299.53 41.25 27.42 1.0000 high
438.75 299.53 41.25 29.53 1.0000 high
442.50 299.53 45.00 31.64 1.0000 high
450.00 301.64 41.25 31.64 1.0000 high
457.50 305.86 45.00 29.53 1.0000 high
461.25 307.97 45.00 27.42 1.0000 high
472.50 310.08 45.00 27.42 1.0000 high
476.25 314.30 45.00 25.31 1.0000 high
487.50 316.41 41.25 25.31 1.0000 high
491.25 318.52 45.00 25.31 1.0000 high
502.50 322.73 41.25 21.09 1.0000 high
510.00 324.84 41.25 21.09 1.0000 high
517.50 326.95 45.00 21.09 1.0000 high
525.00 329.06 41.25 21.09 1.0000 high
532.50 329.06 41.25 23.20 1.0000 high
536.25 331.17 45.00 21.09 1.0000 high
543.75 331.17 45.00 25.31 1.0000 high
551.25 333.28 41.25 25.31 1.0000 high
555.00 335.39 45.00 23.20 1.0000 high
558.75 337.50 45.00 23.20 1.0000 high
562.50 337.50 45.00 25.31 1.0000 high
566.25 341.72 45.00 21.09 1.0000 high
573.75 341.72 41.25 23.20 1.0000 high
577.50 343.83 41.25 21.09 1.0000 high
577.50 345.94 45.00 21.09 1.0000 high
581.25 348.05 45.00 21.09 1.0000 high
585.00 348.05 45.00 21.09 1.0000 high
585.00 350.16 45.00 21.09 1.0000 high
588.75 350.16 45.00 21.09 1.0000 high
588.75 352.27 48.75 21.09 1.0000 high
592.50 354.38 45.00 18.98 1.0000 high
592.50 354.38 48.75 21.09 1.0000 high
596.25 354.38 45.00 23.20 1.0000 high
596.25 356.48 45.00 21.09 1.0000 high
600.00 356.48 45.00 21.09 1.0000 high
600.00 358.59 45.00 18.98 1.0000 high
600.00 358.59 45.00 21.09 1.0000 high
603.75 358.59 41.25 23.20 1.0000 high
603.75 360.70 41.25 21.09 1.0000 high
603.75 362.81 45.00 18.98 1.0000 high
603.75 362.81 45.00 21.09 1.0000 high
603.75 364.92 45.00 18.98 1.0000 high
607.50 364.92 41.25 18.98 1.0000 high
607.50 364.92 41.25 18.98 1.0000 high
607.50 364.92 45.00 21.09 1.0000 high
607.50 364.92 41.25 21.09 1.0000 high
607.50 364.92 41.25 21.09 1.0000 high
611.25 364.92 41.25 21.09 1.0000 high
611.25 364.92 45.00 21.09 1.0000 high
611.25 364.92 45.00 21.09 1.0000 high
611.25 364.92 45.00 21.09 1.0000 high
615.00 364.92 41.25 18.98 1.0000 high
615.00 362.81 45.00 21.09 1.0000 high
615.00 362.81 48.75 18.98 1.0000 high
618.75 360.70 45.00 21.09 1.0000 high
618.75 360.70 48.75 21.09 1.0000 high
622.50 358.59 45.00 21.09 1.0000 high
622.50 358.59 48.75 18.98 1.0000 high
626.25 356.48 45.00 21.09 1.0000 high
626.25 356.48 48.75 18.98 1.0000 high
626.25 354.38 48.75 18.98 1.0000 high
630.00 352.27 45.00 18.98 1.0000 high
633.75 350.16 45.00 18.98 1.0000 high
637.50 348.05 41.25 18.98 1.0000 high
637.50 348.05 45.00 16.88 1.0000 high
641.25 343.83 41.25 18.98 1.0000 high
641.25 341.72 45.00 18.98 1.0000 high
645.00 339.61 41.25 18.98 1.0000 high
641.25 337.50 48.75 18.98 1.0000 high
645.00 333.28 48.75 21.09 1.0000 high
648.75 329.06 45.00 23.20 1.0000 high
648.75 324.84 52.50 23.20 1.0000 high
648.75 322.73 48.75 23.20 1.0000 high
648.75 316.41 52.50 27.42 1.0000 high
648.75 316.41 52.50 25.31 1.0000 high
652.50 310.08 52.50 29.53 1.0000 high
652.50 310.08 52.50 29.53 1.0000 high
656.25 305.86 48.75 31.64 1.0000 high
652.50 305.86 56.25 29.53 1.0000 high
656.25 303.75 52.50 31.64 1.0000 high
656.25 303.75 52.50 29.53 1.0000 high
656.25 303.75 52.50 29.53 1.0000 high
660.00 301.64 52.50 31.64 1.0000 high
656.25 303.75 56.25 29.53 1.0000 high
656.25 303.75 56.25 29.53 1.0000 high
656.25 305.86 56.25 29.53 1.0000 high
660.00 307.97 52.50 27.42 1.0000 high
656.25 310.08 56.25 27.42 1.0000 high
660.00 312.19 56.25 27.42 1.0000 high
656.25 312.19 56.25 29.53 1.0000 high
656.25 316.41 56.25 27.42 1.0000 high
656.25 318.52 60.00 29.53 1.0000 high
660.00 322.73 52.50 29.53 1.0000 high
660.00 324.84 52.50 29.53 1.0000 high
660.00 326.95 52.50 31.64 1.0000 high
656.25 331.17 56.25 29.53 1.0000 high
656.25 333.28 56.25 29.53 1.0000 high
656.25 339.61 52.50 27.42 1.0000 high
656.25 341.72 56.25 27.42 1.0000 high
656.25 343.83 52.50 27.42 1.0000 high
656.25 348.05 52.50 25.31 1.0000 high
656.25 348.05 52.50 27.42 1.0000 high
656.25 350.16 52.50 27.42 1.0000 high
656.25 352.27 52.50 25.31 1.0000 high
652.50 354.38 56.25 25.31 1.0000 high
652.50 356.48 56.25 23.20 1.0000 high
652.50 356.48 56.25 25.31 1.0000 high
652.50 356.48 52.50 25.31 1.0000 high
652.50 358.59 52.50 25.31 1.0000 high
652.50 358.59 48.75 25.31 1.0000 high
648.75 360.70 52.50 23.20 1.0000 high
648.75 360.70 52.50 25.31 1.0000 high
648.75 360.70 52.50 25.31 1.0000 high
648.75 360.70 48.75 25.31 1.0000 high
645.00 360.70 52.50 25.31 1.0000 high
645.00 360.70 52.50 25.31 1.0000 high
645.00 360.70 52.50 25.31 1.0000 high
641.25 362.81 52.50 23.20 1.0000 high
641.25 362.81 52.50 25.31 1.0000 high
641.25 362.81 52.50 25.31 1.0000 high
641.25 362.81 52.50 27.42 1.0000 high
641.25 362.81 52.50 27.42 1.0000 high
641.25 362.81 52.50 27.42 1.0000 high
641.25 362.81 52.50 29.53 1.0000 high
645.00 362.81 48.75 29.53 1.0000 high
645.00 364.92 48.75 29.53 1.0000 high
645.00 367.03 48.75 25.31 1.0000 high
648.75 369.14 45.00 25.31 1.0000 high
648.75 369.14 48.75 27.42 1.0000 high
648.75 369.14 48.75 27.42 1.0000 high
648.75 371.25 48.75 25.31 1.0000 high
648.75 373.36 52.50 25.31 1.0000 high
652.50 375.47 48.75 25.31 1.0000 high
652.50 377.58 48.75 23.20 1.0000 high
656.25 379.69 45.00 23.20 1.0000 high
656.25 379.69 48.75 23.20 1.0000 high
656.25 381.80 52.50 23.20 1.0000 high
660.00 383.91 48.75 23.20 1.0000 high
660.00 383.91 48.75 23.20 1.0000 high
663.75 386.02 45.00 23.20 1.0000 high
663.75 388.12 48.75 21.09 1.0000 high
663.75 388.12 48.75 23.20 1.0000 high
663.75 390.23 48.75 21.09 1.0000 high
667.50 392.34 45.00 21.09 1.0000 high
667.50 392.34 45.00 23.20 1.0000 high
667.50 392.34 45.00 23.20 1.0000 high
667.50 394.45 48.75 23.20 1.0000 high
667.50 394.45 48.75 23.20 1.0000 high
671.25 396.56 45.00 21.09 1.0000 high
671.25 396.56 45.00 23.20 1.0000 high
667.50 396.56 48.75 23.20 1.0000 high
671.25 398.67 45.00 23.20 1.0000 high
671.25 398.67 45.00 23.20 1.0000 high
671.25 400.78 45.00 21.09 1.0000 high
671.25 400.78 45.00 23.20 1.0000 high
671.25 400.78 45.00 23.20 1.0000 high
671.25 402.89 45.00 21.09 1.0000 high
671.25 402.89 48.75 23.20 1.0000 high
671.25 405.00 48.75 21.09 1.0000 high
675.00 405.00 45.00 21.09 1.0000 high
671.25 407.11 52.50 21.09 1.0000 high
671.25 407.11 52.50 23.20 1.0000 high
675.00 409.22 45.00 21.09 1.0000 high
671.25 411.33 52.50 23.20 1.0000 high
671.25 413.44 52.50 23.20 1.0000 high
671.25 417.66 48.75 21.09 1.0000 high
671.25 419.77 52.50 21.09 1.0000 high
671.25 421.88 52.50 21.09 1.0000 high
671.25 423.98 52.50 21.09 1.0000 high
675.00 426.09 48.75 21.09 1.0000 high
675.00 428.20 48.75 21.09 1.0000 high
671.25 430.31 52.50 21.09 1.0000 high
671.25 432.42 52.50 18.98 1.0000 high
675.00 434.53 45.00 18.98 1.0000 high
678.75 434.53 37.50 21.09 1.0000 high
675.00 436.64 48.75 18.98 1.0000 high
675.00 436.64 45.00 18.98 1.0000 high
675.00 436.64 48.75 21.09 1.0000 high
675.00 436.64 48.75 21.09 1.0000 high
675.00 436.64 48.75 21.09 1.0000 high
675.00 436.64 48.75 21.09 1.0000 high
675.00 436.64 48.75 21.09 1.0000 high
675.00 434.53 52.50 23.20 1.0000 high
678.75 434.53 48.75 23.20 1.0000 high
678.75 434.53 48.75 21.09 1.0000 high
678.75 434.53 48.75 21.09 1.0000 high
678.75 432.42 48.75 23.20 1.0000 high
678.75 432.42 48.75 21.09 1.0000 high
682.50 430.31 48.75 23.20 1.0000 high
682.50 430.31 48.75 21.09 1.0000 high
682.50 428.20 52.50 21.09 1.0000 high
682.50 426.09 52.50 21.09 1.0000 high
686.25 423.98 48.75 21.09 1.0000 high
693.75 423.98 37.50 21.09 1.0000 high
690.00 421.88 45.00 21.09 1.0000 high
690.00 419.77 48.75 21.09 1.0000 high
690.00 417.66 48.75 21.09 1.0000 high
693.75 413.44 45.00 23.20 1.0000 high
693.75 409.22 45.00 25.31 1.0000 high
697.50 407.11 37.50 23.20 1.0000 high
701.25 409.22 30.00 18.98 1.0000 high
697.50 402.89 45.00 25.31 1.0000 high
712.50 405.00 3.75 2.11 0.9529 high
716.25 405.00 3.75 2.11 0.3961 low
-100 -100 -100 -100 0.0000 coast_none
718.96 400.55 1.00 1.00 0.0000 coast
701.25 394.45 41.25 23.20 1.0000 reinit
705.00 392.34 37.50 25.31 1.0000 high
701.25 390.23 41.25 25.31 1.0000 high
705.00 392.34 26.25 18.98 1.0000 high
-100 -100 -100 -100 0.0000 coast_none
-100 -100 -100 -100 0.0000 coast_none
746.25 326.95 41.25 23.20 1.0000 reinit
742.50 326.95 45.00 31.64 1.0000 high
746.25 326.95 41.25 23.20 1.0000 high
746.25 326.95 41.25 25.31 1.0000 high
746.25 326.95 41.25 25.31 1.0000 high
746.25 326.95 41.25 23.20 1.0000 high
746.25 326.95 41.25 21.09 1.0000 high
746.25 326.95 41.25 21.09 1.0000 high
746.25 326.95 41.25 21.09 1.0000 high
746.25 326.95 41.25 29.53 1.0000 high
742.50 326.95 45.00 31.64 1.0000 high
742.50 326.95 45.00 31.64 1.0000 high
742.50 326.95 45.00 27.42 1.0000 high
742.50 326.95 45.00 23.20 1.0000 high
742.50 326.95 45.00 27.42 1.0000 high
742.50 326.95 45.00 23.20 1.0000 high
742.15 326.95 45.35 24.20 0.0000 coast
741.92 326.95 45.58 24.01 0.0000 coast
708.75 326.95 78.75 50.62 1.0000 reinit
708.75 326.95 78.75 44.30 1.0000 high
708.75 326.95 78.75 42.19 1.0000 high
708.75 326.95 78.75 40.08 1.0000 high
708.75 326.95 78.75 42.19 1.0000 high
708.75 326.95 78.75 40.08 1.0000 high
708.75 326.95 78.75 37.97 1.0000 high
705.00 326.95 82.50 40.08 1.0000 high
705.00 324.84 86.25 40.08 1.0000 high
701.25 324.84 90.00 40.08 1.0000 high
705.00 324.84 86.25 40.08 1.0000 high
705.00 324.84 86.25 40.08 1.0000 high
705.00 324.84 86.25 37.97 1.0000 high
701.25 324.84 90.00 37.97 1.0000 high
701.25 324.84 90.00 37.97 1.0000 high
701.25 324.84 90.00 37.97 1.0000 high
701.25 324.84 90.00 37.97 1.0000 high
701.25 324.84 90.00 37.97 1.0000 high
701.25 324.84 90.00 37.97 1.0000 high
701.25 324.84 90.00 37.97 1.0000 high
701.25 324.84 90.00 37.97 1.0000 high
701.25 324.84 90.00 35.86 1.0000 high
701.25 324.84 90.00 35.86 1.0000 high
697.50 324.84 90.00 35.86 1.0000 high
697.50 324.84 90.00 37.97 1.0000 high
697.50 324.84 90.00 33.75 1.0000 high
697.50 324.84 93.75 35.86 1.0000 high
697.50 324.84 90.00 37.97 1.0000 high
697.50 324.84 93.75 40.08 1.0000 high
697.50 324.84 93.75 37.97 1.0000 high
697.50 324.84 93.75 40.08 1.0000 high
697.50 324.84 93.75 40.08 1.0000 high
697.50 324.84 93.75 40.08 1.0000 high
697.50 324.84 93.75 40.08 1.0000 high
697.50 324.84 90.00 37.97 1.0000 high
697.50 324.84 90.00 37.97 1.0000 high
697.50 326.95 90.00 35.86 1.0000 high
697.50 324.84 90.00 37.97 1.0000 high
697.50 324.84 90.00 37.97 1.0000 high
701.25 324.84 86.25 40.08 1.0000 high
697.50 326.95 90.00 37.97 1.0000 high
697.50 326.95 90.00 37.97 1.0000 high
701.25 326.95 86.25 37.97 1.0000 high
701.25 324.84 86.25 42.19 1.0000 high
708.75 326.95 78.75 37.97 1.0000 high
708.75 326.95 78.75 37.97 1.0000 high
712.50 326.95 75.00 40.08 1.0000 high
712.50 326.95 75.00 37.97 1.0000 high
712.50 326.95 75.00 37.97 1.0000 high
712.50 326.95 75.00 37.97 1.0000 high
716.25 326.95 71.25 37.97 1.0000 high
716.25 326.95 71.25 37.97 1.0000 high
716.25 326.95 71.25 37.97 1.0000 high
720.00 326.95 67.50 37.97 1.0000 high
720.00 326.95 67.50 37.97 1.0000 high
723.75 324.84 63.75 40.08 1.0000 high
723.75 326.95 63.75 37.97 1.0000 high
723.75 326.95 63.75 37.97 1.0000 high
723.75 324.84 63.75 40.08 1.0000 high
723.75 326.95 63.75 37.97 1.0000 high
727.50 324.84 60.00 40.08 1.0000 high
727.50 324.84 60.00 40.08 1.0000 high
727.50 324.84 60.00 40.08 1.0000 high
727.50 324.84 60.00 37.97 1.0000 high
731.25 324.84 56.25 37.97 1.0000 high
731.25 324.84 56.25 40.08 1.0000 high
727.50 326.95 60.00 37.97 1.0000 high
727.50 326.95 60.00 37.97 1.0000 high
731.25 326.95 56.25 35.86 1.0000 high
727.50 326.95 60.00 37.97 1.0000 high
727.50 326.95 60.00 37.97 1.0000 high
727.50 326.95 60.00 37.97 1.0000 high
731.25 326.95 56.25 37.97 1.0000 high
731.25 326.95 56.25 37.97 1.0000 high
731.25 326.95 56.25 35.86 1.0000 high
731.25 326.95 56.25 35.86 1.0000 high
731.25 326.95 56.25 37.97 1.0000 high
731.25 326.95 56.25 37.97 1.0000 high
731.25 326.95 56.25 37.97 1.0000 high
731.25 326.95 56.25 37.97 1.0000 high
731.25 326.95 56.25 37.97 1.0000 high
735.00 326.95 52.50 37.97 1.0000 high
735.00 326.95 52.50 37.97 1.0000 high
735.00 326.95 52.50 35.86 1.0000 high
735.00 326.95 52.50 35.86 1.0000 high
735.00 326.95 52.50 35.86 1.0000 high
738.75 326.95 48.75 35.86 1.0000 high
735.00 326.95 52.50 37.97 1.0000 high
738.75 326.95 48.75 35.86 1.0000 high
738.75 326.95 48.75 35.86 1.0000 high
742.50 326.95 45.00 35.86 1.0000 high
738.75 326.95 48.75 35.86 1.0000 high
738.75 326.95 48.75 35.86 1.0000 high
738.75 326.95 48.75 35.86 1.0000 high
742.50 326.95 45.00 35.86 1.0000 high
742.50 326.95 45.00 35.86 1.0000 high
738.75 326.95 48.75 35.86 1.0000 high
738.75 326.95 48.75 35.86 1.0000 high
738.75 326.95 48.75 35.86 1.0000 high
738.75 326.95 48.75 35.86 1.0000 high
742.50 326.95 45.00 33.75 1.0000 high
742.50 326.95 45.00 33.75 1.0000 high
742.50 326.95 45.00 33.75 1.0000 high
742.50 326.95 45.00 33.75 1.0000 high
742.50 326.95 45.00 31.64 1.0000 high
746.25 326.95 41.25 31.64 1.0000 high
750.00 326.95 37.50 21.09 1.0000 high
753.75 326.95 33.75 18.98 1.0000 high
753.75 326.95 33.75 21.09 1.0000 high
761.25 326.95 26.25 18.98 1.0000 high
761.34 326.95 26.16 17.64 0.0000 coast
750.00 326.95 37.50 21.09 1.0000 high
751.97 326.95 35.53 19.74 0.0000 coast
750.00 326.95 37.50 21.09 1.0000 high
757.50 326.95 30.00 18.98 1.0000 high
755.53 326.95 31.97 18.77 0.0000 coast
746.25 326.95 41.25 33.75 1.0000 high
753.75 326.95 33.75 31.64 1.0000 high
751.40 326.95 36.10 32.43 0.0000 coast
751.29 326.95 36.21 33.27 0.0000 coast
731.25 326.95 56.25 40.08 1.0000 high
731.25 324.84 60.00 42.19 1.0000 high
735.00 324.84 56.25 42.19 1.0000 high
735.00 324.84 56.25 40.08 1.0000 high
750.00 326.95 37.50 31.64 1.0000 high
761.25 339.61 26.25 16.88 1.0000 high
746.25 329.06 41.25 25.31 1.0000 high
738.75 324.84 52.50 37.97 1.0000 high
742.50 326.95 52.50 35.86 1.0000 high
742.50 324.84 52.50 37.97 1.0000 high
742.50 322.73 56.25 40.08 1.0000 high
742.50 318.52 60.00 40.08 1.0000 high
742.50 312.19 67.50 40.08 1.0000 high
742.50 307.97 67.50 48.52 1.0000 high
742.50 301.64 75.00 54.84 1.0000 high
742.50 297.42 78.75 61.17 1.0000 high
742.50 297.42 78.75 61.17 1.0000 high
776.25 324.84 11.25 10.55 1.0000 high
764.34 313.20 36.84 29.77 0.0000 coast
765.33 312.51 36.21 29.52 0.0000 coast
783.75 291.09 48.75 27.42 1.0000 reinit
783.75 291.09 52.50 29.53 1.0000 high
783.75 291.09 52.78 29.69 0.0000 coast
783.75 291.09 53.55 30.12 0.0000 coast
742.50 295.31 101.25 63.28 1.0000 high
742.50 299.53 101.25 61.17 1.0000 high
742.50 301.64 105.00 59.06 1.0000 high
742.50 305.86 105.00 52.73 1.0000 high
746.25 326.95 52.50 23.20 1.0000 high
746.25 326.95 45.00 23.20 1.0000 high
746.25 326.95 41.25 23.20 1.0000 high
742.50 326.95 45.00 33.75 1.0000 high
738.75 326.95 48.75 33.75 1.0000 high
738.75 326.95 48.75 35.86 1.0000 high
734.27 329.21 49.53 38.09 0.0000 coast
731.05 330.64 50.36 40.26 0.0000 coast
742.50 326.95 45.00 31.64 1.0000 high
742.50 326.95 45.00 31.64 1.0000 high
742.50 326.95 45.00 31.64 1.0000 high
746.25 326.95 41.25 31.64 1.0000 high
742.50 326.95 45.00 33.75 1.0000 high
750.00 324.84 41.25 33.75 1.0000 high
746.25 326.95 41.25 33.75 1.0000 high
738.75 324.84 48.75 35.86 1.0000 high
738.75 324.84 48.75 35.86 1.0000 high
738.75 324.84 48.75 35.86 1.0000 high
738.75 324.84 48.75 35.86 1.0000 high
738.75 324.84 48.75 35.86 1.0000 high
738.75 324.84 48.75 35.86 1.0000 high
738.75 324.84 48.75 35.86 1.0000 high
738.75 324.84 48.75 35.86 1.0000 high
738.75 324.84 48.75 35.86 1.0000 high
738.75 324.84 48.75 35.86 1.0000 high
738.75 324.84 48.75 35.86 1.0000 high
738.75 324.84 48.75 35.86 1.0000 high
738.75 324.84 48.75 37.97 1.0000 high
738.75 324.84 48.75 37.97 1.0000 high
738.75 324.84 48.75 35.86 1.0000 high
738.75 324.84 48.75 35.86 1.0000 high
738.75 324.84 48.75 35.86 1.0000 high
738.75 324.84 48.75 35.86 1.0000 high
738.75 324.84 48.75 35.86 1.0000 high
738.75 324.84 48.75 35.86 1.0000 high
738.75 324.84 48.75 35.86 1.0000 high
738.75 324.84 48.75 35.86 1.0000 high
738.75 324.84 48.75 35.86 1.0000 high
738.75 324.84 48.75 35.86 1.0000 high
738.75 324.84 48.75 35.86 1.0000 high
738.75 324.84 48.75 35.86 1.0000 high
738.75 324.84 48.75 35.86 1.0000 high
738.75 324.84 48.75 35.86 1.0000 high
738.75 324.84 48.75 35.86 1.0000 high
738.75 324.84 48.75 35.86 1.0000 high
738.75 326.95 48.75 35.86 1.0000 high
738.75 326.95 48.75 35.86 1.0000 high
738.75 326.95 48.75 35.86 1.0000 high
738.75 326.95 48.75 35.86 1.0000 high
738.75 326.95 48.75 35.86 1.0000 high
738.75 326.95 48.75 35.86 1.0000 high
738.75 326.95 48.75 35.86 1.0000 high
738.75 326.95 48.75 35.86 1.0000 high
742.50 326.95 45.00 33.75 1.0000 high
738.75 326.95 48.75 35.86 1.0000 high
742.50 326.95 45.00 35.86 1.0000 high
738.75 326.95 48.75 35.86 1.0000 high
742.50 326.95 45.00 35.86 1.0000 high
742.50 326.95 45.00 35.86 1.0000 high
738.75 326.95 48.75 35.86 1.0000 high
738.75 324.84 48.75 37.97 1.0000 high
738.75 324.84 48.75 37.97 1.0000 high
738.75 324.84 48.75 37.97 1.0000 high
738.75 324.84 48.75 37.97 1.0000 high
738.75 324.84 48.75 37.97 1.0000 high
738.75 324.84 48.75 37.97 1.0000 high
738.75 324.84 48.75 37.97 1.0000 high
738.75 324.84 48.75 37.97 1.0000 high
742.50 326.95 45.00 33.75 1.0000 high
742.50 326.95 45.00 33.75 1.0000 high
742.50 326.95 45.00 33.75 1.0000 high
742.50 326.95 45.00 33.75 1.0000 high
742.50 326.95 45.00 33.75 1.0000 high
746.25 326.95 41.25 27.42 1.0000 high
742.50 326.95 45.00 33.75 1.0000 high
746.25 326.95 41.25 33.75 1.0000 high
746.25 326.95 41.25 21.09 1.0000 high
750.00 326.95 37.50 21.09 1.0000 high
746.25 326.95 41.25 33.75 1.0000 high
761.25 326.95 26.25 18.98 1.0000 high
758.28 327.02 29.22 21.48 0.0000 coast
742.50 326.95 45.00 33.75 1.0000 high
742.50 324.84 45.00 35.86 1.0000 high
742.50 324.84 45.00 37.97 1.0000 high
742.50 324.84 45.00 37.97 1.0000 high
742.50 324.84 45.00 35.86 1.0000 high
742.50 324.84 45.00 35.86 1.0000 high
746.25 326.95 41.25 33.75 1.0000 high
746.25 326.95 41.25 33.75 1.0000 high
746.25 326.95 41.25 33.75 1.0000 high
742.50 326.95 45.00 33.75 1.0000 high
746.25 326.95 41.25 33.75 1.0000 high
746.25 326.95 41.25 33.75 1.0000 high
746.25 326.95 41.25 33.75 1.0000 high
742.50 326.95 45.00 33.75 1.0000 high
742.50 326.95 45.00 33.75 1.0000 high
746.25 326.95 41.25 33.75 1.0000 high
750.00 326.95 37.50 23.20 1.0000 high
742.50 326.95 45.00 33.75 1.0000 high
742.50 326.95 45.00 33.75 1.0000 high
746.25 326.95 41.25 33.75 1.0000 high
746.25 326.95 41.25 33.75 1.0000 high
742.50 326.95 45.00 33.75 1.0000 high
742.50 326.95 45.00 33.75 1.0000 high
746.25 326.95 41.25 33.75 1.0000 high
742.50 326.95 45.00 33.75 1.0000 high
742.50 326.95 45.00 33.75 1.0000 high
742.50 326.95 45.00 33.75 1.0000 high
742.50 326.95 45.00 33.75 1.0000 high
746.25 326.95 41.25 33.75 1.0000 high
746.25 326.95 41.25 33.75 1.0000 high
742.50 326.95 45.00 33.75 1.0000 high
742.50 326.95 45.00 33.75 1.0000 high
742.50 326.95 45.00 33.75 1.0000 high
742.50 326.95 45.00 33.75 1.0000 high
742.50 326.95 45.00 33.75 1.0000 high
742.50 326.95 45.00 33.75 1.0000 high
742.50 326.95 45.00 33.75 1.0000 high
742.50 326.95 45.00 33.75 1.0000 high
742.50 326.95 45.00 35.86 1.0000 high
742.31 326.96 45.19 35.33 0.0000 coast
761.25 326.95 26.25 18.98 1.0000 high
757.50 326.95 30.00 21.09 1.0000 high
761.25 326.95 26.25 18.98 1.0000 high
761.25 326.95 26.25 18.98 1.0000 high
761.25 326.95 26.25 18.98 1.0000 high
765.00 326.95 22.50 16.88 1.0000 high
765.00 326.95 22.50 16.88 1.0000 high
765.00 326.95 22.50 18.98 1.0000 high
765.00 326.95 22.50 16.88 1.0000 high
765.00 326.95 22.50 16.88 1.0000 high
765.00 326.95 22.50 16.88 1.0000 high
765.00 326.95 22.50 16.88 1.0000 high
765.00 326.95 22.50 16.88 1.0000 high
765.00 326.95 22.50 18.98 1.0000 high
765.73 326.95 21.77 17.93 0.0000 coast
766.18 326.95 21.32 17.77 0.0000 coast
746.25 326.95 41.25 33.75 1.0000 reinit
746.25 326.95 41.25 33.75 1.0000 high
750.00 326.95 37.50 33.75 1.0000 high
750.00 326.95 37.50 33.75 1.0000 high
746.25 326.95 41.25 33.75 1.0000 high
746.25 326.95 41.25 33.75 1.0000 high
746.25 326.95 41.25 33.75 1.0000 high
746.25 326.95 41.25 33.75 1.0000 high
742.50 326.95 45.00 35.86 1.0000 high
742.50 324.84 45.00 37.97 1.0000 high
746.25 326.95 41.25 35.86 1.0000 high
746.25 326.95 41.25 35.86 1.0000 high
742.50 326.95 45.00 35.86 1.0000 high
743.11 326.89 44.39 36.22 0.0000 coast
761.25 326.95 26.25 18.98 1.0000 high
761.25 326.95 26.25 18.98 1.0000 high
761.25 326.95 26.25 18.98 1.0000 high
765.00 326.95 22.50 16.88 1.0000 high
761.25 326.95 26.25 16.88 1.0000 high
765.00 326.95 22.50 16.88 1.0000 high
765.00 326.95 22.50 16.88 1.0000 high
761.25 326.95 26.25 16.88 1.0000 high
763.24 326.96 24.26 15.72 0.0000 coast
750.00 326.95 37.50 21.09 1.0000 high
761.25 326.95 26.25 18.98 1.0000 high
750.00 326.95 37.50 21.09 1.0000 high
750.00 326.95 37.50 33.75 1.0000 high
746.25 326.95 41.25 33.75 1.0000 high
750.00 326.95 37.50 33.75 1.0000 high
750.00 326.95 37.50 33.75 1.0000 high
750.00 326.95 37.50 33.75 1.0000 high
750.00 326.95 37.50 33.75 1.0000 high
748.92 326.96 38.58 34.87 0.0000 coast
750.00 326.95 37.50 33.75 1.0000 high
750.00 326.95 37.50 21.09 1.0000 high
750.00 326.95 37.50 21.09 1.0000 high
750.00 326.95 37.50 21.09 1.0000 high
750.00 326.95 37.50 21.09 1.0000 high
753.75 326.95 33.75 33.75 1.0000 high
757.50 326.95 30.00 21.09 1.0000 high
750.00 326.95 37.50 33.75 1.0000 high
750.00 326.95 37.50 33.75 1.0000 high
750.00 326.95 37.50 21.09 1.0000 high
742.50 326.95 45.00 35.86 1.0000 high
742.50 326.95 45.00 35.86 1.0000 high
742.50 326.95 45.00 35.86 1.0000 high
742.50 326.95 45.00 35.86 1.0000 high
742.50 326.95 45.00 35.86 1.0000 high
742.50 326.95 45.00 35.86 1.0000 high
742.50 326.95 45.00 35.86 1.0000 high
742.50 326.95 45.00 35.86 1.0000 high
742.50 326.95 45.00 35.86 1.0000 high
746.25 326.95 41.25 33.75 1.0000 high
742.50 326.95 45.00 35.86 1.0000 high
742.50 326.95 45.00 35.86 1.0000 high
742.50 326.95 45.00 35.86 1.0000 high
742.50 326.95 45.00 35.86 1.0000 high
746.25 326.95 41.25 33.75 1.0000 high
744.78 326.95 42.72 34.72 0.0000 coast
761.25 326.95 26.25 18.98 1.0000 high
761.25 326.95 26.25 18.98 1.0000 high
761.25 326.95 26.25 16.88 1.0000 high
761.25 326.95 26.25 18.98 1.0000 high
757.50 326.95 30.00 18.98 1.0000 high
757.50 326.95 30.00 18.98 1.0000 high
761.25 326.95 26.25 18.98 1.0000 high
757.50 326.95 30.00 18.98 1.0000 high
765.00 326.95 22.50 18.98 1.0000 high
761.25 326.95 26.25 18.98 1.0000 high
761.25 326.95 26.25 18.98 1.0000 high
765.00 326.95 22.50 16.88 1.0000 high
765.00 326.95 22.50 16.88 1.0000 high
765.00 326.95 22.50 16.88 1.0000 high
761.25 326.95 26.25 16.88 1.0000 high
761.25 326.95 26.25 16.88 1.0000 high
765.00 326.95 22.50 16.88 1.0000 high
765.00 326.95 22.50 16.88 1.0000 high
761.25 326.95 26.25 18.98 1.0000 high
761.25 326.95 30.00 18.98 1.0000 high
761.25 326.95 26.25 18.98 1.0000 high
765.00 326.95 22.50 16.88 1.0000 high
753.75 324.84 37.50 21.09 1.0000 high
753.75 324.84 37.50 21.09 1.0000 high
761.25 326.95 26.25 18.98 1.0000 high
761.25 326.95 26.25 18.98 1.0000 high
765.00 326.95 22.50 16.88 1.0000 high
765.00 326.95 22.50 16.88 1.0000 high
765.00 326.95 22.50 16.88 1.0000 high
765.22 326.94 22.30 16.73 0.0000 coast
765.50 326.94 22.02 16.57 0.0000 coast
746.25 326.95 41.25 35.86 1.0000 reinit
757.50 350.16 26.25 10.55 1.0000 high
765.00 350.16 18.75 10.55 1.0000 high
769.48 354.39 13.59 5.93 0.0000 coast
774.69 358.44 7.72 1.51 0.0000 coast
746.25 326.95 41.25 35.86 1.0000 reinit
742.50 326.95 45.00 35.86 1.0000 high
742.50 326.95 45.00 35.86 1.0000 high
742.50 326.95 45.00 35.86 1.0000 high
746.25 326.95 41.25 35.86 1.0000 high
746.25 326.95 41.25 33.75 1.0000 high
750.00 326.95 37.50 33.75 1.0000 high
749.99 326.95 37.51 33.43 0.0000 coast
-100 -100 -100 -100 0.0000 coast_none
678.75 417.66 60.00 29.53 1.0000 reinit
671.25 415.55 63.75 31.64 1.0000 high
663.75 415.55 67.50 31.64 1.0000 high
656.25 415.55 71.25 31.64 1.0000 high
648.75 415.55 71.25 29.53 1.0000 high
641.25 415.55 71.25 29.53 1.0000 high
633.75 413.44 71.25 31.64 1.0000 high
626.25 413.44 71.25 29.53 1.0000 high
618.75 413.44 71.25 29.53 1.0000 high
611.25 411.33 71.25 31.64 1.0000 high
607.50 411.33 71.25 31.64 1.0000 high
600.00 411.33 71.25 29.53 1.0000 high
592.50 409.22 71.25 31.64 1.0000 high
585.00 409.22 67.50 31.64 1.0000 high
577.50 409.22 71.25 29.53 1.0000 high
570.00 407.11 71.25 31.64 1.0000 high
562.50 407.11 67.50 31.64 1.0000 high
555.00 405.00 71.25 31.64 1.0000 high
547.50 405.00 71.25 31.64 1.0000 high
540.00 405.00 71.25 31.64 1.0000 high
532.50 402.89 71.25 31.64 1.0000 high
525.00 402.89 71.25 31.64 1.0000 high
517.50 402.89 71.25 31.64 1.0000 high
510.00 402.89 71.25 31.64 1.0000 high
502.50 402.89 71.25 29.53 1.0000 high
495.00 400.78 71.25 31.64 1.0000 high
487.50 398.67 71.25 33.75 1.0000 high
476.25 398.67 75.00 31.64 1.0000 high
468.75 396.56 75.00 33.75 1.0000 high
461.25 396.56 75.00 33.75 1.0000 high
450.00 396.56 78.75 31.64 1.0000 high
446.25 394.45 75.00 33.75 1.0000 high
438.75 394.45 75.00 31.64 1.0000 high
431.25 392.34 75.00 33.75 1.0000 high
423.75 392.34 75.00 31.64 1.0000 high
416.25 390.23 78.75 33.75 1.0000 high
408.75 388.12 75.00 35.86 1.0000 high
401.25 388.12 75.00 35.86 1.0000 high
390.00 388.12 78.75 33.75 1.0000 high
382.50 386.02 82.50 33.75 1.0000 high
375.00 386.02 82.50 33.75 1.0000 high
367.50 383.91 78.75 35.86 1.0000 high
360.00 383.91 78.75 33.75 1.0000 high
352.50 381.80 78.75 35.86 1.0000 high
345.00 379.69 82.50 35.86 1.0000 high
337.50 379.69 78.75 35.86 1.0000 high
330.00 379.69 78.75 33.75 1.0000 high
322.50 377.58 78.75 35.86 1.0000 high
315.00 375.47 78.75 35.86 1.0000 high
303.75 375.47 78.75 33.75 1.0000 high
296.25 373.36 78.75 35.86 1.0000 high
288.75 373.36 78.75 33.75 1.0000 high
281.25 369.14 78.75 37.97 1.0000 high
273.75 369.14 78.75 35.86 1.0000 high
266.25 367.03 78.75 35.86 1.0000 high
258.75 364.92 78.75 37.97 1.0000 high
251.25 364.92 75.00 35.86 1.0000 high
243.75 364.92 78.75 33.75 1.0000 high
232.50 360.70 78.75 35.86 1.0000 high
225.00 358.59 78.75 37.97 1.0000 high
213.75 358.59 78.75 35.86 1.0000 high
202.50 356.48 86.25 35.86 1.0000 high
198.75 354.38 82.50 37.97 1.0000 high
191.25 352.27 82.50 37.97 1.0000 high
183.75 348.05 82.50 42.19 1.0000 high
176.25 348.05 82.50 40.08 1.0000 high
168.75 345.94 82.50 44.30 1.0000 high
161.25 343.83 78.75 44.30 1.0000 high
157.50 343.83 78.75 42.19 1.0000 high
150.00 343.83 78.75 42.19 1.0000 high
142.50 343.83 78.75 44.30 1.0000 high
135.00 341.72 82.50 46.41 1.0000 high
131.25 343.83 78.75 44.30 1.0000 high
123.75 343.83 82.50 46.41 1.0000 high
120.00 345.94 82.50 46.41 1.0000 high
112.50 345.94 82.50 46.41 1.0000 high
108.75 348.05 82.50 46.41 1.0000 high
101.25 350.16 90.00 46.41 1.0000 high
97.50 354.38 90.00 44.30 1.0000 high
93.75 356.48 90.00 44.30 1.0000 high
90.00 358.59 93.75 44.30 1.0000 high
86.25 360.70 97.50 46.41 1.0000 high
78.75 360.70 108.75 48.52 1.0000 high
71.25 360.70 131.25 50.62 1.0000 high
71.25 360.70 131.25 54.84 1.0000 high
75.00 362.81 116.25 54.84 1.0000 high
78.75 373.36 123.75 46.41 1.0000 high
75.00 371.25 127.50 52.73 1.0000 high
75.00 383.91 86.25 42.19 1.0000 high
71.25 386.02 86.25 42.19 1.0000 high
71.25 386.02 86.25 42.19 1.0000 high
71.25 386.02 86.25 46.41 1.0000 high
71.25 386.02 86.25 46.41 1.0000 high
67.60 388.55 84.68 46.16 0.0000 coast
78.75 383.91 78.75 50.62 1.0000 high
82.50 381.80 75.00 54.84 1.0000 high
80.12 383.67 73.95 54.59 0.0000 coast
79.90 384.26 72.01 55.64 0.0000 coast
93.75 373.36 108.75 69.61 1.0000 reinit
101.25 371.25 105.00 73.83 1.0000 high
108.75 371.25 93.75 75.94 1.0000 high
108.75 371.25 93.75 75.94 1.0000 high
112.50 373.36 90.00 71.72 1.0000 high
138.75 392.34 75.00 54.84 1.0000 high
150.00 396.56 75.00 52.73 1.0000 high
161.25 396.56 75.00 52.73 1.0000 high
176.25 398.67 75.00 50.62 1.0000 high
191.25 405.00 71.25 46.41 1.0000 high
206.25 407.11 71.25 46.41 1.0000 high
217.50 409.22 75.00 44.30 1.0000 high
232.50 411.33 75.00 42.19 1.0000 high
247.50 415.55 75.00 40.08 1.0000 high
262.50 415.55 75.00 42.19 1.0000 high
281.25 417.66 67.50 40.08 1.0000 high
292.50 417.66 71.25 42.19 1.0000 high
311.25 419.77 67.50 42.19 1.0000 high
326.25 419.77 67.50 42.19 1.0000 high
341.25 423.98 67.50 40.08 1.0000 high
356.25 423.98 71.25 42.19 1.0000 high
371.25 426.09 71.25 42.19 1.0000 high
386.25 428.20 71.25 42.19 1.0000 high
405.00 428.20 67.50 44.30 1.0000 high
423.75 432.42 63.75 44.30 1.0000 high
438.75 434.53 67.50 44.30 1.0000 high
453.75 440.86 67.50 40.08 1.0000 high
468.75 440.86 67.50 40.08 1.0000 high
487.50 442.97 63.75 40.08 1.0000 high
502.50 447.19 67.50 40.08 1.0000 high
517.50 449.30 67.50 37.97 1.0000 high
536.25 453.52 67.50 37.97 1.0000 high
555.00 457.73 63.75 35.86 1.0000 high
573.75 457.73 63.75 37.97 1.0000 high
592.50 461.95 60.00 37.97 1.0000 high
607.50 464.06 63.75 37.97 1.0000 high
626.25 468.28 63.75 35.86 1.0000 high
641.25 472.50 67.50 33.75 1.0000 high
656.25 478.83 67.50 29.53 1.0000 high
671.25 483.05 67.50 27.42 1.0000 high
690.00 487.27 56.25 25.31 1.0000 high
706.01 490.19 59.46 24.71 0.0000 coast
-100 -100 -100 -100 0.0000 coast_none
761.25 326.95 30.00 16.88 1.0000 reinit
761.25 326.95 26.25 16.88 1.0000 high
761.25 326.95 26.25 16.88 1.0000 high
761.25 326.95 26.25 16.88 1.0000 high
765.00 326.95 22.50 16.88 1.0000 high
765.00 326.95 22.50 16.88 1.0000 high
765.00 326.95 22.50 16.88 1.0000 high
761.25 326.95 26.25 16.88 1.0000 high
761.25 326.95 26.25 16.88 1.0000 high
761.25 326.95 30.00 16.88 1.0000 high
761.25 326.95 30.00 16.88 1.0000 high
761.25 324.84 30.00 18.98 1.0000 high
761.25 326.95 26.25 16.88 1.0000 high
761.25 326.95 26.25 16.88 1.0000 high
750.00 326.95 37.50 18.98 1.0000 high
761.25 326.95 26.25 16.88 1.0000 high
761.25 326.95 26.25 16.88 1.0000 high
761.25 326.95 26.25 16.88 1.0000 high
761.25 326.95 26.25 16.88 1.0000 high
761.25 326.95 26.25 16.88 1.0000 high
765.00 326.95 22.50 16.88 1.0000 high
765.00 326.95 22.50 16.88 1.0000 high
765.00 326.95 22.50 16.88 1.0000 high
765.00 326.95 22.50 16.88 1.0000 high
765.00 326.95 22.50 16.88 1.0000 high
761.25 324.84 26.25 18.98 1.0000 high
761.25 324.84 26.25 18.98 1.0000 high
757.50 324.84 33.75 18.98 1.0000 high
758.47 324.62 31.68 19.21 0.0000 coast
761.25 324.84 26.25 18.98 1.0000 high
761.25 324.84 26.25 18.98 1.0000 high
761.25 324.84 26.25 18.98 1.0000 high
761.25 324.84 26.25 18.98 1.0000 high
761.25 324.84 26.25 18.98 1.0000 high
761.25 324.84 26.25 18.98 1.0000 high
761.25 326.95 26.25 16.88 1.0000 high
761.25 326.95 26.25 16.88 1.0000 high
761.25 326.95 26.25 16.88 1.0000 high
765.00 326.95 22.50 14.77 1.0000 high
765.00 326.95 22.50 14.77 1.0000 high
765.00 326.95 22.50 14.77 1.0000 high
765.00 326.95 22.50 14.77 1.0000 high
765.00 326.95 22.50 14.77 1.0000 high
765.00 326.95 22.50 14.77 1.0000 high
765.00 326.95 22.50 16.88 1.0000 high
765.00 326.95 22.50 16.88 1.0000 high
765.00 326.95 22.50 14.77 1.0000 high
765.00 326.95 22.50 14.77 1.0000 high
765.00 326.95 22.50 14.77 1.0000 high
765.00 326.95 22.50 14.77 1.0000 high
765.00 326.95 22.50 14.77 1.0000 high
765.00 326.95 22.50 14.77 1.0000 high
765.00 326.95 22.50 14.77 1.0000 high
765.00 326.95 22.50 16.88 1.0000 high
765.00 326.95 22.50 16.88 1.0000 high
761.25 326.95 26.25 16.88 1.0000 high
761.25 326.95 26.25 16.88 1.0000 high
761.25 326.95 26.25 16.88 1.0000 high
761.25 326.95 26.25 16.88 1.0000 high
765.00 326.95 22.50 16.88 1.0000 high
765.00 326.95 22.50 16.88 1.0000 high
765.00 326.95 22.50 16.88 1.0000 high
765.00 326.95 22.50 16.88 1.0000 high
765.00 326.95 22.50 16.88 1.0000 high
765.00 326.95 22.50 16.88 1.0000 high
765.00 326.95 22.50 16.88 1.0000 high
765.00 326.95 22.50 16.88 1.0000 high
765.00 326.95 22.50 16.88 1.0000 high
765.00 326.95 22.50 14.77 1.0000 high
765.00 326.95 22.50 16.88 1.0000 high
772.50 329.06 15.00 12.66 1.0000 high
765.00 326.95 22.50 14.77 1.0000 high
765.00 326.95 22.50 16.88 1.0000 high
765.00 326.95 22.50 16.88 1.0000 high
761.25 326.95 26.25 16.88 1.0000 high
765.00 326.95 22.50 16.88 1.0000 high
761.25 326.95 26.25 16.88 1.0000 high
765.00 326.95 22.50 16.88 1.0000 high
761.25 326.95 26.25 16.88 1.0000 high
761.25 326.95 26.25 16.88 1.0000 high
765.00 326.95 22.50 16.88 1.0000 high
761.25 326.95 26.25 16.88 1.0000 high
761.25 326.95 26.25 16.88 1.0000 high
765.00 326.95 22.50 16.88 1.0000 high
765.00 326.95 22.50 16.88 1.0000 high
761.25 326.95 26.25 16.88 1.0000 high
765.00 326.95 22.50 16.88 1.0000 high
765.00 326.95 22.50 16.88 1.0000 high
765.00 326.95 22.50 16.88 1.0000 high
765.00 326.95 22.50 16.88 1.0000 high
768.75 326.95 18.75 14.77 1.0000 high
768.75 326.95 18.75 14.77 1.0000 high
768.75 326.95 18.75 14.77 1.0000 high
-100 -100 -100 -100 0.0000 coast_none
768.75 329.06 18.75 12.66 1.0000 high
765.00 326.95 22.50 16.88 1.0000 high
765.00 326.95 22.50 14.77 1.0000 high
772.50 329.06 15.00 12.66 1.0000 high
765.00 326.95 22.50 16.88 1.0000 high
761.25 326.95 26.25 16.88 1.0000 high
765.00 326.95 22.50 16.88 1.0000 high
765.00 326.95 22.50 16.88 1.0000 high
765.00 326.95 22.50 16.88 1.0000 high
765.00 326.95 22.50 16.88 1.0000 high
761.25 326.95 26.25 16.88 1.0000 high
761.25 326.95 26.25 16.88 1.0000 high
761.25 326.95 26.25 16.88 1.0000 high
761.25 326.95 26.25 16.88 1.0000 high
761.25 326.95 26.25 16.88 1.0000 high
761.25 326.95 26.25 16.88 1.0000 high
765.00 326.95 22.50 16.88 1.0000 high
765.00 326.95 22.50 14.77 1.0000 high
761.25 326.95 26.25 16.88 1.0000 high
761.25 326.95 30.00 16.88 1.0000 high
761.25 326.95 30.00 16.88 1.0000 high
761.25 326.95 30.00 16.88 1.0000 high
761.25 326.95 26.25 16.88 1.0000 high
761.25 326.95 26.25 16.88 1.0000 high
761.25 326.95 26.25 16.88 1.0000 high
765.00 326.95 26.25 16.88 1.0000 high
765.00 326.95 22.50 14.77 1.0000 high
765.00 326.95 22.50 16.88 1.0000 high
765.00 326.95 22.50 14.77 1.0000 high
761.25 326.95 26.25 16.88 1.0000 high
761.25 326.95 26.25 16.88 1.0000 high
765.00 326.95 22.50 16.88 1.0000 high
765.00 326.95 22.50 16.88 1.0000 high
761.25 326.95 30.00 16.88 1.0000 high
765.00 326.95 26.25 16.88 1.0000 high
765.00 326.95 26.25 16.88 1.0000 high
765.00 326.95 26.25 16.88 1.0000 high
765.00 326.95 26.25 14.77 1.0000 high
772.50 326.95 15.00 14.77 1.0000 high
772.50 329.06 15.00 12.66 1.0000 high
768.75 326.95 18.75 14.77 1.0000 high
768.75 326.95 18.75 14.77 1.0000 high
772.50 326.95 15.00 14.77 1.0000 high
768.75 326.95 18.75 14.77 1.0000 high
768.75 326.95 18.75 14.77 1.0000 high
768.75 326.95 18.75 14.77 1.0000 high
768.75 326.95 18.75 14.77 1.0000 high
768.75 326.95 22.50 14.77 1.0000 high
772.50 326.95 15.00 14.77 1.0000 high
768.75 326.95 18.75 14.77 1.0000 high
768.75 326.95 18.75 14.77 1.0000 high
765.00 326.95 22.50 14.77 1.0000 high
768.75 326.95 18.75 14.77 1.0000 high
768.75 326.95 18.75 14.77 1.0000 high
765.00 326.95 22.50 14.77 1.0000 high
768.75 326.95 18.75 14.77 1.0000 high
768.75 326.95 18.75 14.77 1.0000 high
768.75 326.95 18.75 14.77 1.0000 high
768.75 326.95 18.75 14.77 1.0000 high
772.50 326.95 15.00 14.77 1.0000 high
772.50 326.95 15.00 14.77 1.0000 high
772.50 329.06 15.00 10.55 1.0000 high
772.50 326.95 15.00 14.77 1.0000 high
776.25 329.06 11.25 10.55 1.0000 high
775.85 328.76 11.63 11.14 0.0000 coast
776.49 328.94 10.98 10.76 0.0000 coast
761.25 326.95 26.25 16.88 1.0000 reinit
761.25 326.95 26.25 16.88 1.0000 high
761.25 326.95 26.25 16.88 1.0000 high
765.00 326.95 22.50 16.88 1.0000 high
765.00 326.95 22.50 16.88 1.0000 high
765.00 326.95 22.50 16.88 1.0000 high
768.75 326.95 18.75 14.77 1.0000 high
768.75 326.95 18.75 14.77 1.0000 high
768.75 326.95 18.75 14.77 1.0000 high
772.50 329.06 15.00 12.66 1.0000 high
768.75 326.95 18.75 14.77 1.0000 high
768.75 326.95 18.75 14.77 1.0000 high
776.25 329.06 11.25 10.55 1.0000 high
772.50 329.06 15.00 12.66 1.0000 high
768.75 326.95 18.75 14.77 1.0000 high
768.75 326.95 18.75 14.77 1.0000 high
772.50 326.95 15.00 14.77 1.0000 high
772.50 326.95 15.00 14.77 1.0000 high
776.25 329.06 11.25 10.55 1.0000 high
776.25 329.06 11.25 10.55 1.0000 high
776.25 329.06 11.25 10.55 1.0000 high
772.50 326.95 15.00 14.77 1.0000 high
772.50 326.95 15.00 14.77 1.0000 high
768.75 326.95 18.75 14.77 1.0000 high
768.75 326.95 18.75 14.77 1.0000 high
776.25 329.06 11.25 10.55 1.0000 high
776.25 331.17 11.25 6.33 1.0000 high
776.25 329.06 11.25 10.55 1.0000 high
776.30 329.52 11.20 9.58 0.0000 coast
776.53 329.57 10.97 9.46 0.0000 coast
768.75 329.06 18.75 12.66 1.0000 high
768.75 329.06 18.75 12.66 1.0000 high
772.50 329.06 15.00 12.66 1.0000 high
772.50 329.06 15.00 10.55 1.0000 high
772.50 329.06 15.00 12.66 1.0000 high
772.50 329.06 15.00 12.66 1.0000 high
-100 -100 -100 -100 0.0000 coast_none
-100 -100 -100 -100 0.0000 coast_none
776.25 331.17 11.25 8.44 1.0000 high
776.25 329.06 11.25 10.55 1.0000 high
-100 -100 -100 -100 0.0000 coast_none
776.25 331.17 11.25 8.44 1.0000 high
-100 -100 -100 -100 0.0000 coast_none
-100 -100 -100 -100 0.0000 coast_none
780.00 333.28 3.75 2.11 0.7216 high
776.25 331.17 11.25 8.44 1.0000 high
772.50 329.06 15.00 12.66 1.0000 high
768.75 326.95 18.75 14.77 1.0000 high
768.75 326.95 18.75 14.77 1.0000 high
765.00 326.95 22.50 16.88 1.0000 high
765.00 326.95 22.50 16.88 1.0000 high
761.25 326.95 26.25 16.88 1.0000 high
761.25 326.95 26.25 16.88 1.0000 high
765.00 326.95 22.50 16.88 1.0000 high
765.00 326.95 22.50 16.88 1.0000 high
765.00 326.95 22.50 16.88 1.0000 high
765.00 326.95 22.50 14.77 1.0000 high
761.25 326.95 26.25 16.88 1.0000 high
765.00 326.95 22.50 16.88 1.0000 high
761.25 326.95 26.25 16.88 1.0000 high
765.00 326.95 22.50 16.88 1.0000 high
765.00 326.95 22.50 16.88 1.0000 high
761.25 326.95 26.25 16.88 1.0000 high
765.00 326.95 22.50 16.88 1.0000 high
761.25 326.95 26.25 16.88 1.0000 high
761.25 326.95 26.25 16.88 1.0000 high
765.00 326.95 22.50 16.88 1.0000 high
765.00 326.95 26.25 16.88 1.0000 high
765.00 326.95 26.25 16.88 1.0000 high
761.25 326.95 26.25 16.88 1.0000 high
761.25 326.95 26.25 16.88 1.0000 high
761.25 326.95 26.25 16.88 1.0000 high
765.00 326.95 22.50 16.88 1.0000 high
761.25 326.95 26.25 16.88 1.0000 high
761.25 326.95 26.25 16.88 1.0000 high
757.50 324.84 30.00 18.98 1.0000 high
757.50 326.95 30.00 16.88 1.0000 high
761.25 326.95 26.25 16.88 1.0000 high
761.25 326.95 26.25 16.88 1.0000 high
761.25 326.95 26.25 16.88 1.0000 high
761.25 326.95 26.25 16.88 1.0000 high
761.25 326.95 26.25 16.88 1.0000 high
765.00 326.95 22.50 16.88 1.0000 high
761.25 326.95 26.25 16.88 1.0000 high
765.00 326.95 22.50 16.88 1.0000 high
765.00 326.95 22.50 14.77 1.0000 high
761.25 326.95 26.25 16.88 1.0000 high
761.25 326.95 26.25 16.88 1.0000 high
765.00 326.95 22.50 16.88 1.0000 high
768.75 326.95 18.75 14.77 1.0000 high
765.00 326.95 22.50 16.88 1.0000 high
768.75 326.95 18.75 16.88 1.0000 high
768.75 326.95 18.75 14.77 1.0000 high
768.75 326.95 18.75 14.77 1.0000 high
765.00 326.95 22.50 16.88 1.0000 high
765.00 326.95 22.50 16.88 1.0000 high
765.00 326.95 22.50 16.88 1.0000 high
761.25 326.95 26.25 16.88 1.0000 high
765.00 326.95 22.50 16.88 1.0000 high
765.00 326.95 22.50 16.88 1.0000 high
765.00 326.95 22.50 16.88 1.0000 high
765.00 326.95 22.50 16.88 1.0000 high
765.00 326.95 22.50 16.88 1.0000 high
765.00 326.95 22.50 16.88 1.0000 high
765.00 326.95 22.50 16.88 1.0000 high
768.75 326.95 18.75 14.77 1.0000 high
765.00 326.95 22.50 14.77 1.0000 high
772.50 329.06 15.00 12.66 1.0000 high
768.75 326.95 18.75 14.77 1.0000 high
772.50 329.06 15.00 12.66 1.0000 high
768.75 326.95 18.75 14.77 1.0000 high
768.75 326.95 18.75 14.77 1.0000 high
765.00 326.95 22.50 16.88 1.0000 high
765.00 326.95 22.50 16.88 1.0000 high
765.00 326.95 22.50 14.77 1.0000 high
765.00 326.95 22.50 16.88 1.0000 high
764.61 326.86 22.89 16.57 0.0000 coast
768.75 326.95 18.75 14.77 1.0000 high
776.25 329.06 11.25 10.55 1.0000 high
-100 -100 -100 -100 0.0000 coast_none
772.50 329.06 15.00 12.66 1.0000 high
776.25 329.06 11.25 10.55 1.0000 high
772.50 329.06 15.00 12.66 1.0000 high
776.25 331.17 11.25 6.33 1.0000 high
780.00 333.28 3.75 2.11 0.8824 high
-100 -100 -100 -100 0.0000 coast_none
-100 -100 -100 -100 0.0000 coast_none
675.00 442.97 105.00 33.75 1.0000 reinit
663.75 442.97 116.25 33.75 1.0000 high
742.50 451.41 11.25 8.44 1.0000 high
-100 -100 -100 -100 0.0000 coast_none
-100 -100 -100 -100 0.0000 coast_none
626.25 447.19 75.00 31.64 1.0000 reinit
618.75 449.30 75.00 31.64 1.0000 high
607.50 449.30 78.75 33.75 1.0000 high
600.00 449.30 75.00 33.75 1.0000 high
592.50 449.30 75.00 33.75 1.0000 high
581.25 451.41 75.00 31.64 1.0000 high
573.75 449.30 78.75 33.75 1.0000 high
566.25 449.30 75.00 33.75 1.0000 high
562.50 449.30 75.00 31.64 1.0000 high
555.00 445.08 71.25 33.75 1.0000 high
547.50 442.97 71.25 33.75 1.0000 high
540.00 440.86 75.00 33.75 1.0000 high
532.50 436.64 75.00 35.86 1.0000 high
525.00 434.53 75.00 33.75 1.0000 high
521.25 430.31 75.00 33.75 1.0000 high
517.50 426.09 71.25 33.75 1.0000 high
510.00 421.88 75.00 33.75 1.0000 high
506.25 415.55 75.00 35.86 1.0000 high
502.50 411.33 71.25 33.75 1.0000 high
498.75 405.00 71.25 35.86 1.0000 high
495.00 396.56 71.25 37.97 1.0000 high
491.25 392.34 71.25 35.86 1.0000 high
487.50 386.02 75.00 35.86 1.0000 high
483.75 377.58 75.00 37.97 1.0000 high
483.75 371.25 75.00 35.86 1.0000 high
480.00 362.81 71.25 35.86 1.0000 high
476.25 356.48 75.00 35.86 1.0000 high
476.25 348.05 75.00 35.86 1.0000 high
476.25 341.72 75.00 35.86 1.0000 high
476.25 333.28 71.25 33.75 1.0000 high
476.25 326.95 71.25 33.75 1.0000 high
472.50 318.52 75.00 33.75 1.0000 high
472.50 312.19 71.25 33.75 1.0000 high
472.50 301.64 71.25 35.86 1.0000 high
472.50 295.31 71.25 33.75 1.0000 high
472.50 286.88 71.25 35.86 1.0000 high
468.75 278.44 75.00 35.86 1.0000 high
465.00 267.89 78.75 40.08 1.0000 high
465.00 261.56 82.50 37.97 1.0000 high
468.75 259.45 75.00 33.75 1.0000 high
465.00 253.12 75.00 35.86 1.0000 high
468.75 248.91 75.00 33.75 1.0000 high
468.75 242.58 75.00 35.86 1.0000 high
468.75 238.36 78.75 37.97 1.0000 high
465.00 236.25 78.75 35.86 1.0000 high
465.00 234.14 78.75 33.75 1.0000 high
468.75 229.92 75.00 35.86 1.0000 high
465.00 227.81 78.75 37.97 1.0000 high
465.00 225.70 75.00 40.08 1.0000 high
465.00 229.92 75.00 35.86 1.0000 high
461.25 227.81 78.75 37.97 1.0000 high
461.25 229.92 75.00 35.86 1.0000 high
461.25 232.03 75.00 37.97 1.0000 high
461.25 236.25 71.25 35.86 1.0000 high
461.25 238.36 71.25 37.97 1.0000 high
457.50 240.47 75.00 37.97 1.0000 high
453.75 246.80 78.75 37.97 1.0000 high
453.75 253.12 78.75 35.86 1.0000 high
446.25 257.34 82.50 37.97 1.0000 high
446.25 261.56 82.50 37.97 1.0000 high
438.75 259.45 90.00 46.41 1.0000 high
453.75 272.11 75.00 40.08 1.0000 high
453.75 280.55 75.00 37.97 1.0000 high
457.50 288.98 71.25 33.75 1.0000 high
457.50 293.20 71.25 35.86 1.0000 high
457.50 299.53 67.50 35.86 1.0000 high
457.50 307.97 71.25 33.75 1.0000 high
453.75 312.19 75.00 33.75 1.0000 high
457.50 318.52 71.25 33.75 1.0000 high
457.50 324.84 67.50 33.75 1.0000 high
457.50 331.17 71.25 31.64 1.0000 high
453.75 335.39 75.00 33.75 1.0000 high
453.75 341.72 75.00 33.75 1.0000 high
453.75 345.94 75.00 33.75 1.0000 high
457.50 352.27 71.25 33.75 1.0000 high
453.75 356.48 75.00 33.75 1.0000 high
453.75 362.81 75.00 33.75 1.0000 high
457.50 367.03 71.25 33.75 1.0000 high
457.50 373.36 71.25 33.75 1.0000 high
457.50 377.58 71.25 33.75 1.0000 high
457.50 381.80 71.25 35.86 1.0000 high
457.50 388.12 71.25 33.75 1.0000 high
457.50 394.45 71.25 31.64 1.0000 high
457.50 398.67 71.25 31.64 1.0000 high
457.50 405.00 75.00 31.64 1.0000 high
457.50 409.22 75.00 33.75 1.0000 high
457.50 413.44 75.00 33.75 1.0000 high
461.25 421.88 71.25 35.86 1.0000 high
461.25 426.09 71.25 33.75 1.0000 high
461.25 430.31 71.25 31.64 1.0000 high
461.25 436.64 71.25 31.64 1.0000 high
461.25 440.86 71.25 31.64 1.0000 high
461.25 445.08 75.00 31.64 1.0000 high
461.25 451.41 75.00 29.53 1.0000 high
461.25 455.62 75.00 31.64 1.0000 high
461.25 459.84 75.00 29.53 1.0000 high
465.00 461.95 71.25 31.64 1.0000 high
461.25 461.95 75.00 33.75 1.0000 high
461.25 464.06 75.00 33.75 1.0000 high
465.00 468.28 75.00 31.64 1.0000 high
465.00 468.28 75.00 33.75 1.0000 high
465.00 474.61 78.75 29.53 1.0000 high
468.75 474.61 75.00 29.53 1.0000 high
468.75 474.61 75.00 31.64 1.0000 high
472.50 472.50 71.25 33.75 1.0000 high
472.50 476.72 75.00 29.53 1.0000 high
472.50 470.39 75.00 35.86 1.0000 high
472.50 464.06 75.00 42.19 1.0000 high
472.50 470.39 75.00 35.86 1.0000 high
472.50 468.28 75.00 37.97 1.0000 high
476.25 466.17 75.00 37.97 1.0000 high
476.25 466.17 71.25 37.97 1.0000 high
472.50 461.95 78.75 40.08 1.0000 high
476.25 461.95 75.00 37.97 1.0000 high
472.50 464.06 75.00 33.75 1.0000 high
468.75 461.95 82.50 33.75 1.0000 high
472.50 461.95 78.75 29.53 1.0000 high
468.75 461.95 82.50 27.42 1.0000 high
472.50 457.73 75.00 29.53 1.0000 high
468.75 455.62 82.50 29.53 1.0000 high
468.75 451.41 78.75 31.64 1.0000 high
465.00 445.08 82.50 33.75 1.0000 high
465.00 440.86 82.50 35.86 1.0000 high
461.25 438.75 86.25 37.97 1.0000 high
461.25 434.53 86.25 40.08 1.0000 high
461.25 434.53 82.50 42.19 1.0000 high
457.50 434.53 86.25 42.19 1.0000 high
457.50 434.53 82.50 44.30 1.0000 high
453.75 436.64 86.25 44.30 1.0000 high
450.00 436.64 90.00 46.41 1.0000 high
450.00 440.86 90.00 46.41 1.0000 high
446.25 442.97 90.00 46.41 1.0000 high
446.25 447.19 90.00 48.52 1.0000 high
446.25 451.41 90.00 48.52 1.0000 high
442.50 457.73 93.75 46.41 1.0000 high
442.50 461.95 93.75 46.41 1.0000 high
442.50 466.17 93.75 48.52 1.0000 high
442.50 470.39 93.75 48.52 1.0000 high
446.25 478.83 90.00 44.30 1.0000 high
446.25 483.05 90.00 42.19 1.0000 high
446.25 487.27 93.75 40.08 1.0000 high
446.25 491.48 93.75 40.08 1.0000 high
446.25 491.48 97.50 42.19 1.0000 high
450.00 493.59 93.75 42.19 1.0000 high
450.00 495.70 93.75 40.08 1.0000 high
450.00 495.70 93.75 40.08 1.0000 high
450.00 495.70 93.75 40.08 1.0000 high
450.00 497.81 93.75 37.97 1.0000 high
450.00 497.81 93.75 37.97 1.0000 high
450.00 497.81 93.75 37.97 1.0000 high
453.75 495.70 90.00 40.08 1.0000 high
453.75 495.70 90.00 40.08 1.0000 high
453.75 491.48 90.00 44.30 1.0000 high
453.75 489.38 90.00 46.41 1.0000 high
453.75 485.16 93.75 48.52 1.0000 high
457.50 480.94 90.00 52.73 1.0000 high
461.25 478.83 86.25 54.84 1.0000 high
461.25 474.61 90.00 59.06 1.0000 high
465.00 470.39 90.00 61.17 1.0000 high
468.75 468.28 86.25 63.28 1.0000 high
476.25 470.39 86.25 61.17 1.0000 high
480.00 470.39 86.25 61.17 1.0000 high
487.50 472.50 86.25 59.06 1.0000 high
498.75 474.61 82.50 56.95 1.0000 high
510.00 476.72 82.50 52.73 1.0000 high
521.25 478.83 78.75 52.73 1.0000 high
528.75 478.83 82.50 52.73 1.0000 high
540.00 478.83 82.50 52.73 1.0000 high
555.00 478.83 78.75 52.73 1.0000 high
566.25 480.94 78.75 50.62 1.0000 high
577.50 483.05 82.50 50.62 1.0000 high
592.50 485.16 78.75 48.52 1.0000 high
607.50 485.16 78.75 48.52 1.0000 high
622.50 485.16 78.75 48.52 1.0000 high
637.50 487.27 75.00 48.52 1.0000 high
652.50 491.48 60.00 44.30 1.0000 high
671.25 489.38 52.50 44.30 1.0000 high
686.25 493.59 56.25 37.97 1.0000 high
701.25 493.59 41.25 21.09 1.0000 high
-100 -100 -100 -100 0.0000 coast_none
-100 -100 -100 -100 0.0000 coast_none
768.75 326.95 18.75 14.77 1.0000 reinit
772.50 326.95 15.00 14.77 1.0000 high
768.75 326.95 18.75 14.77 1.0000 high
768.75 326.95 18.75 14.77 1.0000 high
772.50 326.95 15.00 14.77 1.0000 high
772.50 329.06 15.00 12.66 1.0000 high
768.75 326.95 18.75 14.77 1.0000 high
768.75 326.95 18.75 14.77 1.0000 high
-100 -100 -100 -100 0.0000 coast_none
-100 -100 -100 -100 0.0000 coast_none
1402.50 73.83 15.00 10.55 1.0000 reinit
1402.50 73.83 15.00 10.55 0.0000 coast
-100 -100 -100 -100 0.0000 coast_none
1387.50 50.62 18.75 12.66 1.0000 reinit
1387.50 44.30 15.00 10.55 1.0000 high
1387.50 43.83 14.72 10.39 0.0000 coast
-100 -100 -100 -100 0.0000 coast_none
1368.75 4.22 22.50 25.31 1.0000 reinit
1357.50 0.00 30.00 18.98 1.0000 high
-100 -100 -100 -100 0.0000 coast_none
-100 -100 -100 -100 0.0000 coast_none
765.00 326.95 22.50 14.77 1.0000 reinit
768.75 326.95 18.75 14.77 1.0000 high
768.75 326.95 18.75 14.77 1.0000 high
768.75 326.95 18.75 14.77 1.0000 high
772.50 329.06 15.00 12.66 1.0000 high
772.50 329.06 15.00 12.66 1.0000 high
773.69 329.56 13.81 12.16 0.0000 coast
765.00 326.95 22.50 14.77 1.0000 high
765.00 326.95 22.50 16.88 1.0000 high
761.25 326.95 26.25 16.88 1.0000 high
765.00 326.95 22.50 14.77 1.0000 high
765.00 326.95 22.50 14.77 1.0000 high
761.25 326.95 30.00 16.88 1.0000 high
765.00 326.95 22.50 14.77 1.0000 high
765.00 326.95 22.50 14.77 1.0000 high
765.00 326.95 22.50 14.77 1.0000 high
761.25 326.95 26.25 16.88 1.0000 high
761.25 326.95 26.25 16.88 1.0000 high
765.00 326.95 22.50 14.77 1.0000 high
757.50 326.95 30.00 16.88 1.0000 high
757.50 326.95 30.00 16.88 1.0000 high
761.25 326.95 26.25 16.88 1.0000 high
765.00 326.95 22.50 14.77 1.0000 high
761.25 326.95 26.25 16.88 1.0000 high
772.50 326.95 15.00 14.77 1.0000 high
-100 -100 -100 -100 0.0000 coast_none
-100 -100 -100 -100 0.0000 coast_none
1245.00 116.02 78.75 44.30 1.0000 reinit
1245.00 103.36 82.50 46.41 1.0000 high
1248.75 90.70 78.75 48.52 1.0000 high
1248.75 78.05 78.75 50.62 1.0000 high
1252.50 67.50 75.00 52.73 1.0000 high
1252.50 59.06 71.25 54.84 1.0000 high
1252.50 50.62 71.25 54.84 1.0000 high
1252.50 42.19 71.25 56.95 1.0000 high
1263.75 67.50 41.25 23.20 1.0000 high
1252.50 31.64 71.25 56.95 1.0000 high
1248.75 33.75 67.50 52.73 1.0000 high
1248.75 23.20 71.25 59.06 1.0000 high
1248.75 23.20 67.50 54.84 1.0000 high
1248.75 21.09 63.75 52.73 1.0000 high
1260.00 18.98 52.50 46.41 1.0000 high
1241.25 18.98 67.50 52.73 1.0000 high
1233.75 16.88 71.25 54.84 1.0000 high
1230.00 12.66 71.25 56.95 1.0000 high
1226.25 16.88 71.25 52.73 1.0000 high
1218.75 16.88 71.25 50.62 1.0000 high
1215.00 18.98 67.50 48.52 1.0000 high
1207.50 16.88 71.25 50.62 1.0000 high
1203.75 10.55 71.25 56.95 1.0000 high
1192.50 14.77 75.00 52.73 1.0000 high
1188.75 16.88 71.25 50.62 1.0000 high
1181.25 18.98 67.50 48.52 1.0000 high
1170.00 14.77 71.25 52.73 1.0000 high
1158.75 18.98 75.00 48.52 1.0000 high
1151.25 18.98 71.25 48.52 1.0000 high
1140.00 14.77 75.00 52.73 1.0000 high
1128.75 18.98 75.00 48.52 1.0000 high
1121.25 18.98 71.25 46.41 1.0000 high
1110.00 16.88 71.25 48.52 1.0000 high
1098.75 18.98 67.50 46.41 1.0000 high
1087.50 16.88 67.50 48.52 1.0000 high
1072.50 10.55 75.00 52.73 1.0000 high
1061.25 14.77 71.25 48.52 1.0000 high
1050.00 8.44 75.00 54.84 1.0000 high
1035.00 6.33 78.75 54.84 1.0000 high
1023.75 4.22 75.00 54.84 1.0000 high
1008.75 6.33 78.75 52.73 1.0000 high
993.75 2.11 78.75 56.95 1.0000 high
978.75 4.22 82.50 52.73 1.0000 high
967.50 4.22 75.00 52.73 1.0000 high
952.50 2.11 78.75 52.73 1.0000 high
937.50 2.11 75.00 52.73 1.0000 high
922.50 2.11 75.00 50.62 1.0000 high
903.75 4.22 78.75 48.52 1.0000 high
888.75 2.11 75.00 48.52 1.0000 high
870.00 2.11 78.75 46.41 1.0000 high
855.00 2.11 78.75 46.41 1.0000 high
840.00 0.00 75.00 46.41 1.0000 high
821.25 2.11 78.75 44.30 1.0000 high
802.50 0.00 82.50 44.30 1.0000 high
787.50 0.00 78.75 42.19 1.0000 high
776.25 2.11 67.50 40.08 1.0000 high
746.25 0.00 78.75 40.08 1.0000 high
727.50 0.00 82.50 40.08 1.0000 high
716.25 2.11 75.00 35.86 1.0000 high
697.50 0.00 67.50 37.97 1.0000 high
675.00 0.00 78.75 37.97 1.0000 high
660.00 0.00 71.25 37.97 1.0000 high
641.25 0.00 67.50 35.86 1.0000 high
615.00 0.00 82.50 35.86 1.0000 high
600.00 0.00 67.50 35.86 1.0000 high
581.25 2.11 60.00 33.75 1.0000 high
558.75 0.00 75.00 37.97 1.0000 high
536.25 0.00 82.50 40.08 1.0000 high
532.50 6.33 60.00 35.86 1.0000 high
502.50 0.00 75.00 48.52 1.0000 high
483.75 2.11 67.50 48.52 1.0000 high
487.50 29.53 45.00 23.20 1.0000 high
435.00 2.11 82.50 56.95 1.0000 high
423.75 12.66 71.25 48.52 1.0000 high
405.00 21.09 67.50 48.52 1.0000 high
378.75 23.20 82.50 54.84 1.0000 high
363.75 37.97 78.75 48.52 1.0000 high
348.75 42.19 75.00 52.73 1.0000 high
322.50 46.41 78.75 56.95 1.0000 high
303.75 56.95 82.50 54.84 1.0000 high
285.00 65.39 86.25 56.95 1.0000 high
273.75 78.05 71.25 54.84 1.0000 high
251.25 86.48 86.25 59.06 1.0000 high
251.25 107.58 67.50 50.62 1.0000 high
-100 -100 -100 -100 0.0000 coast_none
206.25 118.12 82.50 61.17 1.0000 high
202.50 141.33 67.50 50.62 1.0000 high
191.25 170.86 56.25 23.20 1.0000 high
-100 -100 -100 -100 0.0000 coast_none
165.00 175.08 63.75 52.73 1.0000 high
146.25 179.30 82.50 63.28 1.0000 high
135.00 191.95 82.50 59.06 1.0000 high
127.50 208.83 82.50 54.84 1.0000 high
131.25 234.14 7.50 6.33 0.9882 high
108.75 234.14 33.75 27.42 1.0000 high
95.30 244.59 30.83 25.84 0.0000 coast
81.69 254.59 28.14 24.75 0.0000 coast
93.75 278.44 97.50 48.52 1.0000 reinit
90.00 293.20 101.25 46.41 1.0000 high
86.25 303.75 105.00 46.41 1.0000 high
82.50 316.41 105.00 42.19 1.0000 high
78.75 326.95 108.75 42.19 1.0000 high
67.50 339.61 116.25 40.08 1.0000 high
71.25 348.05 105.00 44.30 1.0000 high
52.50 352.27 123.75 48.52 1.0000 high
63.75 362.81 112.50 48.52 1.0000 high
71.25 379.69 105.00 42.19 1.0000 high
71.25 392.34 97.50 37.97 1.0000 high
71.25 400.78 97.50 42.19 1.0000 high
67.50 409.22 101.25 42.19 1.0000 high
67.50 417.66 101.25 42.19 1.0000 high
67.50 426.09 97.50 42.19 1.0000 high
67.50 434.53 97.50 42.19 1.0000 high
67.50 442.97 101.25 40.08 1.0000 high
67.50 451.41 101.25 37.97 1.0000 high
67.50 457.73 101.25 35.86 1.0000 high
67.50 461.95 101.25 35.86 1.0000 high
71.25 468.28 101.25 35.86 1.0000 high
71.25 470.39 101.25 35.86 1.0000 high
75.00 472.50 97.50 37.97 1.0000 high
78.75 472.50 97.50 42.19 1.0000 high
78.75 472.50 97.50 46.41 1.0000 high
86.25 472.50 93.75 48.52 1.0000 high
93.75 472.50 82.50 50.62 1.0000 high
101.25 472.50 82.50 52.73 1.0000 high
105.00 474.61 82.50 52.73 1.0000 high
112.50 476.72 82.50 52.73 1.0000 high
120.00 476.72 82.50 54.84 1.0000 high
127.50 478.83 82.50 54.84 1.0000 high
138.75 480.94 78.75 54.84 1.0000 high
146.25 485.16 82.50 52.73 1.0000 high
161.25 487.27 82.50 52.73 1.0000 high
172.50 491.48 86.25 48.52 1.0000 high
191.25 495.70 78.75 44.30 1.0000 high
202.50 495.70 82.50 46.41 1.0000 high
217.50 499.92 82.50 44.30 1.0000 high
232.50 502.03 82.50 42.19 1.0000 high
247.50 504.14 82.50 40.08 1.0000 high
262.50 504.14 82.50 42.19 1.0000 high
281.25 508.36 82.50 37.97 1.0000 high
296.25 506.25 82.50 42.19 1.0000 high
311.25 508.36 82.50 40.08 1.0000 high
330.00 508.36 78.75 42.19 1.0000 high
345.00 510.47 82.50 42.19 1.0000 high
363.75 512.58 82.50 40.08 1.0000 high
382.50 512.58 78.75 42.19 1.0000 high
401.25 514.69 75.00 42.19 1.0000 high
420.00 514.69 75.00 42.19 1.0000 high
438.75 516.80 75.00 42.19 1.0000 high
457.50 518.91 71.25 40.08 1.0000 high
476.25 518.91 71.25 42.19 1.0000 high
495.00 521.02 67.50 40.08 1.0000 high
513.75 523.12 67.50 40.08 1.0000 high
532.50 525.23 67.50 37.97 1.0000 high
555.00 525.23 67.50 40.08 1.0000 high
573.75 527.34 67.50 37.97 1.0000 high
596.25 529.45 63.75 37.97 1.0000 high
615.00 529.45 63.75 37.97 1.0000 high
637.50 533.67 63.75 35.86 1.0000 high
660.00 535.78 63.75 33.75 1.0000 high
678.75 537.89 56.25 31.64 1.0000 high
701.25 540.00 41.25 27.42 1.0000 high
-100 -100 -100 -100 0.0000 coast_none
-100 -100 -100 -100 0.0000 coast_none
780.00 550.55 33.75 21.09 1.0000 high
806.25 550.55 30.00 23.20 1.0000 high
-100 -100 -100 -100 0.0000 coast_none
-100 -100 -100 -100 0.0000 coast_none
750.00 324.84 37.50 18.98 1.0000 reinit
750.00 324.84 41.25 18.98 1.0000 high
753.75 326.95 33.75 16.88 1.0000 high
761.25 326.95 26.25 14.77 1.0000 high
750.00 326.95 41.25 16.88 1.0000 high
753.75 326.95 37.50 16.88 1.0000 high
746.25 324.84 45.00 23.20 1.0000 high
750.00 326.95 41.25 16.88 1.0000 high
750.00 326.95 37.50 18.98 1.0000 high
757.50 326.95 30.00 16.88 1.0000 high
753.75 326.95 33.75 16.88 1.0000 high
761.25 326.95 26.25 16.88 1.0000 high
761.25 326.95 30.00 16.88 1.0000 high
761.25 326.95 30.00 14.77 1.0000 high
761.25 326.95 30.00 16.88 1.0000 high
757.50 326.95 30.00 16.88 1.0000 high
753.75 326.95 33.75 16.88 1.0000 high
765.00 326.95 22.50 16.88 1.0000 high
761.25 326.95 26.25 16.88 1.0000 high
757.50 326.95 30.00 16.88 1.0000 high
753.75 326.95 37.50 16.88 1.0000 high
750.00 324.84 41.25 23.20 1.0000 high
746.25 324.84 45.00 23.20 1.0000 high
746.25 324.84 45.00 25.31 1.0000 high
761.25 326.95 26.25 16.88 1.0000 high
761.25 326.95 30.00 16.88 1.0000 high
761.25 326.95 26.25 16.88 1.0000 high
761.25 326.95 26.25 16.88 1.0000 high
761.46 326.98 26.19 16.83 0.0000 coast
746.25 324.84 41.25 29.53 1.0000 high
746.25 326.95 41.25 25.31 1.0000 high
757.50 326.95 30.00 16.88 1.0000 high
753.75 326.95 33.75 16.88 1.0000 high
746.25 326.95 45.00 25.31 1.0000 high
761.25 326.95 26.25 16.88 1.0000 high
746.25 326.95 41.25 23.20 1.0000 high
746.25 326.95 41.25 23.20 1.0000 high
746.25 326.95 41.25 25.31 1.0000 high
746.25 326.95 41.25 27.42 1.0000 high
750.00 326.95 37.50 21.09 1.0000 high
746.25 326.95 41.25 21.09 1.0000 high
750.00 326.95 37.50 21.09 1.0000 high
750.00 326.95 37.50 21.09 1.0000 high
748.83 326.94 38.59 21.49 0.0000 coast
-100 -100 -100 -100 0.0000 coast_none
1158.75 124.45 60.00 33.75 1.0000 reinit
1158.75 116.02 63.75 33.75 1.0000 high
1158.75 105.47 63.75 35.86 1.0000 high
1158.75 97.03 63.75 35.86 1.0000 high
1158.75 90.70 63.75 33.75 1.0000 high
1158.75 82.27 63.75 35.86 1.0000 high
1162.50 73.83 56.25 37.97 1.0000 high
1166.25 63.28 56.25 44.30 1.0000 high
1170.00 59.06 52.50 44.30 1.0000 high
1173.75 54.84 48.75 44.30 1.0000 high
1173.75 50.62 48.75 44.30 1.0000 high
1170.00 48.52 52.50 46.41 1.0000 high
1166.25 46.41 56.25 46.41 1.0000 high
1170.00 44.30 52.50 44.30 1.0000 high
1166.25 44.30 52.50 44.30 1.0000 high
1166.25 42.19 52.50 44.30 1.0000 high
1158.75 44.30 56.25 44.30 1.0000 high
1158.75 42.19 56.25 44.30 1.0000 high
1151.25 42.19 60.00 44.30 1.0000 high
1151.25 42.19 56.25 42.19 1.0000 high
1147.50 44.30 56.25 40.08 1.0000 high
1143.75 42.19 56.25 42.19 1.0000 high
1136.25 42.19 60.00 42.19 1.0000 high
1136.25 44.30 56.25 37.97 1.0000 high
1128.75 42.19 60.00 42.19 1.0000 high
1121.25 42.19 60.00 40.08 1.0000 high
1117.50 42.19 60.00 40.08 1.0000 high
1110.00 42.19 60.00 40.08 1.0000 high
1102.50 44.30 60.00 37.97 1.0000 high
1095.00 44.30 60.00 37.97 1.0000 high
1091.25 44.30 56.25 37.97 1.0000 high
1083.75 44.30 56.25 37.97 1.0000 high
1076.25 44.30 60.00 37.97 1.0000 high
1068.75 42.19 60.00 37.97 1.0000 high
1061.25 42.19 60.00 37.97 1.0000 high
1053.75 42.19 60.00 37.97 1.0000 high
1046.25 40.08 60.00 37.97 1.0000 high
1038.75 37.97 60.00 40.08 1.0000 high
1027.50 40.08 60.00 37.97 1.0000 high
1023.75 35.86 56.25 40.08 1.0000 high
1012.50 35.86 60.00 40.08 1.0000 high
1001.25 35.86 60.00 40.08 1.0000 high
993.75 35.86 60.00 40.08 1.0000 high
986.25 33.75 56.25 42.19 1.0000 high
975.00 33.75 56.25 42.19 1.0000 high
967.50 35.86 56.25 37.97 1.0000 high
956.25 33.75 56.25 40.08 1.0000 high
945.00 33.75 56.25 40.08 1.0000 high
933.75 33.75 60.00 40.08 1.0000 high
926.25 33.75 56.25 40.08 1.0000 high
915.00 33.75 56.25 42.19 1.0000 high
903.75 33.75 60.00 42.19 1.0000 high
892.50 37.97 56.25 40.08 1.0000 high
881.25 40.08 56.25 40.08 1.0000 high
870.00 40.08 56.25 40.08 1.0000 high
858.75 44.30 60.00 40.08 1.0000 high
847.50 46.41 60.00 42.19 1.0000 high
836.25 50.62 56.25 40.08 1.0000 high
825.00 52.73 56.25 42.19 1.0000 high
813.75 59.06 56.25 40.08 1.0000 high
802.50 63.28 56.25 40.08 1.0000 high
791.25 67.50 56.25 40.08 1.0000 high
776.25 73.83 60.00 40.08 1.0000 high
768.75 78.05 56.25 42.19 1.0000 high
753.75 86.48 56.25 37.97 1.0000 high
742.50 94.92 56.25 37.97 1.0000 high
727.50 99.14 60.00 40.08 1.0000 high
712.50 107.58 60.00 40.08 1.0000 high
705.00 113.91 56.25 40.08 1.0000 high
690.00 122.34 56.25 37.97 1.0000 high
678.75 128.67 56.25 40.08 1.0000 high
663.75 137.11 63.75 37.97 1.0000 high
652.50 145.55 63.75 37.97 1.0000 high
637.50 151.88 63.75 37.97 1.0000 high
622.50 160.31 60.00 37.97 1.0000 high
607.50 166.64 63.75 37.97 1.0000 high
592.50 175.08 63.75 37.97 1.0000 high
573.75 183.52 75.00 37.97 1.0000 high
562.50 191.95 67.50 35.86 1.0000 high
547.50 196.17 63.75 40.08 1.0000 high
536.25 204.61 60.00 37.97 1.0000 high
517.50 213.05 71.25 37.97 1.0000 high
506.25 223.59 67.50 33.75 1.0000 high
491.25 229.92 67.50 33.75 1.0000 high
476.25 234.14 67.50 35.86 1.0000 high
457.50 240.47 75.00 37.97 1.0000 high
446.25 246.80 67.50 37.97 1.0000 high
435.00 255.23 63.75 35.86 1.0000 high
420.00 259.45 67.50 37.97 1.0000 high
408.75 261.56 67.50 42.19 1.0000 high
401.25 267.89 60.00 42.19 1.0000 high
393.75 274.22 60.00 42.19 1.0000 high
382.50 276.33 60.00 44.30 1.0000 high
375.00 280.55 56.25 44.30 1.0000 high
371.25 284.77 56.25 46.41 1.0000 high
363.75 291.09 56.25 46.41 1.0000 high
356.25 293.20 60.00 48.52 1.0000 high
352.50 297.42 60.00 50.62 1.0000 high
348.75 301.64 63.75 50.62 1.0000 high
352.50 310.08 56.25 46.41 1.0000 high
348.75 316.41 60.00 44.30 1.0000 high
348.75 320.62 60.00 42.19 1.0000 high
352.50 324.84 60.00 42.19 1.0000 high
356.25 331.17 60.00 40.08 1.0000 high
360.00 335.39 63.75 40.08 1.0000 high
367.50 337.50 60.00 40.08 1.0000 high
367.50 339.61 67.50 37.97 1.0000 high
375.00 341.72 67.50 37.97 1.0000 high
382.50 343.83 67.50 35.86 1.0000 high
393.75 345.94 63.75 35.86 1.0000 high
401.25 345.94 63.75 35.86 1.0000 high
412.50 345.94 63.75 35.86 1.0000 high
420.00 345.94 63.75 35.86 1.0000 high
431.25 348.05 63.75 33.75 1.0000 high
442.50 345.94 63.75 35.86 1.0000 high
453.75 348.05 63.75 31.64 1.0000 high
465.00 345.94 60.00 33.75 1.0000 high
476.25 345.94 60.00 33.75 1.0000 high
487.50 345.94 60.00 33.75 1.0000 high
498.75 343.83 56.25 33.75 1.0000 high
510.00 343.83 60.00 33.75 1.0000 high
521.25 343.83 60.00 33.75 1.0000 high
