1432.50 354.38 33.75 27.42 1.0000 per_frame
1432.50 356.48 33.75 27.42 1.0000 per_frame
1428.75 358.59 37.50 25.31 1.0000 per_frame
1432.50 358.59 33.75 27.42 1.0000 per_frame
1432.50 360.70 33.75 25.31 1.0000 per_frame
1432.50 360.70 37.50 25.31 1.0000 per_frame
1432.50 358.59 37.50 27.42 1.0000 per_frame
1432.50 358.59 37.50 27.42 1.0000 per_frame
1436.25 358.59 33.75 27.42 1.0000 per_frame
1436.25 356.48 37.50 29.53 1.0000 per_frame
1440.00 356.48 33.75 29.53 1.0000 per_frame
1443.75 356.48 33.75 29.53 1.0000 per_frame
1447.50 356.48 33.75 29.53 1.0000 per_frame
1451.25 354.38 37.50 31.64 1.0000 per_frame
1458.75 354.38 33.75 29.53 1.0000 per_frame
1462.50 352.27 37.50 29.53 1.0000 per_frame
1470.00 352.27 37.50 27.42 1.0000 per_frame
1477.50 350.16 37.50 27.42 1.0000 per_frame
1485.00 350.16 37.50 27.42 1.0000 per_frame
1492.50 348.05 37.50 27.42 1.0000 per_frame
1503.75 348.05 37.50 25.31 1.0000 per_frame
1511.25 345.94 37.50 27.42 1.0000 per_frame
1518.75 341.72 37.50 29.53 1.0000 per_frame
1526.25 339.61 41.25 29.53 1.0000 per_frame
1537.50 339.61 33.75 29.53 1.0000 per_frame
1541.25 339.61 37.50 29.53 1.0000 per_frame
1548.75 335.39 37.50 31.64 1.0000 per_frame
1556.25 335.39 37.50 31.64 1.0000 per_frame
1563.75 333.28 37.50 33.75 1.0000 per_frame
1567.50 333.28 37.50 31.64 1.0000 per_frame
1575.00 331.17 33.75 31.64 1.0000 per_frame
1578.75 329.06 37.50 31.64 1.0000 per_frame
1578.75 326.95 37.50 31.64 1.0000 per_frame
1582.50 324.84 37.50 31.64 1.0000 per_frame
1586.25 322.73 37.50 29.53 1.0000 per_frame
1590.00 318.52 37.50 31.64 1.0000 per_frame
1590.00 316.41 37.50 29.53 1.0000 per_frame
1593.75 314.30 37.50 27.42 1.0000 per_frame
1593.75 310.08 37.50 27.42 1.0000 per_frame
1593.75 305.86 37.50 27.42 1.0000 per_frame
1597.50 301.64 33.75 27.42 1.0000 per_frame
1597.50 297.42 37.50 27.42 1.0000 per_frame
1597.50 293.20 41.25 29.53 1.0000 per_frame
1597.50 291.09 37.50 27.42 1.0000 per_frame
1601.25 288.98 37.50 27.42 1.0000 per_frame
1597.50 284.77 41.25 29.53 1.0000 per_frame
1597.50 282.66 41.25 29.53 1.0000 per_frame
1601.25 280.55 37.50 29.53 1.0000 per_frame
1601.25 276.33 37.50 29.53 1.0000 per_frame
1601.25 274.22 37.50 31.64 1.0000 per_frame
1601.25 272.11 41.25 31.64 1.0000 per_frame
1601.25 272.11 37.50 31.64 1.0000 per_frame
1601.25 272.11 37.50 31.64 1.0000 per_frame
1601.25 272.11 37.50 31.64 1.0000 per_frame
1601.25 274.22 37.50 31.64 1.0000 per_frame
1601.25 274.22 37.50 31.64 1.0000 per_frame
1601.25 276.33 37.50 31.64 1.0000 per_frame
1601.25 280.55 37.50 29.53 1.0000 per_frame
1601.25 280.55 37.50 29.53 1.0000 per_frame
1601.25 282.66 37.50 31.64 1.0000 per_frame
1597.50 284.77 41.25 31.64 1.0000 per_frame
1597.50 288.98 37.50 29.53 1.0000 per_frame
1597.50 291.09 33.75 29.53 1.0000 per_frame
1597.50 293.20 33.75 29.53 1.0000 per_frame
1593.75 297.42 37.50 29.53 1.0000 per_frame
1593.75 299.53 37.50 29.53 1.0000 per_frame
1593.75 303.75 33.75 29.53 1.0000 per_frame
1590.00 307.97 37.50 27.42 1.0000 per_frame
1586.25 310.08 37.50 29.53 1.0000 per_frame
1586.25 314.30 37.50 29.53 1.0000 per_frame
1582.50 316.41 37.50 31.64 1.0000 per_frame
1582.50 320.62 33.75 29.53 1.0000 per_frame
1578.75 324.84 37.50 29.53 1.0000 per_frame
1578.75 329.06 33.75 29.53 1.0000 per_frame
1575.00 335.39 33.75 27.42 1.0000 per_frame
1571.25 339.61 37.50 27.42 1.0000 per_frame
1571.25 343.83 33.75 27.42 1.0000 per_frame
1567.50 348.05 33.75 27.42 1.0000 per_frame
1563.75 354.38 37.50 23.20 1.0000 per_frame
1563.75 358.59 33.75 23.20 1.0000 per_frame
1560.00 362.81 33.75 23.20 1.0000 per_frame
1556.25 364.92 37.50 25.31 1.0000 per_frame
1556.25 369.14 30.00 25.31 1.0000 per_frame
1552.50 371.25 33.75 23.20 1.0000 per_frame
1548.75 375.47 33.75 25.31 1.0000 per_frame
1548.75 377.58 30.00 25.31 1.0000 per_frame
1545.00 381.80 33.75 25.31 1.0000 per_frame
1541.25 383.91 30.00 25.31 1.0000 per_frame
1537.50 386.02 30.00 27.42 1.0000 per_frame
1533.75 390.23 30.00 25.31 1.0000 per_frame
1526.25 394.45 33.75 23.20 1.0000 per_frame
1522.50 396.56 33.75 23.20 1.0000 per_frame
1518.75 398.67 30.00 25.31 1.0000 per_frame
1515.00 402.89 30.00 23.20 1.0000 per_frame
1507.50 405.00 33.75 23.20 1.0000 per_frame
1503.75 407.11 30.00 25.31 1.0000 per_frame
1496.25 409.22 30.00 25.31 1.0000 per_frame
1488.75 413.44 30.00 23.20 1.0000 per_frame
1481.25 415.55 30.00 25.31 1.0000 per_frame
1477.50 417.66 30.00 25.31 1.0000 per_frame
1470.00 419.77 30.00 25.31 1.0000 per_frame
1462.50 423.98 30.00 23.20 1.0000 per_frame
1455.00 423.98 30.00 25.31 1.0000 per_frame
1447.50 428.20 30.00 23.20 1.0000 per_frame
1440.00 430.31 30.00 23.20 1.0000 per_frame
1436.25 434.53 22.50 18.98 1.0000 per_frame
-100 -100 -100 -100 0.0000 none
-100 -100 -100 -100 0.0000 none
-100 -100 -100 -100 0.0000 none
-100 -100 -100 -100 0.0000 none
-100 -100 -100 -100 0.0000 none
-100 -100 -100 -100 0.0000 none
-100 -100 -100 -100 0.0000 none
-100 -100 -100 -100 0.0000 none
-100 -100 -100 -100 0.0000 none
-100 -100 -100 -100 0.0000 none
-100 -100 -100 -100 0.0000 none
-100 -100 -100 -100 0.0000 none
-100 -100 -100 -100 0.0000 none
-100 -100 -100 -100 0.0000 none
-100 -100 -100 -100 0.0000 none
-100 -100 -100 -100 0.0000 none
-100 -100 -100 -100 0.0000 none
-100 -100 -100 -100 0.0000 none
-100 -100 -100 -100 0.0000 none
-100 -100 -100 -100 0.0000 none
-100 -100 -100 -100 0.0000 none
-100 -100 -100 -100 0.0000 none
-100 -100 -100 -100 0.0000 none
-100 -100 -100 -100 0.0000 none
1222.50 508.36 37.50 21.09 1.0000 per_frame
1218.75 510.47 33.75 18.98 1.0000 per_frame
866.25 613.83 7.50 4.22 0.9176 per_frame
866.25 613.83 11.25 6.33 0.9922 per_frame
1203.75 518.91 37.50 12.66 1.0000 per_frame
1200.00 518.91 41.25 27.42 1.0000 per_frame
1196.25 521.02 45.00 12.66 1.0000 per_frame
1196.25 521.02 41.25 10.55 1.0000 per_frame
1192.50 521.02 37.50 12.66 1.0000 per_frame
1188.75 521.02 33.75 10.55 1.0000 per_frame
1188.75 521.02 33.75 10.55 1.0000 per_frame
1181.25 521.02 33.75 12.66 1.0000 per_frame
1192.50 521.02 7.50 4.22 0.9725 per_frame
1173.75 518.91 30.00 10.55 1.0000 per_frame
1173.75 516.80 26.25 10.55 1.0000 per_frame
1166.25 514.69 33.75 12.66 1.0000 per_frame
1162.50 514.69 33.75 10.55 1.0000 per_frame
1158.75 510.47 33.75 12.66 1.0000 per_frame
1162.50 512.58 22.50 6.33 1.0000 per_frame
1155.00 506.25 33.75 14.77 1.0000 per_frame
1170.00 508.36 3.75 4.22 0.7765 per_frame
1155.00 504.14 22.50 8.44 1.0000 per_frame
1162.50 504.14 11.25 4.22 0.9961 per_frame
-100 -100 -100 -100 0.0000 none
1155.00 497.81 11.25 6.33 1.0000 per_frame
-100 -100 -100 -100 0.0000 none
1151.25 493.59 3.75 2.11 0.6471 per_frame
-100 -100 -100 -100 0.0000 none
-100 -100 -100 -100 0.0000 none
-100 -100 -100 -100 0.0000 none
-100 -100 -100 -100 0.0000 none
1113.75 478.83 26.25 14.77 1.0000 per_frame
1113.75 476.72 26.25 10.55 1.0000 per_frame
-100 -100 -100 -100 0.0000 none
-100 -100 -100 -100 0.0000 none
-100 -100 -100 -100 0.0000 none
-100 -100 -100 -100 0.0000 none
-100 -100 -100 -100 0.0000 none
-100 -100 -100 -100 0.0000 none
-100 -100 -100 -100 0.0000 none
-100 -100 -100 -100 0.0000 none
-100 -100 -100 -100 0.0000 none
-100 -100 -100 -100 0.0000 none
-100 -100 -100 -100 0.0000 none
-100 -100 -100 -100 0.0000 none
303.75 358.59 11.25 6.33 1.0000 per_frame
-100 -100 -100 -100 0.0000 none
-100 -100 -100 -100 0.0000 none
-100 -100 -100 -100 0.0000 none
-100 -100 -100 -100 0.0000 none
-100 -100 -100 -100 0.0000 none
-100 -100 -100 -100 0.0000 none
-100 -100 -100 -100 0.0000 none
-100 -100 -100 -100 0.0000 none
-100 -100 -100 -100 0.0000 none
-100 -100 -100 -100 0.0000 none
-100 -100 -100 -100 0.0000 none
-100 -100 -100 -100 0.0000 none
-100 -100 -100 -100 0.0000 none
-100 -100 -100 -100 0.0000 none
-100 -100 -100 -100 0.0000 none
-100 -100 -100 -100 0.0000 none
-100 -100 -100 -100 0.0000 none
-100 -100 -100 -100 0.0000 none
-100 -100 -100 -100 0.0000 none
-100 -100 -100 -100 0.0000 none
-100 -100 -100 -100 0.0000 none
-100 -100 -100 -100 0.0000 none
-100 -100 -100 -100 0.0000 none
-100 -100 -100 -100 0.0000 none
-100 -100 -100 -100 0.0000 none
-100 -100 -100 -100 0.0000 none
-100 -100 -100 -100 0.0000 none
-100 -100 -100 -100 0.0000 none
-100 -100 -100 -100 0.0000 none
-100 -100 -100 -100 0.0000 none
-100 -100 -100 -100 0.0000 none
825.00 411.33 11.25 10.55 0.9961 per_frame
825.00 415.55 7.50 6.33 0.9843 per_frame
825.00 415.55 7.50 2.11 0.9059 per_frame
-100 -100 -100 -100 0.0000 none
-100 -100 -100 -100 0.0000 none
-100 -100 -100 -100 0.0000 none
810.00 405.00 26.25 14.77 1.0000 per_frame
-100 -100 -100 -100 0.0000 none
791.25 402.89 30.00 10.55 1.0000 per_frame
-100 -100 -100 -100 0.0000 none
-100 -100 -100 -100 0.0000 none
-100 -100 -100 -100 0.0000 none
-100 -100 -100 -100 0.0000 none
798.75 394.45 18.75 8.44 1.0000 per_frame
795.00 392.34 22.50 12.66 1.0000 per_frame
-100 -100 -100 -100 0.0000 none
-100 -100 -100 -100 0.0000 none
-100 -100 -100 -100 0.0000 none
-100 -100 -100 -100 0.0000 none
-100 -100 -100 -100 0.0000 none
-100 -100 -100 -100 0.0000 none
-100 -100 -100 -100 0.0000 none
-100 -100 -100 -100 0.0000 none
-100 -100 -100 -100 0.0000 none
-100 -100 -100 -100 0.0000 none
-100 -100 -100 -100 0.0000 none
753.75 354.38 26.25 10.55 1.0000 per_frame
-100 -100 -100 -100 0.0000 none
-100 -100 -100 -100 0.0000 none
-100 -100 -100 -100 0.0000 none
-100 -100 -100 -100 0.0000 none
-100 -100 -100 -100 0.0000 none
-100 -100 -100 -100 0.0000 none
-100 -100 -100 -100 0.0000 none
-100 -100 -100 -100 0.0000 none
-100 -100 -100 -100 0.0000 none
-100 -100 -100 -100 0.0000 none
-100 -100 -100 -100 0.0000 none
-100 -100 -100 -100 0.0000 none
-100 -100 -100 -100 0.0000 none
-100 -100 -100 -100 0.0000 none
746.25 362.81 3.75 4.22 0.6000 per_frame
-100 -100 -100 -100 0.0000 none
735.00 364.92 26.25 12.66 1.0000 per_frame
-100 -100 -100 -100 0.0000 none
-100 -100 -100 -100 0.0000 none
727.50 373.36 30.00 23.20 1.0000 per_frame
-100 -100 -100 -100 0.0000 none
-100 -100 -100 -100 0.0000 none
-100 -100 -100 -100 0.0000 none
-100 -100 -100 -100 0.0000 none
-100 -100 -100 -100 0.0000 none
-100 -100 -100 -100 0.0000 none
-100 -100 -100 -100 0.0000 none
-100 -100 -100 -100 0.0000 none
-100 -100 -100 -100 0.0000 none
-100 -100 -100 -100 0.0000 none
-100 -100 -100 -100 0.0000 none
866.25 613.83 15.00 8.44 1.0000 per_frame
-100 -100 -100 -100 0.0000 none
-100 -100 -100 -100 0.0000 none
-100 -100 -100 -100 0.0000 none
-100 -100 -100 -100 0.0000 none
-100 -100 -100 -100 0.0000 none
-100 -100 -100 -100 0.0000 none
-100 -100 -100 -100 0.0000 none
-100 -100 -100 -100 0.0000 none
-100 -100 -100 -100 0.0000 none
-100 -100 -100 -100 0.0000 none
-100 -100 -100 -100 0.0000 none
-100 -100 -100 -100 0.0000 none
-100 -100 -100 -100 0.0000 none
-100 -100 -100 -100 0.0000 none
-100 -100 -100 -100 0.0000 none
-100 -100 -100 -100 0.0000 none
-100 -100 -100 -100 0.0000 none
-100 -100 -100 -100 0.0000 none
-100 -100 -100 -100 0.0000 none
-100 -100 -100 -100 0.0000 none
-100 -100 -100 -100 0.0000 none
-100 -100 -100 -100 0.0000 none
-100 -100 -100 -100 0.0000 none
-100 -100 -100 -100 0.0000 none
-100 -100 -100 -100 0.0000 none
-100 -100 -100 -100 0.0000 none
-100 -100 -100 -100 0.0000 none
-100 -100 -100 -100 0.0000 none
-100 -100 -100 -100 0.0000 none
-100 -100 -100 -100 0.0000 none
-100 -100 -100 -100 0.0000 none
-100 -100 -100 -100 0.0000 none
-100 -100 -100 -100 0.0000 none
-100 -100 -100 -100 0.0000 none
-100 -100 -100 -100 0.0000 none
-100 -100 -100 -100 0.0000 none
750.00 508.36 18.75 6.33 1.0000 per_frame
-100 -100 -100 -100 0.0000 none
-100 -100 -100 -100 0.0000 none
-100 -100 -100 -100 0.0000 none
757.50 512.58 11.25 4.22 0.9961 per_frame
-100 -100 -100 -100 0.0000 none
-100 -100 -100 -100 0.0000 none
-100 -100 -100 -100 0.0000 none
-100 -100 -100 -100 0.0000 none
-100 -100 -100 -100 0.0000 none
746.25 514.69 22.50 8.44 0.9961 per_frame
-100 -100 -100 -100 0.0000 none
-100 -100 -100 -100 0.0000 none
-100 -100 -100 -100 0.0000 none
-100 -100 -100 -100 0.0000 none
-100 -100 -100 -100 0.0000 none
-100 -100 -100 -100 0.0000 none
-100 -100 -100 -100 0.0000 none
-100 -100 -100 -100 0.0000 none
-100 -100 -100 -100 0.0000 none
-100 -100 -100 -100 0.0000 none
-100 -100 -100 -100 0.0000 none
-100 -100 -100 -100 0.0000 none
-100 -100 -100 -100 0.0000 none
-100 -100 -100 -100 0.0000 none
-100 -100 -100 -100 0.0000 none
-100 -100 -100 -100 0.0000 none
-100 -100 -100 -100 0.0000 none
-100 -100 -100 -100 0.0000 none
-100 -100 -100 -100 0.0000 none
-100 -100 -100 -100 0.0000 none
-100 -100 -100 -100 0.0000 none
-100 -100 -100 -100 0.0000 none
-100 -100 -100 -100 0.0000 none
-100 -100 -100 -100 0.0000 none
-100 -100 -100 -100 0.0000 none
-100 -100 -100 -100 0.0000 none
-100 -100 -100 -100 0.0000 none
-100 -100 -100 -100 0.0000 none
-100 -100 -100 -100 0.0000 none
-100 -100 -100 -100 0.0000 none
-100 -100 -100 -100 0.0000 none
-100 -100 -100 -100 0.0000 none
-100 -100 -100 -100 0.0000 none
-100 -100 -100 -100 0.0000 none
-100 -100 -100 -100 0.0000 none
-100 -100 -100 -100 0.0000 none
-100 -100 -100 -100 0.0000 none
-100 -100 -100 -100 0.0000 none
-100 -100 -100 -100 0.0000 none
-100 -100 -100 -100 0.0000 none
-100 -100 -100 -100 0.0000 none
-100 -100 -100 -100 0.0000 none
-100 -100 -100 -100 0.0000 none
-100 -100 -100 -100 0.0000 none
-100 -100 -100 -100 0.0000 none
-100 -100 -100 -100 0.0000 none
-100 -100 -100 -100 0.0000 none
-100 -100 -100 -100 0.0000 none
-100 -100 -100 -100 0.0000 none
-100 -100 -100 -100 0.0000 none
-100 -100 -100 -100 0.0000 none
-100 -100 -100 -100 0.0000 none
-100 -100 -100 -100 0.0000 none
-100 -100 -100 -100 0.0000 none
-100 -100 -100 -100 0.0000 none
-100 -100 -100 -100 0.0000 none
-100 -100 -100 -100 0.0000 none
-100 -100 -100 -100 0.0000 none
-100 -100 -100 -100 0.0000 none
-100 -100 -100 -100 0.0000 none
-100 -100 -100 -100 0.0000 none
-100 -100 -100 -100 0.0000 none
-100 -100 -100 -100 0.0000 none
-100 -100 -100 -100 0.0000 none
-100 -100 -100 -100 0.0000 none
-100 -100 -100 -100 0.0000 none
-100 -100 -100 -100 0.0000 none
-100 -100 -100 -100 0.0000 none
-100 -100 -100 -100 0.0000 none
-100 -100 -100 -100 0.0000 none
-100 -100 -100 -100 0.0000 none
-100 -100 -100 -100 0.0000 none
-100 -100 -100 -100 0.0000 none
-100 -100 -100 -100 0.0000 none
-100 -100 -100 -100 0.0000 none
-100 -100 -100 -100 0.0000 none
-100 -100 -100 -100 0.0000 none
-100 -100 -100 -100 0.0000 none
-100 -100 -100 -100 0.0000 none
-100 -100 -100 -100 0.0000 none
-100 -100 -100 -100 0.0000 none
-100 -100 -100 -100 0.0000 none
-100 -100 -100 -100 0.0000 none
-100 -100 -100 -100 0.0000 none
-100 -100 -100 -100 0.0000 none
-100 -100 -100 -100 0.0000 none
-100 -100 -100 -100 0.0000 none
-100 -100 -100 -100 0.0000 none
-100 -100 -100 -100 0.0000 none
-100 -100 -100 -100 0.0000 none
-100 -100 -100 -100 0.0000 none
-100 -100 -100 -100 0.0000 none
-100 -100 -100 -100 0.0000 none
-100 -100 -100 -100 0.0000 none
-100 -100 -100 -100 0.0000 none
-100 -100 -100 -100 0.0000 none
-100 -100 -100 -100 0.0000 none
-100 -100 -100 -100 0.0000 none
-100 -100 -100 -100 0.0000 none
-100 -100 -100 -100 0.0000 none
-100 -100 -100 -100 0.0000 none
-100 -100 -100 -100 0.0000 none
-100 -100 -100 -100 0.0000 none
-100 -100 -100 -100 0.0000 none
-100 -100 -100 -100 0.0000 none
-100 -100 -100 -100 0.0000 none
-100 -100 -100 -100 0.0000 none
-100 -100 -100 -100 0.0000 none
-100 -100 -100 -100 0.0000 none
-100 -100 -100 -100 0.0000 none
-100 -100 -100 -100 0.0000 none
-100 -100 -100 -100 0.0000 none
-100 -100 -100 -100 0.0000 none
-100 -100 -100 -100 0.0000 none
753.75 523.12 18.75 10.55 1.0000 per_frame
-100 -100 -100 -100 0.0000 none
-100 -100 -100 -100 0.0000 none
-100 -100 -100 -100 0.0000 none
-100 -100 -100 -100 0.0000 none
-100 -100 -100 -100 0.0000 none
-100 -100 -100 -100 0.0000 none
-100 -100 -100 -100 0.0000 none
-100 -100 -100 -100 0.0000 none
-100 -100 -100 -100 0.0000 none
-100 -100 -100 -100 0.0000 none
-100 -100 -100 -100 0.0000 none
-100 -100 -100 -100 0.0000 none
-100 -100 -100 -100 0.0000 none
-100 -100 -100 -100 0.0000 none
-100 -100 -100 -100 0.0000 none
-100 -100 -100 -100 0.0000 none
-100 -100 -100 -100 0.0000 none
-100 -100 -100 -100 0.0000 none
-100 -100 -100 -100 0.0000 none
-100 -100 -100 -100 0.0000 none
-100 -100 -100 -100 0.0000 none
-100 -100 -100 -100 0.0000 none
-100 -100 -100 -100 0.0000 none
-100 -100 -100 -100 0.0000 none
-100 -100 -100 -100 0.0000 none
-100 -100 -100 -100 0.0000 none
-100 -100 -100 -100 0.0000 none
-100 -100 -100 -100 0.0000 none
-100 -100 -100 -100 0.0000 none
-100 -100 -100 -100 0.0000 none
-100 -100 -100 -100 0.0000 none
-100 -100 -100 -100 0.0000 none
-100 -100 -100 -100 0.0000 none
-100 -100 -100 -100 0.0000 none
-100 -100 -100 -100 0.0000 none
-100 -100 -100 -100 0.0000 none
-100 -100 -100 -100 0.0000 none
-100 -100 -100 -100 0.0000 none
-100 -100 -100 -100 0.0000 none
-100 -100 -100 -100 0.0000 none
-100 -100 -100 -100 0.0000 none
-100 -100 -100 -100 0.0000 none
-100 -100 -100 -100 0.0000 none
971.25 613.83 15.00 10.55 1.0000 per_frame
-100 -100 -100 -100 0.0000 none
-100 -100 -100 -100 0.0000 none
-100 -100 -100 -100 0.0000 none
-100 -100 -100 -100 0.0000 none
1016.25 615.94 3.75 4.22 0.8510 per_frame
-100 -100 -100 -100 0.0000 none
-100 -100 -100 -100 0.0000 none
-100 -100 -100 -100 0.0000 none
866.25 613.83 7.50 4.22 0.9059 per_frame
870.00 615.94 3.75 2.11 0.5961 per_frame
870.00 615.94 3.75 2.11 0.5137 per_frame
866.25 613.83 11.25 6.33 0.9961 per_frame
866.25 615.94 7.50 4.22 0.8667 per_frame
870.00 615.94 3.75 2.11 0.5490 per_frame
-100 -100 -100 -100 0.0000 none
-100 -100 -100 -100 0.0000 none
866.25 615.94 7.50 4.22 0.9255 per_frame
870.00 615.94 3.75 4.22 0.7529 per_frame
866.25 613.83 11.25 6.33 1.0000 per_frame
-100 -100 -100 -100 0.0000 none
-100 -100 -100 -100 0.0000 none
-100 -100 -100 -100 0.0000 none
-100 -100 -100 -100 0.0000 none
-100 -100 -100 -100 0.0000 none
-100 -100 -100 -100 0.0000 none
-100 -100 -100 -100 0.0000 none
-100 -100 -100 -100 0.0000 none
-100 -100 -100 -100 0.0000 none
-100 -100 -100 -100 0.0000 none
-100 -100 -100 -100 0.0000 none
-100 -100 -100 -100 0.0000 none
1203.75 620.16 37.50 21.09 1.0000 per_frame
1218.75 630.70 11.25 6.33 1.0000 per_frame
1222.50 632.81 18.75 8.44 1.0000 per_frame
1230.00 628.59 30.00 16.88 1.0000 per_frame
1237.50 634.92 18.75 10.55 1.0000 per_frame
1241.25 637.03 26.25 14.77 1.0000 per_frame
1252.50 639.14 18.75 10.55 1.0000 per_frame
-100 -100 -100 -100 0.0000 none
-100 -100 -100 -100 0.0000 none
1267.50 641.25 30.00 12.66 1.0000 per_frame
-100 -100 -100 -100 0.0000 none
1271.25 643.36 37.50 16.88 1.0000 per_frame
1271.25 641.25 45.00 21.09 1.0000 per_frame
1275.00 643.36 45.00 18.98 1.0000 per_frame
1278.75 643.36 45.00 18.98 1.0000 per_frame
1290.00 647.58 30.00 8.44 1.0000 per_frame
1301.25 647.58 22.50 8.44 1.0000 per_frame
307.50 358.59 7.50 6.33 0.9882 per_frame
1301.25 643.36 37.50 16.88 1.0000 per_frame
1308.75 643.36 30.00 12.66 1.0000 per_frame
1312.50 639.14 37.50 16.88 1.0000 per_frame
1316.25 639.14 37.50 14.77 1.0000 per_frame
1320.00 637.03 37.50 14.77 1.0000 per_frame
1323.75 634.92 41.25 14.77 1.0000 per_frame
1327.50 632.81 52.50 16.88 1.0000 per_frame
1327.50 628.59 56.25 21.09 1.0000 per_frame
1331.25 626.48 52.50 21.09 1.0000 per_frame
1338.75 626.48 41.25 18.98 1.0000 per_frame
1342.50 622.27 37.50 23.20 1.0000 per_frame
1342.50 615.94 41.25 29.53 1.0000 per_frame
1350.00 620.16 33.75 21.09 1.0000 per_frame
1365.00 624.38 3.75 2.11 0.6039 per_frame
-100 -100 -100 -100 0.0000 none
1365.00 615.94 15.00 10.55 1.0000 per_frame
1361.25 611.72 26.25 16.88 1.0000 per_frame
1361.25 609.61 26.25 21.09 1.0000 per_frame
-100 -100 -100 -100 0.0000 none
307.50 360.70 7.50 4.22 0.9373 per_frame
307.50 360.70 7.50 2.11 0.8078 per_frame
307.50 360.70 7.50 4.22 0.9725 per_frame
307.50 360.70 7.50 4.22 0.8980 per_frame
-100 -100 -100 -100 0.0000 none
-100 -100 -100 -100 0.0000 none
866.25 613.83 11.25 6.33 1.0000 per_frame
866.25 613.83 11.25 6.33 1.0000 per_frame
-100 -100 -100 -100 0.0000 none
-100 -100 -100 -100 0.0000 none
-100 -100 -100 -100 0.0000 none
-100 -100 -100 -100 0.0000 none
-100 -100 -100 -100 0.0000 none
-100 -100 -100 -100 0.0000 none
-100 -100 -100 -100 0.0000 none
-100 -100 -100 -100 0.0000 none
-100 -100 -100 -100 0.0000 none
-100 -100 -100 -100 0.0000 none
-100 -100 -100 -100 0.0000 none
-100 -100 -100 -100 0.0000 none
-100 -100 -100 -100 0.0000 none
-100 -100 -100 -100 0.0000 none
-100 -100 -100 -100 0.0000 none
-100 -100 -100 -100 0.0000 none
-100 -100 -100 -100 0.0000 none
-100 -100 -100 -100 0.0000 none
-100 -100 -100 -100 0.0000 none
-100 -100 -100 -100 0.0000 none
-100 -100 -100 -100 0.0000 none
-100 -100 -100 -100 0.0000 none
-100 -100 -100 -100 0.0000 none
-100 -100 -100 -100 0.0000 none
-100 -100 -100 -100 0.0000 none
-100 -100 -100 -100 0.0000 none
-100 -100 -100 -100 0.0000 none
-100 -100 -100 -100 0.0000 none
-100 -100 -100 -100 0.0000 none
-100 -100 -100 -100 0.0000 none
-100 -100 -100 -100 0.0000 none
-100 -100 -100 -100 0.0000 none
-100 -100 -100 -100 0.0000 none
-100 -100 -100 -100 0.0000 none
-100 -100 -100 -100 0.0000 none
-100 -100 -100 -100 0.0000 none
-100 -100 -100 -100 0.0000 none
-100 -100 -100 -100 0.0000 none
-100 -100 -100 -100 0.0000 none
-100 -100 -100 -100 0.0000 none
-100 -100 -100 -100 0.0000 none
-100 -100 -100 -100 0.0000 none
-100 -100 -100 -100 0.0000 none
-100 -100 -100 -100 0.0000 none
-100 -100 -100 -100 0.0000 none
-100 -100 -100 -100 0.0000 none
-100 -100 -100 -100 0.0000 none
-100 -100 -100 -100 0.0000 none
1383.75 613.83 41.25 16.88 1.0000 per_frame
1372.50 615.94 37.50 12.66 1.0000 per_frame
-100 -100 -100 -100 0.0000 none
1353.75 609.61 33.75 23.20 1.0000 per_frame
1342.50 611.72 33.75 23.20 1.0000 per_frame
1331.25 609.61 45.00 23.20 1.0000 per_frame
1323.75 615.94 26.25 12.66 1.0000 per_frame
1316.25 618.05 7.50 4.22 0.5529 per_frame
-100 -100 -100 -100 0.0000 none
-100 -100 -100 -100 0.0000 none
-100 -100 -100 -100 0.0000 none
-100 -100 -100 -100 0.0000 none
-100 -100 -100 -100 0.0000 none
-100 -100 -100 -100 0.0000 none
307.50 360.70 7.50 4.22 0.9490 per_frame
-100 -100 -100 -100 0.0000 none
-100 -100 -100 -100 0.0000 none
1226.25 618.05 11.25 10.55 1.0000 per_frame
-100 -100 -100 -100 0.0000 none
-100 -100 -100 -100 0.0000 none
-100 -100 -100 -100 0.0000 none
-100 -100 -100 -100 0.0000 none
-100 -100 -100 -100 0.0000 none
-100 -100 -100 -100 0.0000 none
-100 -100 -100 -100 0.0000 none
1162.50 643.36 3.75 4.22 0.8980 per_frame
1151.25 643.36 18.75 12.66 1.0000 per_frame
1121.25 641.25 52.50 18.98 1.0000 per_frame
1113.75 643.36 52.50 18.98 1.0000 per_frame
1110.00 647.58 41.25 12.66 1.0000 per_frame
-100 -100 -100 -100 0.0000 none
1128.75 658.12 3.75 2.11 0.8000 per_frame
1102.50 651.80 33.75 12.66 1.0000 per_frame
-100 -100 -100 -100 0.0000 none
1113.75 656.02 7.50 4.22 0.9059 per_frame
1106.25 653.91 15.00 8.44 1.0000 per_frame
-100 -100 -100 -100 0.0000 none
-100 -100 -100 -100 0.0000 none
-100 -100 -100 -100 0.0000 none
-100 -100 -100 -100 0.0000 none
-100 -100 -100 -100 0.0000 none
-100 -100 -100 -100 0.0000 none
-100 -100 -100 -100 0.0000 none
-100 -100 -100 -100 0.0000 none
-100 -100 -100 -100 0.0000 none
-100 -100 -100 -100 0.0000 none
-100 -100 -100 -100 0.0000 none
-100 -100 -100 -100 0.0000 none
-100 -100 -100 -100 0.0000 none
-100 -100 -100 -100 0.0000 none
-100 -100 -100 -100 0.0000 none
-100 -100 -100 -100 0.0000 none
1020.00 624.38 11.25 4.22 0.9843 per_frame
-100 -100 -100 -100 0.0000 none
1008.75 620.16 26.25 12.66 1.0000 per_frame
1001.25 615.94 33.75 12.66 1.0000 per_frame
1001.25 618.05 7.50 4.22 0.7020 per_frame
982.50 615.94 37.50 12.66 1.0000 per_frame
982.50 609.61 41.25 21.09 1.0000 per_frame
975.00 605.39 41.25 21.09 1.0000 per_frame
967.50 605.39 37.50 21.09 1.0000 per_frame
963.75 609.61 15.00 6.33 1.0000 per_frame
948.75 599.06 41.25 25.31 1.0000 per_frame
-100 -100 -100 -100 0.0000 none
-100 -100 -100 -100 0.0000 none
926.25 603.28 11.25 4.22 0.9961 per_frame
-100 -100 -100 -100 0.0000 none
-100 -100 -100 -100 0.0000 none
-100 -100 -100 -100 0.0000 none
881.25 596.95 11.25 6.33 0.9686 per_frame
-100 -100 -100 -100 0.0000 none
881.25 592.73 11.25 6.33 0.9961 per_frame
862.50 590.62 15.00 6.33 1.0000 per_frame
825.00 586.41 45.00 16.88 1.0000 per_frame
817.50 590.62 15.00 6.33 1.0000 per_frame
802.50 584.30 41.25 18.98 1.0000 per_frame
-100 -100 -100 -100 0.0000 none
-100 -100 -100 -100 0.0000 none
-100 -100 -100 -100 0.0000 none
742.50 569.53 41.25 18.98 1.0000 per_frame
-100 -100 -100 -100 0.0000 none
708.75 565.31 15.00 10.55 1.0000 per_frame
690.00 554.77 52.50 35.86 1.0000 per_frame
678.75 552.66 52.50 31.64 1.0000 per_frame
697.50 565.31 15.00 10.55 1.0000 per_frame
-100 -100 -100 -100 0.0000 none
-100 -100 -100 -100 0.0000 none
-100 -100 -100 -100 0.0000 none
-100 -100 -100 -100 0.0000 none
-100 -100 -100 -100 0.0000 none
-100 -100 -100 -100 0.0000 none
-100 -100 -100 -100 0.0000 none
600.00 487.27 22.50 10.55 1.0000 per_frame
-100 -100 -100 -100 0.0000 none
-100 -100 -100 -100 0.0000 none
-100 -100 -100 -100 0.0000 none
-100 -100 -100 -100 0.0000 none
-100 -100 -100 -100 0.0000 none
-100 -100 -100 -100 0.0000 none
573.75 415.55 48.75 33.75 1.0000 per_frame
588.75 417.66 33.75 14.77 1.0000 per_frame
-100 -100 -100 -100 0.0000 none
566.25 367.03 15.00 16.88 1.0000 per_frame
562.50 360.70 37.50 25.31 1.0000 per_frame
566.25 356.48 26.25 18.98 1.0000 per_frame
-100 -100 -100 -100 0.0000 none
-100 -100 -100 -100 0.0000 none
-100 -100 -100 -100 0.0000 none
-100 -100 -100 -100 0.0000 none
-100 -100 -100 -100 0.0000 none
-100 -100 -100 -100 0.0000 none
-100 -100 -100 -100 0.0000 none
-100 -100 -100 -100 0.0000 none
-100 -100 -100 -100 0.0000 none
-100 -100 -100 -100 0.0000 none
-100 -100 -100 -100 0.0000 none
-100 -100 -100 -100 0.0000 none
551.25 172.97 37.50 29.53 1.0000 per_frame
555.00 168.75 30.00 10.55 1.0000 per_frame
547.50 156.09 41.25 29.53 1.0000 per_frame
543.75 147.66 41.25 31.64 1.0000 per_frame
543.75 141.33 41.25 29.53 1.0000 per_frame
547.50 137.11 30.00 12.66 1.0000 per_frame
543.75 130.78 33.75 29.53 1.0000 per_frame
540.00 124.45 37.50 31.64 1.0000 per_frame
536.25 122.34 41.25 31.64 1.0000 per_frame
532.50 120.23 45.00 33.75 1.0000 per_frame
532.50 118.12 41.25 31.64 1.0000 per_frame
532.50 118.12 37.50 31.64 1.0000 per_frame
532.50 116.02 37.50 33.75 1.0000 per_frame
528.75 118.12 37.50 33.75 1.0000 per_frame
528.75 118.12 37.50 33.75 1.0000 per_frame
525.00 120.23 41.25 33.75 1.0000 per_frame
525.00 122.34 41.25 31.64 1.0000 per_frame
525.00 126.56 37.50 31.64 1.0000 per_frame
525.00 126.56 37.50 33.75 1.0000 per_frame
525.00 130.78 37.50 31.64 1.0000 per_frame
525.00 135.00 37.50 31.64 1.0000 per_frame
525.00 139.22 37.50 31.64 1.0000 per_frame
525.00 141.33 37.50 31.64 1.0000 per_frame
525.00 145.55 37.50 31.64 1.0000 per_frame
525.00 149.77 37.50 31.64 1.0000 per_frame
528.75 156.09 33.75 29.53 1.0000 per_frame
528.75 160.31 33.75 29.53 1.0000 per_frame
528.75 166.64 33.75 27.42 1.0000 per_frame
528.75 170.86 37.50 29.53 1.0000 per_frame
532.50 175.08 33.75 29.53 1.0000 per_frame
528.75 181.41 41.25 27.42 1.0000 per_frame
532.50 187.73 37.50 25.31 1.0000 per_frame
532.50 191.95 41.25 25.31 1.0000 per_frame
532.50 196.17 45.00 23.20 1.0000 per_frame
536.25 200.39 41.25 23.20 1.0000 per_frame
536.25 204.61 41.25 21.09 1.0000 per_frame
536.25 206.72 37.50 23.20 1.0000 per_frame
540.00 213.05 26.25 16.88 1.0000 per_frame
540.00 215.16 26.25 16.88 1.0000 per_frame
543.75 217.27 18.75 16.88 1.0000 per_frame
547.50 223.59 3.75 2.11 0.7020 per_frame
-100 -100 -100 -100 0.0000 none
-100 -100 -100 -100 0.0000 none
-100 -100 -100 -100 0.0000 none
-100 -100 -100 -100 0.0000 none
866.25 613.83 11.25 6.33 1.0000 per_frame
866.25 613.83 11.25 6.33 1.0000 per_frame
-100 -100 -100 -100 0.0000 none
-100 -100 -100 -100 0.0000 none
-100 -100 -100 -100 0.0000 none
-100 -100 -100 -100 0.0000 none
-100 -100 -100 -100 0.0000 none
-100 -100 -100 -100 0.0000 none
-100 -100 -100 -100 0.0000 none
-100 -100 -100 -100 0.0000 none
-100 -100 -100 -100 0.0000 none
-100 -100 -100 -100 0.0000 none
-100 -100 -100 -100 0.0000 none
-100 -100 -100 -100 0.0000 none
-100 -100 -100 -100 0.0000 none
-100 -100 -100 -100 0.0000 none
-100 -100 -100 -100 0.0000 none
-100 -100 -100 -100 0.0000 none
-100 -100 -100 -100 0.0000 none
-100 -100 -100 -100 0.0000 none
-100 -100 -100 -100 0.0000 none
-100 -100 -100 -100 0.0000 none
-100 -100 -100 -100 0.0000 none
-100 -100 -100 -100 0.0000 none
-100 -100 -100 -100 0.0000 none
-100 -100 -100 -100 0.0000 none
-100 -100 -100 -100 0.0000 none
-100 -100 -100 -100 0.0000 none
-100 -100 -100 -100 0.0000 none
-100 -100 -100 -100 0.0000 none
-100 -100 -100 -100 0.0000 none
-100 -100 -100 -100 0.0000 none
-100 -100 -100 -100 0.0000 none
-100 -100 -100 -100 0.0000 none
-100 -100 -100 -100 0.0000 none
-100 -100 -100 -100 0.0000 none
-100 -100 -100 -100 0.0000 none
-100 -100 -100 -100 0.0000 none
-100 -100 -100 -100 0.0000 none
-100 -100 -100 -100 0.0000 none
-100 -100 -100 -100 0.0000 none
-100 -100 -100 -100 0.0000 none
-100 -100 -100 -100 0.0000 none
-100 -100 -100 -100 0.0000 none
-100 -100 -100 -100 0.0000 none
-100 -100 -100 -100 0.0000 none
-100 -100 -100 -100 0.0000 none
-100 -100 -100 -100 0.0000 none
-100 -100 -100 -100 0.0000 none
-100 -100 -100 -100 0.0000 none
-100 -100 -100 -100 0.0000 none
-100 -100 -100 -100 0.0000 none
618.75 263.67 3.75 2.11 0.6039 per_frame
603.75 255.23 30.00 16.88 1.0000 per_frame
603.75 246.80 33.75 27.42 1.0000 per_frame
600.00 246.80 45.00 29.53 1.0000 per_frame
615.00 248.91 37.50 25.31 1.0000 per_frame
626.25 246.80 33.75 27.42 1.0000 per_frame
633.75 246.80 30.00 25.31 1.0000 per_frame
641.25 246.80 33.75 25.31 1.0000 per_frame
-100 -100 -100 -100 0.0000 none
-100 -100 -100 -100 0.0000 none
-100 -100 -100 -100 0.0000 none
-100 -100 -100 -100 0.0000 none
-100 -100 -100 -100 0.0000 none
-100 -100 -100 -100 0.0000 none
-100 -100 -100 -100 0.0000 none
-100 -100 -100 -100 0.0000 none
-100 -100 -100 -100 0.0000 none
-100 -100 -100 -100 0.0000 none
-100 -100 -100 -100 0.0000 none
-100 -100 -100 -100 0.0000 none
-100 -100 -100 -100 0.0000 none
-100 -100 -100 -100 0.0000 none
-100 -100 -100 -100 0.0000 none
-100 -100 -100 -100 0.0000 none
-100 -100 -100 -100 0.0000 none
-100 -100 -100 -100 0.0000 none
-100 -100 -100 -100 0.0000 none
-100 -100 -100 -100 0.0000 none
-100 -100 -100 -100 0.0000 none
873.75 236.25 33.75 25.31 1.0000 per_frame
888.75 234.14 33.75 27.42 1.0000 per_frame
903.75 234.14 33.75 27.42 1.0000 per_frame
915.00 232.03 33.75 29.53 1.0000 per_frame
930.00 232.03 33.75 29.53 1.0000 per_frame
945.00 232.03 33.75 29.53 1.0000 per_frame
956.25 232.03 33.75 27.42 1.0000 per_frame
975.00 232.03 30.00 27.42 1.0000 per_frame
986.25 234.14 37.50 25.31 1.0000 per_frame
1001.25 232.03 37.50 27.42 1.0000 per_frame
1016.25 232.03 37.50 25.31 1.0000 per_frame
1031.25 232.03 37.50 25.31 1.0000 per_frame
1050.00 232.03 33.75 23.20 1.0000 per_frame
1061.25 232.03 37.50 23.20 1.0000 per_frame
1080.00 229.92 33.75 25.31 1.0000 per_frame
1095.00 229.92 33.75 25.31 1.0000 per_frame
1110.00 227.81 33.75 23.20 1.0000 per_frame
1125.00 227.81 33.75 23.20 1.0000 per_frame
1140.00 225.70 33.75 25.31 1.0000 per_frame
1151.25 225.70 33.75 27.42 1.0000 per_frame
1166.25 223.59 33.75 29.53 1.0000 per_frame
1177.50 221.48 33.75 31.64 1.0000 per_frame
1188.75 223.59 37.50 29.53 1.0000 per_frame
1203.75 221.48 33.75 31.64 1.0000 per_frame
1215.00 223.59 33.75 29.53 1.0000 per_frame
1222.50 221.48 33.75 31.64 1.0000 per_frame
1233.75 221.48 33.75 31.64 1.0000 per_frame
1241.25 221.48 37.50 29.53 1.0000 per_frame
1252.50 221.48 33.75 31.64 1.0000 per_frame
1260.00 221.48 33.75 29.53 1.0000 per_frame
1267.50 221.48 33.75 29.53 1.0000 per_frame
1275.00 223.59 33.75 27.42 1.0000 per_frame
1282.50 221.48 33.75 29.53 1.0000 per_frame
1290.00 221.48 33.75 29.53 1.0000 per_frame
1293.75 221.48 37.50 29.53 1.0000 per_frame
1301.25 223.59 33.75 29.53 1.0000 per_frame
1308.75 223.59 33.75 27.42 1.0000 per_frame
1312.50 221.48 33.75 31.64 1.0000 per_frame
1320.00 225.70 33.75 29.53 1.0000 per_frame
1323.75 227.81 37.50 29.53 1.0000 per_frame
1327.50 229.92 37.50 29.53 1.0000 per_frame
1335.00 234.14 33.75 29.53 1.0000 per_frame
1338.75 236.25 37.50 31.64 1.0000 per_frame
1342.50 240.47 37.50 31.64 1.0000 per_frame
1350.00 246.80 33.75 31.64 1.0000 per_frame
1353.75 253.12 37.50 31.64 1.0000 per_frame
1357.50 261.56 33.75 29.53 1.0000 per_frame
1365.00 265.78 33.75 31.64 1.0000 per_frame
1368.75 274.22 33.75 29.53 1.0000 per_frame
1372.50 282.66 33.75 29.53 1.0000 per_frame
1376.25 291.09 37.50 29.53 1.0000 per_frame
1380.00 299.53 33.75 27.42 1.0000 per_frame
1383.75 307.97 33.75 27.42 1.0000 per_frame
1387.50 316.41 33.75 27.42 1.0000 per_frame
1391.25 324.84 30.00 27.42 1.0000 per_frame
1391.25 333.28 33.75 27.42 1.0000 per_frame
1395.00 339.61 33.75 29.53 1.0000 per_frame
1395.00 348.05 37.50 29.53 1.0000 per_frame
1398.75 356.48 33.75 29.53 1.0000 per_frame
1398.75 364.92 37.50 29.53 1.0000 per_frame
1402.50 373.36 33.75 27.42 1.0000 per_frame
1402.50 381.80 33.75 25.31 1.0000 per_frame
1406.25 392.34 33.75 21.09 1.0000 per_frame
1413.75 402.89 22.50 10.55 1.0000 per_frame
1410.00 409.22 30.00 16.88 1.0000 per_frame
1398.75 417.66 45.00 21.09 1.0000 per_frame
1395.00 419.77 48.75 25.31 1.0000 per_frame
-100 -100 -100 -100 0.0000 none
-100 -100 -100 -100 0.0000 none
-100 -100 -100 -100 0.0000 none
-100 -100 -100 -100 0.0000 none
-100 -100 -100 -100 0.0000 none
-100 -100 -100 -100 0.0000 none
-100 -100 -100 -100 0.0000 none
-100 -100 -100 -100 0.0000 none
-100 -100 -100 -100 0.0000 none
-100 -100 -100 -100 0.0000 none
-100 -100 -100 -100 0.0000 none
-100 -100 -100 -100 0.0000 none
-100 -100 -100 -100 0.0000 none
-100 -100 -100 -100 0.0000 none
-100 -100 -100 -100 0.0000 none
-100 -100 -100 -100 0.0000 none
-100 -100 -100 -100 0.0000 none
-100 -100 -100 -100 0.0000 none
-100 -100 -100 -100 0.0000 none
-100 -100 -100 -100 0.0000 none
-100 -100 -100 -100 0.0000 none
-100 -100 -100 -100 0.0000 none
-100 -100 -100 -100 0.0000 none
-100 -100 -100 -100 0.0000 none
-100 -100 -100 -100 0.0000 none
-100 -100 -100 -100 0.0000 none
-100 -100 -100 -100 0.0000 none
-100 -100 -100 -100 0.0000 none
-100 -100 -100 -100 0.0000 none
-100 -100 -100 -100 0.0000 none
-100 -100 -100 -100 0.0000 none
-100 -100 -100 -100 0.0000 none
-100 -100 -100 -100 0.0000 none
-100 -100 -100 -100 0.0000 none
-100 -100 -100 -100 0.0000 none
1473.75 561.09 15.00 6.33 0.9961 per_frame
-100 -100 -100 -100 0.0000 none
-100 -100 -100 -100 0.0000 none
-100 -100 -100 -100 0.0000 none
-100 -100 -100 -100 0.0000 none
-100 -100 -100 -100 0.0000 none
1481.25 542.11 3.75 6.33 0.9882 per_frame
-100 -100 -100 -100 0.0000 none
-100 -100 -100 -100 0.0000 none
-100 -100 -100 -100 0.0000 none
-100 -100 -100 -100 0.0000 none
-100 -100 -100 -100 0.0000 none
-100 -100 -100 -100 0.0000 none
-100 -100 -100 -100 0.0000 none
-100 -100 -100 -100 0.0000 none
-100 -100 -100 -100 0.0000 none
-100 -100 -100 -100 0.0000 none
-100 -100 -100 -100 0.0000 none
-100 -100 -100 -100 0.0000 none
-100 -100 -100 -100 0.0000 none
-100 -100 -100 -100 0.0000 none
-100 -100 -100 -100 0.0000 none
-100 -100 -100 -100 0.0000 none
-100 -100 -100 -100 0.0000 none
-100 -100 -100 -100 0.0000 none
-100 -100 -100 -100 0.0000 none
-100 -100 -100 -100 0.0000 none
1507.50 434.53 37.50 21.09 1.0000 per_frame
1507.50 428.20 33.75 14.77 1.0000 per_frame
1503.75 417.66 41.25 23.20 1.0000 per_frame
1503.75 407.11 41.25 27.42 1.0000 per_frame
1503.75 398.67 41.25 27.42 1.0000 per_frame
1503.75 388.12 41.25 29.53 1.0000 per_frame
1503.75 377.58 41.25 29.53 1.0000 per_frame
1503.75 369.14 41.25 29.53 1.0000 per_frame
1503.75 356.48 41.25 31.64 1.0000 per_frame
1503.75 348.05 37.50 29.53 1.0000 per_frame
1503.75 337.50 37.50 29.53 1.0000 per_frame
1503.75 324.84 41.25 31.64 1.0000 per_frame
1500.00 316.41 41.25 31.64 1.0000 per_frame
1500.00 307.97 41.25 31.64 1.0000 per_frame
1503.75 297.42 37.50 31.64 1.0000 per_frame
1496.25 291.09 45.00 31.64 1.0000 per_frame
1500.00 284.77 41.25 29.53 1.0000 per_frame
1500.00 278.44 45.00 29.53 1.0000 per_frame
1496.25 270.00 48.75 31.64 1.0000 per_frame
1500.00 263.67 41.25 33.75 1.0000 per_frame
1496.25 257.34 48.75 35.86 1.0000 per_frame
1500.00 253.12 45.00 35.86 1.0000 per_frame
1500.00 248.91 41.25 35.86 1.0000 per_frame
1500.00 248.91 41.25 35.86 1.0000 per_frame
1500.00 246.80 41.25 35.86 1.0000 per_frame
1496.25 246.80 45.00 33.75 1.0000 per_frame
1500.00 244.69 41.25 35.86 1.0000 per_frame
1500.00 244.69 41.25 35.86 1.0000 per_frame
1500.00 246.80 41.25 33.75 1.0000 per_frame
1500.00 246.80 41.25 35.86 1.0000 per_frame
1500.00 248.91 41.25 35.86 1.0000 per_frame
1500.00 251.02 41.25 33.75 1.0000 per_frame
1500.00 253.12 41.25 33.75 1.0000 per_frame
1496.25 257.34 45.00 31.64 1.0000 per_frame
1500.00 259.45 41.25 33.75 1.0000 per_frame
1496.25 261.56 41.25 33.75 1.0000 per_frame
1496.25 265.78 41.25 33.75 1.0000 per_frame
1496.25 270.00 41.25 33.75 1.0000 per_frame
1496.25 274.22 41.25 31.64 1.0000 per_frame
1492.50 278.44 45.00 31.64 1.0000 per_frame
1492.50 282.66 45.00 31.64 1.0000 per_frame
1492.50 284.77 45.00 33.75 1.0000 per_frame
1492.50 288.98 41.25 33.75 1.0000 per_frame
1492.50 293.20 41.25 31.64 1.0000 per_frame
1488.75 297.42 41.25 31.64 1.0000 per_frame
1488.75 303.75 41.25 29.53 1.0000 per_frame
1485.00 310.08 45.00 29.53 1.0000 per_frame
1488.75 314.30 37.50 29.53 1.0000 per_frame
1485.00 320.62 41.25 27.42 1.0000 per_frame
1485.00 324.84 37.50 27.42 1.0000 per_frame
1485.00 331.17 37.50 23.20 1.0000 per_frame
1481.25 335.39 37.50 23.20 1.0000 per_frame
1481.25 339.61 37.50 23.20 1.0000 per_frame
1481.25 341.72 37.50 23.20 1.0000 per_frame
1481.25 345.94 37.50 23.20 1.0000 per_frame
1477.50 348.05 41.25 23.20 1.0000 per_frame
1477.50 352.27 37.50 21.09 1.0000 per_frame
1477.50 354.38 37.50 23.20 1.0000 per_frame
1473.75 356.48 37.50 23.20 1.0000 per_frame
1473.75 356.48 37.50 25.31 1.0000 per_frame
1473.75 358.59 37.50 25.31 1.0000 per_frame
1473.75 360.70 37.50 25.31 1.0000 per_frame
1473.75 360.70 37.50 25.31 1.0000 per_frame
1473.75 362.81 37.50 25.31 1.0000 per_frame
1473.75 362.81 37.50 27.42 1.0000 per_frame
1477.50 364.92 33.75 27.42 1.0000 per_frame
1477.50 367.03 33.75 27.42 1.0000 per_frame
1477.50 367.03 33.75 27.42 1.0000 per_frame
1477.50 369.14 33.75 27.42 1.0000 per_frame
1481.25 371.25 37.50 27.42 1.0000 per_frame
1485.00 371.25 33.75 29.53 1.0000 per_frame
1488.75 373.36 33.75 27.42 1.0000 per_frame
1492.50 375.47 33.75 27.42 1.0000 per_frame
1496.25 375.47 37.50 27.42 1.0000 per_frame
1503.75 377.58 33.75 25.31 1.0000 per_frame
1507.50 379.69 33.75 23.20 1.0000 per_frame
1515.00 381.80 33.75 23.20 1.0000 per_frame
1518.75 381.80 37.50 23.20 1.0000 per_frame
1522.50 381.80 37.50 23.20 1.0000 per_frame
1530.00 381.80 37.50 23.20 1.0000 per_frame
1537.50 381.80 33.75 23.20 1.0000 per_frame
1545.00 381.80 33.75 25.31 1.0000 per_frame
1548.75 381.80 33.75 25.31 1.0000 per_frame
1552.50 381.80 37.50 25.31 1.0000 per_frame
1556.25 381.80 37.50 25.31 1.0000 per_frame
1563.75 381.80 37.50 27.42 1.0000 per_frame
1567.50 381.80 33.75 27.42 1.0000 per_frame
1571.25 381.80 37.50 25.31 1.0000 per_frame
1575.00 381.80 37.50 25.31 1.0000 per_frame
1578.75 379.69 37.50 27.42 1.0000 per_frame
1582.50 379.69 37.50 27.42 1.0000 per_frame
1586.25 379.69 37.50 25.31 1.0000 per_frame
1590.00 377.58 33.75 27.42 1.0000 per_frame
1590.00 377.58 37.50 25.31 1.0000 per_frame
1593.75 377.58 37.50 25.31 1.0000 per_frame
1597.50 375.47 33.75 27.42 1.0000 per_frame
1597.50 375.47 37.50 27.42 1.0000 per_frame
1601.25 373.36 37.50 29.53 1.0000 per_frame
1601.25 373.36 37.50 27.42 1.0000 per_frame
1601.25 373.36 37.50 27.42 1.0000 per_frame
1605.00 373.36 33.75 25.31 1.0000 per_frame
1605.00 371.25 41.25 27.42 1.0000 per_frame
1608.75 371.25 37.50 27.42 1.0000 per_frame
1608.75 371.25 37.50 25.31 1.0000 per_frame
1608.75 369.14 37.50 27.42 1.0000 per_frame
1608.75 367.03 37.50 29.53 1.0000 per_frame
1612.50 367.03 37.50 27.42 1.0000 per_frame
1612.50 364.92 37.50 31.64 1.0000 per_frame
1612.50 364.92 37.50 31.64 1.0000 per_frame
1612.50 362.81 37.50 31.64 1.0000 per_frame
1612.50 360.70 37.50 33.75 1.0000 per_frame
1612.50 360.70 37.50 33.75 1.0000 per_frame
1608.75 360.70 37.50 33.75 1.0000 per_frame
1608.75 360.70 37.50 31.64 1.0000 per_frame
1605.00 360.70 37.50 33.75 1.0000 per_frame
1597.50 360.70 41.25 31.64 1.0000 per_frame
1593.75 356.48 37.50 35.86 1.0000 per_frame
1586.25 358.59 41.25 33.75 1.0000 per_frame
1582.50 358.59 33.75 33.75 1.0000 per_frame
1575.00 358.59 37.50 33.75 1.0000 per_frame
1567.50 358.59 37.50 31.64 1.0000 per_frame
1560.00 356.48 37.50 33.75 1.0000 per_frame
1552.50 356.48 37.50 31.64 1.0000 per_frame
1545.00 356.48 33.75 31.64 1.0000 per_frame
1533.75 356.48 37.50 31.64 1.0000 per_frame
1522.50 356.48 41.25 31.64 1.0000 per_frame
1515.00 356.48 37.50 29.53 1.0000 per_frame
1503.75 354.38 37.50 31.64 1.0000 per_frame
1492.50 354.38 37.50 31.64 1.0000 per_frame
1481.25 354.38 37.50 31.64 1.0000 per_frame
1470.00 354.38 37.50 31.64 1.0000 per_frame
1458.75 354.38 37.50 31.64 1.0000 per_frame
1447.50 352.27 37.50 33.75 1.0000 per_frame
1436.25 354.38 37.50 31.64 1.0000 per_frame
1425.00 354.38 33.75 31.64 1.0000 per_frame
1410.00 354.38 37.50 29.53 1.0000 per_frame
1398.75 354.38 37.50 29.53 1.0000 per_frame
1387.50 354.38 33.75 29.53 1.0000 per_frame
1372.50 354.38 33.75 29.53 1.0000 per_frame
1357.50 354.38 37.50 31.64 1.0000 per_frame
1346.25 354.38 33.75 31.64 1.0000 per_frame
1331.25 354.38 37.50 31.64 1.0000 per_frame
1316.25 354.38 37.50 31.64 1.0000 per_frame
1305.00 356.48 33.75 29.53 1.0000 per_frame
1290.00 356.48 33.75 27.42 1.0000 per_frame
1278.75 358.59 30.00 18.98 1.0000 per_frame
1263.75 360.70 22.50 14.77 1.0000 per_frame
1252.50 367.03 15.00 12.66 0.9961 per_frame
-100 -100 -100 -100 0.0000 none
-100 -100 -100 -100 0.0000 none
-100 -100 -100 -100 0.0000 none
-100 -100 -100 -100 0.0000 none
-100 -100 -100 -100 0.0000 none
-100 -100 -100 -100 0.0000 none
-100 -100 -100 -100 0.0000 none
-100 -100 -100 -100 0.0000 none
-100 -100 -100 -100 0.0000 none
-100 -100 -100 -100 0.0000 none
-100 -100 -100 -100 0.0000 none
-100 -100 -100 -100 0.0000 none
-100 -100 -100 -100 0.0000 none
-100 -100 -100 -100 0.0000 none
-100 -100 -100 -100 0.0000 none
-100 -100 -100 -100 0.0000 none
-100 -100 -100 -100 0.0000 none
-100 -100 -100 -100 0.0000 none
-100 -100 -100 -100 0.0000 none
-100 -100 -100 -100 0.0000 none
-100 -100 -100 -100 0.0000 none
-100 -100 -100 -100 0.0000 none
-100 -100 -100 -100 0.0000 none
-100 -100 -100 -100 0.0000 none
-100 -100 -100 -100 0.0000 none
-100 -100 -100 -100 0.0000 none
-100 -100 -100 -100 0.0000 none
-100 -100 -100 -100 0.0000 none
-100 -100 -100 -100 0.0000 none
-100 -100 -100 -100 0.0000 none
-100 -100 -100 -100 0.0000 none
-100 -100 -100 -100 0.0000 none
-100 -100 -100 -100 0.0000 none
-100 -100 -100 -100 0.0000 none
-100 -100 -100 -100 0.0000 none
-100 -100 -100 -100 0.0000 none
870.00 453.52 18.75 8.44 0.9922 per_frame
866.25 453.52 22.50 10.55 1.0000 per_frame
-100 -100 -100 -100 0.0000 none
-100 -100 -100 -100 0.0000 none
-100 -100 -100 -100 0.0000 none
-100 -100 -100 -100 0.0000 none
-100 -100 -100 -100 0.0000 none
-100 -100 -100 -100 0.0000 none
-100 -100 -100 -100 0.0000 none
-100 -100 -100 -100 0.0000 none
-100 -100 -100 -100 0.0000 none
-100 -100 -100 -100 0.0000 none
-100 -100 -100 -100 0.0000 none
-100 -100 -100 -100 0.0000 none
-100 -100 -100 -100 0.0000 none
-100 -100 -100 -100 0.0000 none
-100 -100 -100 -100 0.0000 none
-100 -100 -100 -100 0.0000 none
-100 -100 -100 -100 0.0000 none
840.00 461.95 30.00 12.66 1.0000 per_frame
-100 -100 -100 -100 0.0000 none
-100 -100 -100 -100 0.0000 none
-100 -100 -100 -100 0.0000 none
-100 -100 -100 -100 0.0000 none
-100 -100 -100 -100 0.0000 none
-100 -100 -100 -100 0.0000 none
843.75 470.39 11.25 8.44 1.0000 per_frame
-100 -100 -100 -100 0.0000 none
810.00 468.28 56.25 23.20 1.0000 per_frame
813.75 468.28 48.75 23.20 1.0000 per_frame
813.75 466.17 48.75 23.20 1.0000 per_frame
810.00 466.17 52.50 23.20 1.0000 per_frame
810.00 466.17 56.25 23.20 1.0000 per_frame
813.75 464.06 52.50 23.20 1.0000 per_frame
813.75 464.06 48.75 18.98 1.0000 per_frame
840.00 466.17 18.75 6.33 1.0000 per_frame
-100 -100 -100 -100 0.0000 none
836.25 461.95 30.00 10.55 1.0000 per_frame
843.75 459.84 15.00 8.44 1.0000 per_frame
-100 -100 -100 -100 0.0000 none
-100 -100 -100 -100 0.0000 none
-100 -100 -100 -100 0.0000 none
-100 -100 -100 -100 0.0000 none
-100 -100 -100 -100 0.0000 none
-100 -100 -100 -100 0.0000 none
-100 -100 -100 -100 0.0000 none
-100 -100 -100 -100 0.0000 none
-100 -100 -100 -100 0.0000 none
-100 -100 -100 -100 0.0000 none
-100 -100 -100 -100 0.0000 none
-100 -100 -100 -100 0.0000 none
-100 -100 -100 -100 0.0000 none
-100 -100 -100 -100 0.0000 none
-100 -100 -100 -100 0.0000 none
825.00 409.22 22.50 10.55 1.0000 per_frame
817.50 396.56 33.75 23.20 1.0000 per_frame
813.75 396.56 37.50 27.42 1.0000 per_frame
810.00 394.45 41.25 31.64 1.0000 per_frame
802.50 388.12 48.75 33.75 1.0000 per_frame
798.75 383.91 52.50 29.53 1.0000 per_frame
798.75 381.80 48.75 29.53 1.0000 per_frame
795.00 377.58 48.75 31.64 1.0000 per_frame
810.00 388.12 11.25 6.33 1.0000 per_frame
787.50 381.80 41.25 21.09 1.0000 per_frame
798.75 381.80 18.75 10.55 1.0000 per_frame
311.25 360.70 3.75 2.11 0.5529 per_frame
311.25 360.70 3.75 2.11 0.5647 per_frame
-100 -100 -100 -100 0.0000 none
-100 -100 -100 -100 0.0000 none
738.75 362.81 30.00 21.09 1.0000 per_frame
723.75 356.48 41.25 27.42 1.0000 per_frame
723.75 358.59 26.25 12.66 1.0000 per_frame
-100 -100 -100 -100 0.0000 none
307.50 360.70 7.50 4.22 0.9176 per_frame
-100 -100 -100 -100 0.0000 none
-100 -100 -100 -100 0.0000 none
-100 -100 -100 -100 0.0000 none
-100 -100 -100 -100 0.0000 none
-100 -100 -100 -100 0.0000 none
-100 -100 -100 -100 0.0000 none
648.75 299.53 26.25 10.55 1.0000 per_frame
645.00 295.31 33.75 12.66 1.0000 per_frame
641.25 295.31 26.25 14.77 1.0000 per_frame
637.50 293.20 26.25 14.77 1.0000 per_frame
633.75 280.55 30.00 18.98 1.0000 per_frame
626.25 270.00 37.50 27.42 1.0000 per_frame
622.50 263.67 37.50 27.42 1.0000 per_frame
618.75 257.34 41.25 27.42 1.0000 per_frame
618.75 253.12 37.50 27.42 1.0000 per_frame
618.75 248.91 33.75 27.42 1.0000 per_frame
603.75 240.47 48.75 31.64 1.0000 per_frame
600.00 238.36 48.75 31.64 1.0000 per_frame
596.25 234.14 52.50 33.75 1.0000 per_frame
600.00 234.14 41.25 31.64 1.0000 per_frame
596.25 232.03 45.00 33.75 1.0000 per_frame
596.25 229.92 41.25 33.75 1.0000 per_frame
588.75 229.92 45.00 35.86 1.0000 per_frame
603.75 240.47 26.25 25.31 1.0000 per_frame
592.50 236.25 37.50 31.64 1.0000 per_frame
592.50 238.36 37.50 31.64 1.0000 per_frame
-100 -100 -100 -100 0.0000 none
-100 -100 -100 -100 0.0000 none
-100 -100 -100 -100 0.0000 none
-100 -100 -100 -100 0.0000 none
-100 -100 -100 -100 0.0000 none
-100 -100 -100 -100 0.0000 none
-100 -100 -100 -100 0.0000 none
-100 -100 -100 -100 0.0000 none
-100 -100 -100 -100 0.0000 none
-100 -100 -100 -100 0.0000 none
-100 -100 -100 -100 0.0000 none
-100 -100 -100 -100 0.0000 none
-100 -100 -100 -100 0.0000 none
-100 -100 -100 -100 0.0000 none
-100 -100 -100 -100 0.0000 none
-100 -100 -100 -100 0.0000 none
577.50 362.81 7.50 2.11 0.8588 per_frame
-100 -100 -100 -100 0.0000 none
307.50 360.70 7.50 4.22 0.9098 per_frame
-100 -100 -100 -100 0.0000 none
581.25 362.81 11.25 4.22 0.9804 per_frame
585.00 377.58 11.25 4.22 0.9961 per_frame
566.25 360.70 30.00 25.31 1.0000 per_frame
555.00 360.70 48.75 31.64 1.0000 per_frame
558.75 364.92 45.00 27.42 1.0000 per_frame
555.00 362.81 63.75 31.64 1.0000 per_frame
551.25 362.81 52.50 33.75 1.0000 per_frame
551.25 364.92 52.50 31.64 1.0000 per_frame
551.25 364.92 52.50 31.64 1.0000 per_frame
551.25 362.81 52.50 33.75 1.0000 per_frame
551.25 364.92 48.75 31.64 1.0000 per_frame
555.00 364.92 45.00 27.42 1.0000 per_frame
558.75 360.70 37.50 29.53 1.0000 per_frame
