982.50 416.25 92.50 39.38 1.0000 per_frame
992.50 420.47 77.50 33.75 1.0000 per_frame
945.00 299.53 45.00 11.25 1.0000 per_frame
945.00 299.53 45.00 11.25 1.0000 per_frame
945.00 298.12 45.00 12.66 1.0000 per_frame
992.50 427.50 50.00 16.88 1.0000 per_frame
942.50 296.72 45.00 14.06 1.0000 per_frame
940.00 296.72 47.50 14.06 1.0000 per_frame
940.00 296.72 47.50 14.06 1.0000 per_frame
937.50 296.72 47.50 14.06 1.0000 per_frame
937.50 296.72 45.00 14.06 1.0000 per_frame
935.00 295.31 47.50 14.06 1.0000 per_frame
935.00 295.31 47.50 12.66 1.0000 per_frame
935.00 295.31 47.50 12.66 1.0000 per_frame
932.50 293.91 50.00 14.06 1.0000 per_frame
932.50 293.91 47.50 14.06 1.0000 per_frame
930.00 292.50 50.00 15.47 1.0000 per_frame
930.00 292.50 50.00 15.47 1.0000 per_frame
930.00 292.50 50.00 15.47 1.0000 per_frame
930.00 292.50 50.00 15.47 1.0000 per_frame
930.00 291.09 47.50 16.88 1.0000 per_frame
930.00 291.09 47.50 15.47 1.0000 per_frame
927.50 291.09 50.00 14.06 1.0000 per_frame
927.50 291.09 50.00 14.06 1.0000 per_frame
927.50 291.09 50.00 14.06 1.0000 per_frame
925.00 289.69 52.50 15.47 1.0000 per_frame
925.00 289.69 52.50 15.47 1.0000 per_frame
925.00 291.09 52.50 14.06 1.0000 per_frame
925.00 291.09 52.50 14.06 1.0000 per_frame
925.00 289.69 52.50 16.88 1.0000 per_frame
925.00 288.28 55.00 18.28 1.0000 per_frame
925.00 288.28 55.00 18.28 1.0000 per_frame
925.00 288.28 57.50 18.28 1.0000 per_frame
925.00 288.28 57.50 18.28 1.0000 per_frame
922.50 286.88 60.00 19.69 1.0000 per_frame
925.00 286.88 57.50 19.69 1.0000 per_frame
925.00 288.28 60.00 18.28 1.0000 per_frame
925.00 286.88 62.50 19.69 1.0000 per_frame
925.00 286.88 62.50 19.69 1.0000 per_frame
922.50 286.88 62.50 19.69 1.0000 per_frame
925.00 286.88 60.00 19.69 1.0000 per_frame
922.50 285.47 65.00 19.69 1.0000 per_frame
922.50 285.47 65.00 19.69 1.0000 per_frame
922.50 285.47 65.00 19.69 1.0000 per_frame
920.00 284.06 67.50 21.09 1.0000 per_frame
920.00 284.06 67.50 21.09 1.0000 per_frame
920.00 284.06 67.50 21.09 1.0000 per_frame
917.50 282.66 70.00 22.50 1.0000 per_frame
917.50 282.66 70.00 22.50 1.0000 per_frame
920.00 282.66 67.50 22.50 1.0000 per_frame
920.00 282.66 67.50 22.50 1.0000 per_frame
917.50 281.25 72.50 22.50 1.0000 per_frame
917.50 281.25 72.50 23.91 1.0000 per_frame
917.50 281.25 72.50 23.91 1.0000 per_frame
910.00 281.25 80.00 23.91 1.0000 per_frame
912.50 279.84 77.50 25.31 1.0000 per_frame
915.00 278.44 75.00 26.72 1.0000 per_frame
915.00 279.84 75.00 25.31 1.0000 per_frame
915.00 279.84 75.00 25.31 1.0000 per_frame
912.50 278.44 77.50 25.31 1.0000 per_frame
910.00 278.44 80.00 26.72 1.0000 per_frame
907.50 277.03 82.50 28.12 1.0000 per_frame
907.50 277.03 82.50 26.72 1.0000 per_frame
907.50 277.03 82.50 26.72 1.0000 per_frame
907.50 277.03 82.50 28.12 1.0000 per_frame
900.00 277.03 90.00 28.12 1.0000 per_frame
900.00 275.62 90.00 29.53 1.0000 per_frame
902.50 275.62 85.00 29.53 1.0000 per_frame
902.50 275.62 85.00 29.53 1.0000 per_frame
897.50 275.62 90.00 29.53 1.0000 per_frame
887.50 274.22 100.00 32.34 1.0000 per_frame
885.00 274.22 100.00 32.34 1.0000 per_frame
887.50 272.81 97.50 32.34 1.0000 per_frame
887.50 272.81 97.50 32.34 1.0000 per_frame
887.50 272.81 95.00 32.34 1.0000 per_frame
882.50 271.41 100.00 33.75 1.0000 per_frame
872.50 270.00 110.00 35.16 1.0000 per_frame
867.50 270.00 107.50 35.16 1.0000 per_frame
867.50 270.00 107.50 35.16 1.0000 per_frame
860.00 270.00 115.00 35.16 1.0000 per_frame
860.00 267.19 110.00 37.97 1.0000 per_frame
860.00 265.78 110.00 39.38 1.0000 per_frame
855.00 265.78 112.50 39.38 1.0000 per_frame
