386.25 274.22 52.50 23.20 1.0000 per_frame
390.00 276.33 52.50 23.20 1.0000 per_frame
393.75 278.44 48.75 23.20 1.0000 per_frame
393.75 280.55 52.50 21.09 1.0000 per_frame
393.75 280.55 52.50 23.20 1.0000 per_frame
397.50 282.66 48.75 23.20 1.0000 per_frame
397.50 282.66 48.75 23.20 1.0000 per_frame
397.50 284.77 56.25 23.20 1.0000 per_frame
397.50 284.77 56.25 25.31 1.0000 per_frame
401.25 284.77 52.50 25.31 1.0000 per_frame
401.25 284.77 52.50 25.31 1.0000 per_frame
401.25 284.77 52.50 27.42 1.0000 per_frame
405.00 284.77 48.75 29.53 1.0000 per_frame
408.75 286.88 41.25 29.53 1.0000 per_frame
412.50 288.98 41.25 29.53 1.0000 per_frame
416.25 291.09 37.50 29.53 1.0000 per_frame
416.25 291.09 41.25 33.75 1.0000 per_frame
423.75 291.09 37.50 33.75 1.0000 per_frame
427.50 295.31 41.25 31.64 1.0000 per_frame
435.00 299.53 41.25 27.42 1.0000 per_frame
438.75 299.53 41.25 29.53 1.0000 per_frame
442.50 299.53 45.00 31.64 1.0000 per_frame
450.00 301.64 41.25 31.64 1.0000 per_frame
457.50 305.86 45.00 29.53 1.0000 per_frame
461.25 307.97 45.00 27.42 1.0000 per_frame
472.50 310.08 45.00 27.42 1.0000 per_frame
476.25 314.30 45.00 25.31 1.0000 per_frame
487.50 316.41 41.25 25.31 1.0000 per_frame
491.25 318.52 45.00 25.31 1.0000 per_frame
502.50 322.73 41.25 21.09 1.0000 per_frame
510.00 324.84 41.25 21.09 1.0000 per_frame
517.50 326.95 45.00 21.09 1.0000 per_frame
525.00 329.06 41.25 21.09 1.0000 per_frame
532.50 329.06 41.25 23.20 1.0000 per_frame
536.25 331.17 45.00 21.09 1.0000 per_frame
543.75 331.17 45.00 25.31 1.0000 per_frame
551.25 333.28 41.25 25.31 1.0000 per_frame
555.00 335.39 45.00 23.20 1.0000 per_frame
558.75 337.50 45.00 23.20 1.0000 per_frame
562.50 337.50 45.00 25.31 1.0000 per_frame
566.25 341.72 45.00 21.09 1.0000 per_frame
573.75 341.72 41.25 23.20 1.0000 per_frame
577.50 343.83 41.25 21.09 1.0000 per_frame
577.50 345.94 45.00 21.09 1.0000 per_frame
581.25 348.05 45.00 21.09 1.0000 per_frame
585.00 348.05 45.00 21.09 1.0000 per_frame
585.00 350.16 45.00 21.09 1.0000 per_frame
588.75 350.16 45.00 21.09 1.0000 per_frame
588.75 352.27 48.75 21.09 1.0000 per_frame
592.50 354.38 45.00 18.98 1.0000 per_frame
592.50 354.38 48.75 21.09 1.0000 per_frame
596.25 354.38 45.00 23.20 1.0000 per_frame
596.25 356.48 45.00 21.09 1.0000 per_frame
600.00 356.48 45.00 21.09 1.0000 per_frame
600.00 358.59 45.00 18.98 1.0000 per_frame
600.00 358.59 45.00 21.09 1.0000 per_frame
603.75 358.59 41.25 23.20 1.0000 per_frame
603.75 360.70 41.25 21.09 1.0000 per_frame
603.75 362.81 45.00 18.98 1.0000 per_frame
603.75 362.81 45.00 21.09 1.0000 per_frame
603.75 364.92 45.00 18.98 1.0000 per_frame
607.50 364.92 41.25 18.98 1.0000 per_frame
607.50 364.92 41.25 18.98 1.0000 per_frame
607.50 364.92 45.00 21.09 1.0000 per_frame
607.50 364.92 41.25 21.09 1.0000 per_frame
607.50 364.92 41.25 21.09 1.0000 per_frame
611.25 364.92 41.25 21.09 1.0000 per_frame
611.25 364.92 45.00 21.09 1.0000 per_frame
611.25 364.92 45.00 21.09 1.0000 per_frame
611.25 364.92 45.00 21.09 1.0000 per_frame
615.00 364.92 41.25 18.98 1.0000 per_frame
615.00 362.81 45.00 21.09 1.0000 per_frame
615.00 362.81 48.75 18.98 1.0000 per_frame
618.75 360.70 45.00 21.09 1.0000 per_frame
618.75 360.70 48.75 21.09 1.0000 per_frame
622.50 358.59 45.00 21.09 1.0000 per_frame
622.50 358.59 48.75 18.98 1.0000 per_frame
626.25 356.48 45.00 21.09 1.0000 per_frame
626.25 356.48 48.75 18.98 1.0000 per_frame
626.25 354.38 48.75 18.98 1.0000 per_frame
630.00 352.27 45.00 18.98 1.0000 per_frame
633.75 350.16 45.00 18.98 1.0000 per_frame
637.50 348.05 41.25 18.98 1.0000 per_frame
637.50 348.05 45.00 16.88 1.0000 per_frame
641.25 343.83 41.25 18.98 1.0000 per_frame
641.25 341.72 45.00 18.98 1.0000 per_frame
645.00 339.61 41.25 18.98 1.0000 per_frame
641.25 337.50 48.75 18.98 1.0000 per_frame
645.00 333.28 48.75 21.09 1.0000 per_frame
648.75 329.06 45.00 23.20 1.0000 per_frame
648.75 324.84 52.50 23.20 1.0000 per_frame
648.75 322.73 48.75 23.20 1.0000 per_frame
648.75 316.41 52.50 27.42 1.0000 per_frame
648.75 316.41 52.50 25.31 1.0000 per_frame
652.50 310.08 52.50 29.53 1.0000 per_frame
652.50 310.08 52.50 29.53 1.0000 per_frame
656.25 305.86 48.75 31.64 1.0000 per_frame
652.50 305.86 56.25 29.53 1.0000 per_frame
656.25 303.75 52.50 31.64 1.0000 per_frame
656.25 303.75 52.50 29.53 1.0000 per_frame
656.25 303.75 52.50 29.53 1.0000 per_frame
660.00 301.64 52.50 31.64 1.0000 per_frame
656.25 303.75 56.25 29.53 1.0000 per_frame
656.25 303.75 56.25 29.53 1.0000 per_frame
656.25 305.86 56.25 29.53 1.0000 per_frame
660.00 307.97 52.50 27.42 1.0000 per_frame
656.25 310.08 56.25 27.42 1.0000 per_frame
660.00 312.19 56.25 27.42 1.0000 per_frame
656.25 312.19 56.25 29.53 1.0000 per_frame
656.25 316.41 56.25 27.42 1.0000 per_frame
656.25 318.52 60.00 29.53 1.0000 per_frame
660.00 322.73 52.50 29.53 1.0000 per_frame
660.00 324.84 52.50 29.53 1.0000 per_frame
660.00 326.95 52.50 31.64 1.0000 per_frame
656.25 331.17 56.25 29.53 1.0000 per_frame
656.25 333.28 56.25 29.53 1.0000 per_frame
656.25 339.61 52.50 27.42 1.0000 per_frame
656.25 341.72 56.25 27.42 1.0000 per_frame
656.25 343.83 52.50 27.42 1.0000 per_frame
656.25 348.05 52.50 25.31 1.0000 per_frame
656.25 348.05 52.50 27.42 1.0000 per_frame
656.25 350.16 52.50 27.42 1.0000 per_frame
656.25 352.27 52.50 25.31 1.0000 per_frame
652.50 354.38 56.25 25.31 1.0000 per_frame
652.50 356.48 56.25 23.20 1.0000 per_frame
652.50 356.48 56.25 25.31 1.0000 per_frame
652.50 356.48 52.50 25.31 1.0000 per_frame
652.50 358.59 52.50 25.31 1.0000 per_frame
652.50 358.59 48.75 25.31 1.0000 per_frame
648.75 360.70 52.50 23.20 1.0000 per_frame
648.75 360.70 52.50 25.31 1.0000 per_frame
648.75 360.70 52.50 25.31 1.0000 per_frame
648.75 360.70 48.75 25.31 1.0000 per_frame
645.00 360.70 52.50 25.31 1.0000 per_frame
645.00 360.70 52.50 25.31 1.0000 per_frame
645.00 360.70 52.50 25.31 1.0000 per_frame
641.25 362.81 52.50 23.20 1.0000 per_frame
641.25 362.81 52.50 25.31 1.0000 per_frame
641.25 362.81 52.50 25.31 1.0000 per_frame
641.25 362.81 52.50 27.42 1.0000 per_frame
641.25 362.81 52.50 27.42 1.0000 per_frame
641.25 362.81 52.50 27.42 1.0000 per_frame
641.25 362.81 52.50 29.53 1.0000 per_frame
645.00 362.81 48.75 29.53 1.0000 per_frame
645.00 364.92 48.75 29.53 1.0000 per_frame
645.00 367.03 48.75 25.31 1.0000 per_frame
648.75 369.14 45.00 25.31 1.0000 per_frame
648.75 369.14 48.75 27.42 1.0000 per_frame
648.75 369.14 48.75 27.42 1.0000 per_frame
648.75 371.25 48.75 25.31 1.0000 per_frame
648.75 373.36 52.50 25.31 1.0000 per_frame
652.50 375.47 48.75 25.31 1.0000 per_frame
652.50 377.58 48.75 23.20 1.0000 per_frame
656.25 379.69 45.00 23.20 1.0000 per_frame
656.25 379.69 48.75 23.20 1.0000 per_frame
656.25 381.80 52.50 23.20 1.0000 per_frame
660.00 383.91 48.75 23.20 1.0000 per_frame
660.00 383.91 48.75 23.20 1.0000 per_frame
663.75 386.02 45.00 23.20 1.0000 per_frame
663.75 388.12 48.75 21.09 1.0000 per_frame
663.75 388.12 48.75 23.20 1.0000 per_frame
663.75 390.23 48.75 21.09 1.0000 per_frame
667.50 392.34 45.00 21.09 1.0000 per_frame
667.50 392.34 45.00 23.20 1.0000 per_frame
667.50 392.34 45.00 23.20 1.0000 per_frame
667.50 394.45 48.75 23.20 1.0000 per_frame
667.50 394.45 48.75 23.20 1.0000 per_frame
671.25 396.56 45.00 21.09 1.0000 per_frame
671.25 396.56 45.00 23.20 1.0000 per_frame
667.50 396.56 48.75 23.20 1.0000 per_frame
671.25 398.67 45.00 23.20 1.0000 per_frame
671.25 398.67 45.00 23.20 1.0000 per_frame
671.25 400.78 45.00 21.09 1.0000 per_frame
671.25 400.78 45.00 23.20 1.0000 per_frame
671.25 400.78 45.00 23.20 1.0000 per_frame
671.25 402.89 45.00 21.09 1.0000 per_frame
671.25 402.89 48.75 23.20 1.0000 per_frame
671.25 405.00 48.75 21.09 1.0000 per_frame
675.00 405.00 45.00 21.09 1.0000 per_frame
671.25 407.11 52.50 21.09 1.0000 per_frame
671.25 407.11 52.50 23.20 1.0000 per_frame
675.00 409.22 45.00 21.09 1.0000 per_frame
671.25 411.33 52.50 23.20 1.0000 per_frame
671.25 413.44 52.50 23.20 1.0000 per_frame
671.25 417.66 48.75 21.09 1.0000 per_frame
671.25 419.77 52.50 21.09 1.0000 per_frame
671.25 421.88 52.50 21.09 1.0000 per_frame
671.25 423.98 52.50 21.09 1.0000 per_frame
675.00 426.09 48.75 21.09 1.0000 per_frame
675.00 428.20 48.75 21.09 1.0000 per_frame
671.25 430.31 52.50 21.09 1.0000 per_frame
671.25 432.42 52.50 18.98 1.0000 per_frame
675.00 434.53 45.00 18.98 1.0000 per_frame
678.75 434.53 37.50 21.09 1.0000 per_frame
675.00 436.64 48.75 18.98 1.0000 per_frame
675.00 436.64 45.00 18.98 1.0000 per_frame
675.00 436.64 48.75 21.09 1.0000 per_frame
675.00 436.64 48.75 21.09 1.0000 per_frame
675.00 436.64 48.75 21.09 1.0000 per_frame
675.00 436.64 48.75 21.09 1.0000 per_frame
675.00 436.64 48.75 21.09 1.0000 per_frame
675.00 434.53 52.50 23.20 1.0000 per_frame
678.75 434.53 48.75 23.20 1.0000 per_frame
678.75 434.53 48.75 21.09 1.0000 per_frame
678.75 434.53 48.75 21.09 1.0000 per_frame
678.75 432.42 48.75 23.20 1.0000 per_frame
678.75 432.42 48.75 21.09 1.0000 per_frame
682.50 430.31 48.75 23.20 1.0000 per_frame
682.50 430.31 48.75 21.09 1.0000 per_frame
682.50 428.20 52.50 21.09 1.0000 per_frame
682.50 426.09 52.50 21.09 1.0000 per_frame
686.25 423.98 48.75 21.09 1.0000 per_frame
693.75 423.98 37.50 21.09 1.0000 per_frame
690.00 421.88 45.00 21.09 1.0000 per_frame
690.00 419.77 48.75 21.09 1.0000 per_frame
690.00 417.66 48.75 21.09 1.0000 per_frame
693.75 413.44 45.00 23.20 1.0000 per_frame
693.75 409.22 45.00 25.31 1.0000 per_frame
697.50 407.11 37.50 23.20 1.0000 per_frame
753.75 326.95 33.75 21.09 1.0000 per_frame
697.50 402.89 45.00 25.31 1.0000 per_frame
757.50 326.95 30.00 21.09 1.0000 per_frame
761.25 326.95 26.25 21.09 1.0000 per_frame
757.50 326.95 30.00 21.09 1.0000 per_frame
701.25 394.45 41.25 27.42 1.0000 per_frame
701.25 394.45 41.25 23.20 1.0000 per_frame
705.00 392.34 37.50 25.31 1.0000 per_frame
701.25 390.23 41.25 25.31 1.0000 per_frame
746.25 326.95 41.25 27.42 1.0000 per_frame
746.25 326.95 41.25 29.53 1.0000 per_frame
746.25 326.95 41.25 29.53 1.0000 per_frame
746.25 326.95 41.25 23.20 1.0000 per_frame
742.50 326.95 45.00 31.64 1.0000 per_frame
746.25 326.95 41.25 23.20 1.0000 per_frame
746.25 326.95 41.25 25.31 1.0000 per_frame
746.25 326.95 41.25 25.31 1.0000 per_frame
746.25 326.95 41.25 23.20 1.0000 per_frame
746.25 326.95 41.25 21.09 1.0000 per_frame
746.25 326.95 41.25 21.09 1.0000 per_frame
746.25 326.95 41.25 21.09 1.0000 per_frame
746.25 326.95 41.25 29.53 1.0000 per_frame
742.50 326.95 45.00 31.64 1.0000 per_frame
742.50 326.95 45.00 31.64 1.0000 per_frame
742.50 326.95 45.00 27.42 1.0000 per_frame
742.50 326.95 45.00 23.20 1.0000 per_frame
742.50 326.95 45.00 27.42 1.0000 per_frame
742.50 326.95 45.00 23.20 1.0000 per_frame
708.75 326.95 78.75 54.84 1.0000 per_frame
708.75 326.95 78.75 50.62 1.0000 per_frame
708.75 326.95 78.75 50.62 1.0000 per_frame
708.75 326.95 78.75 44.30 1.0000 per_frame
708.75 326.95 78.75 42.19 1.0000 per_frame
708.75 326.95 78.75 40.08 1.0000 per_frame
708.75 326.95 78.75 42.19 1.0000 per_frame
708.75 326.95 78.75 40.08 1.0000 per_frame
708.75 326.95 78.75 37.97 1.0000 per_frame
705.00 326.95 82.50 40.08 1.0000 per_frame
705.00 324.84 86.25 40.08 1.0000 per_frame
701.25 324.84 90.00 40.08 1.0000 per_frame
705.00 324.84 86.25 40.08 1.0000 per_frame
705.00 324.84 86.25 40.08 1.0000 per_frame
705.00 324.84 86.25 37.97 1.0000 per_frame
701.25 324.84 90.00 37.97 1.0000 per_frame
701.25 324.84 90.00 37.97 1.0000 per_frame
701.25 324.84 90.00 37.97 1.0000 per_frame
701.25 324.84 90.00 37.97 1.0000 per_frame
701.25 324.84 90.00 37.97 1.0000 per_frame
701.25 324.84 90.00 37.97 1.0000 per_frame
701.25 324.84 90.00 37.97 1.0000 per_frame
701.25 324.84 90.00 37.97 1.0000 per_frame
701.25 324.84 90.00 35.86 1.0000 per_frame
701.25 324.84 90.00 35.86 1.0000 per_frame
697.50 324.84 90.00 35.86 1.0000 per_frame
697.50 324.84 90.00 37.97 1.0000 per_frame
697.50 324.84 90.00 33.75 1.0000 per_frame
697.50 324.84 93.75 35.86 1.0000 per_frame
697.50 324.84 90.00 37.97 1.0000 per_frame
697.50 324.84 93.75 40.08 1.0000 per_frame
697.50 324.84 93.75 37.97 1.0000 per_frame
697.50 324.84 93.75 40.08 1.0000 per_frame
697.50 324.84 93.75 40.08 1.0000 per_frame
697.50 324.84 93.75 40.08 1.0000 per_frame
697.50 324.84 93.75 40.08 1.0000 per_frame
697.50 324.84 90.00 37.97 1.0000 per_frame
697.50 324.84 90.00 37.97 1.0000 per_frame
697.50 326.95 90.00 35.86 1.0000 per_frame
697.50 324.84 90.00 37.97 1.0000 per_frame
697.50 324.84 90.00 37.97 1.0000 per_frame
701.25 324.84 86.25 40.08 1.0000 per_frame
697.50 326.95 90.00 37.97 1.0000 per_frame
697.50 326.95 90.00 37.97 1.0000 per_frame
701.25 326.95 86.25 37.97 1.0000 per_frame
701.25 324.84 86.25 42.19 1.0000 per_frame
708.75 326.95 78.75 37.97 1.0000 per_frame
708.75 326.95 78.75 37.97 1.0000 per_frame
712.50 326.95 75.00 40.08 1.0000 per_frame
712.50 326.95 75.00 37.97 1.0000 per_frame
712.50 326.95 75.00 37.97 1.0000 per_frame
712.50 326.95 75.00 37.97 1.0000 per_frame
716.25 326.95 71.25 37.97 1.0000 per_frame
716.25 326.95 71.25 37.97 1.0000 per_frame
716.25 326.95 71.25 37.97 1.0000 per_frame
720.00 326.95 67.50 37.97 1.0000 per_frame
720.00 326.95 67.50 37.97 1.0000 per_frame
723.75 324.84 63.75 40.08 1.0000 per_frame
723.75 326.95 63.75 37.97 1.0000 per_frame
723.75 326.95 63.75 37.97 1.0000 per_frame
723.75 324.84 63.75 40.08 1.0000 per_frame
723.75 326.95 63.75 37.97 1.0000 per_frame
727.50 324.84 60.00 40.08 1.0000 per_frame
727.50 324.84 60.00 40.08 1.0000 per_frame
727.50 324.84 60.00 40.08 1.0000 per_frame
727.50 324.84 60.00 37.97 1.0000 per_frame
731.25 324.84 56.25 37.97 1.0000 per_frame
731.25 324.84 56.25 40.08 1.0000 per_frame
727.50 326.95 60.00 37.97 1.0000 per_frame
727.50 326.95 60.00 37.97 1.0000 per_frame
731.25 326.95 56.25 35.86 1.0000 per_frame
727.50 326.95 60.00 37.97 1.0000 per_frame
727.50 326.95 60.00 37.97 1.0000 per_frame
727.50 326.95 60.00 37.97 1.0000 per_frame
731.25 326.95 56.25 37.97 1.0000 per_frame
731.25 326.95 56.25 37.97 1.0000 per_frame
731.25 326.95 56.25 35.86 1.0000 per_frame
731.25 326.95 56.25 35.86 1.0000 per_frame
731.25 326.95 56.25 37.97 1.0000 per_frame
731.25 326.95 56.25 37.97 1.0000 per_frame
731.25 326.95 56.25 37.97 1.0000 per_frame
731.25 326.95 56.25 37.97 1.0000 per_frame
731.25 326.95 56.25 37.97 1.0000 per_frame
735.00 326.95 52.50 37.97 1.0000 per_frame
735.00 326.95 52.50 37.97 1.0000 per_frame
735.00 326.95 52.50 35.86 1.0000 per_frame
735.00 326.95 52.50 35.86 1.0000 per_frame
735.00 326.95 52.50 35.86 1.0000 per_frame
738.75 326.95 48.75 35.86 1.0000 per_frame
735.00 326.95 52.50 37.97 1.0000 per_frame
738.75 326.95 48.75 35.86 1.0000 per_frame
738.75 326.95 48.75 35.86 1.0000 per_frame
742.50 326.95 45.00 35.86 1.0000 per_frame
738.75 326.95 48.75 35.86 1.0000 per_frame
738.75 326.95 48.75 35.86 1.0000 per_frame
738.75 326.95 48.75 35.86 1.0000 per_frame
742.50 326.95 45.00 35.86 1.0000 per_frame
742.50 326.95 45.00 35.86 1.0000 per_frame
738.75 326.95 48.75 35.86 1.0000 per_frame
738.75 326.95 48.75 35.86 1.0000 per_frame
738.75 326.95 48.75 35.86 1.0000 per_frame
738.75 326.95 48.75 35.86 1.0000 per_frame
742.50 326.95 45.00 33.75 1.0000 per_frame
742.50 326.95 45.00 33.75 1.0000 per_frame
742.50 326.95 45.00 33.75 1.0000 per_frame
742.50 326.95 45.00 33.75 1.0000 per_frame
742.50 326.95 45.00 31.64 1.0000 per_frame
746.25 326.95 41.25 31.64 1.0000 per_frame
750.00 326.95 37.50 21.09 1.0000 per_frame
753.75 326.95 33.75 18.98 1.0000 per_frame
753.75 326.95 33.75 21.09 1.0000 per_frame
761.25 326.95 26.25 18.98 1.0000 per_frame
723.75 326.95 63.75 37.97 1.0000 per_frame
750.00 326.95 37.50 21.09 1.0000 per_frame
727.50 326.95 60.00 33.75 1.0000 per_frame
750.00 326.95 37.50 21.09 1.0000 per_frame
757.50 326.95 30.00 18.98 1.0000 per_frame
746.25 326.95 41.25 33.75 1.0000 per_frame
746.25 326.95 41.25 33.75 1.0000 per_frame
753.75 326.95 33.75 31.64 1.0000 per_frame
731.25 326.95 56.25 35.86 1.0000 per_frame
727.50 324.84 60.00 37.97 1.0000 per_frame
731.25 326.95 56.25 40.08 1.0000 per_frame
731.25 324.84 60.00 42.19 1.0000 per_frame
735.00 324.84 56.25 42.19 1.0000 per_frame
735.00 324.84 56.25 40.08 1.0000 per_frame
750.00 326.95 37.50 31.64 1.0000 per_frame
761.25 339.61 26.25 16.88 1.0000 per_frame
746.25 329.06 41.25 25.31 1.0000 per_frame
738.75 324.84 52.50 37.97 1.0000 per_frame
742.50 326.95 52.50 35.86 1.0000 per_frame
742.50 324.84 52.50 37.97 1.0000 per_frame
742.50 322.73 56.25 40.08 1.0000 per_frame
742.50 318.52 60.00 40.08 1.0000 per_frame
742.50 312.19 67.50 40.08 1.0000 per_frame
742.50 307.97 67.50 48.52 1.0000 per_frame
742.50 301.64 75.00 54.84 1.0000 per_frame
742.50 297.42 78.75 61.17 1.0000 per_frame
742.50 297.42 78.75 61.17 1.0000 per_frame
783.75 293.20 41.25 29.53 1.0000 per_frame
780.00 291.09 48.75 29.53 1.0000 per_frame
780.00 291.09 48.75 29.53 1.0000 per_frame
783.75 291.09 48.75 27.42 1.0000 per_frame
783.75 291.09 52.50 29.53 1.0000 per_frame
746.25 291.09 90.00 56.95 1.0000 per_frame
742.50 291.09 97.50 69.61 1.0000 per_frame
742.50 295.31 101.25 63.28 1.0000 per_frame
742.50 299.53 101.25 61.17 1.0000 per_frame
742.50 301.64 105.00 59.06 1.0000 per_frame
742.50 305.86 105.00 52.73 1.0000 per_frame
813.75 307.97 33.75 27.42 1.0000 per_frame
813.75 312.19 37.50 27.42 1.0000 per_frame
813.75 314.30 48.75 29.53 1.0000 per_frame
742.50 326.95 45.00 33.75 1.0000 per_frame
738.75 326.95 48.75 33.75 1.0000 per_frame
738.75 326.95 48.75 35.86 1.0000 per_frame
772.50 326.95 15.00 16.88 1.0000 per_frame
765.00 326.95 22.50 21.09 1.0000 per_frame
742.50 326.95 45.00 31.64 1.0000 per_frame
742.50 326.95 45.00 31.64 1.0000 per_frame
742.50 326.95 45.00 31.64 1.0000 per_frame
746.25 326.95 41.25 31.64 1.0000 per_frame
742.50 326.95 45.00 33.75 1.0000 per_frame
750.00 324.84 41.25 33.75 1.0000 per_frame
746.25 326.95 41.25 33.75 1.0000 per_frame
738.75 324.84 48.75 35.86 1.0000 per_frame
738.75 324.84 48.75 35.86 1.0000 per_frame
738.75 324.84 48.75 35.86 1.0000 per_frame
738.75 324.84 48.75 35.86 1.0000 per_frame
738.75 324.84 48.75 35.86 1.0000 per_frame
738.75 324.84 48.75 35.86 1.0000 per_frame
738.75 324.84 48.75 35.86 1.0000 per_frame
738.75 324.84 48.75 35.86 1.0000 per_frame
738.75 324.84 48.75 35.86 1.0000 per_frame
738.75 324.84 48.75 35.86 1.0000 per_frame
738.75 324.84 48.75 35.86 1.0000 per_frame
738.75 324.84 48.75 35.86 1.0000 per_frame
738.75 324.84 48.75 37.97 1.0000 per_frame
738.75 324.84 48.75 37.97 1.0000 per_frame
738.75 324.84 48.75 35.86 1.0000 per_frame
738.75 324.84 48.75 35.86 1.0000 per_frame
738.75 324.84 48.75 35.86 1.0000 per_frame
738.75 324.84 48.75 35.86 1.0000 per_frame
738.75 324.84 48.75 35.86 1.0000 per_frame
738.75 324.84 48.75 35.86 1.0000 per_frame
738.75 324.84 48.75 35.86 1.0000 per_frame
738.75 324.84 48.75 35.86 1.0000 per_frame
738.75 324.84 48.75 35.86 1.0000 per_frame
738.75 324.84 48.75 35.86 1.0000 per_frame
738.75 324.84 48.75 35.86 1.0000 per_frame
738.75 324.84 48.75 35.86 1.0000 per_frame
738.75 324.84 48.75 35.86 1.0000 per_frame
738.75 324.84 48.75 35.86 1.0000 per_frame
738.75 324.84 48.75 35.86 1.0000 per_frame
738.75 324.84 48.75 35.86 1.0000 per_frame
738.75 326.95 48.75 35.86 1.0000 per_frame
738.75 326.95 48.75 35.86 1.0000 per_frame
738.75 326.95 48.75 35.86 1.0000 per_frame
738.75 326.95 48.75 35.86 1.0000 per_frame
738.75 326.95 48.75 35.86 1.0000 per_frame
738.75 326.95 48.75 35.86 1.0000 per_frame
738.75 326.95 48.75 35.86 1.0000 per_frame
738.75 326.95 48.75 35.86 1.0000 per_frame
742.50 326.95 45.00 33.75 1.0000 per_frame
738.75 326.95 48.75 35.86 1.0000 per_frame
742.50 326.95 45.00 35.86 1.0000 per_frame
738.75 326.95 48.75 35.86 1.0000 per_frame
742.50 326.95 45.00 35.86 1.0000 per_frame
742.50 326.95 45.00 35.86 1.0000 per_frame
738.75 326.95 48.75 35.86 1.0000 per_frame
738.75 324.84 48.75 37.97 1.0000 per_frame
738.75 324.84 48.75 37.97 1.0000 per_frame
738.75 324.84 48.75 37.97 1.0000 per_frame
738.75 324.84 48.75 37.97 1.0000 per_frame
738.75 324.84 48.75 37.97 1.0000 per_frame
738.75 324.84 48.75 37.97 1.0000 per_frame
738.75 324.84 48.75 37.97 1.0000 per_frame
738.75 324.84 48.75 37.97 1.0000 per_frame
742.50 326.95 45.00 33.75 1.0000 per_frame
742.50 326.95 45.00 33.75 1.0000 per_frame
742.50 326.95 45.00 33.75 1.0000 per_frame
742.50 326.95 45.00 33.75 1.0000 per_frame
742.50 326.95 45.00 33.75 1.0000 per_frame
877.50 413.44 45.00 25.31 1.0000 per_frame
742.50 326.95 45.00 33.75 1.0000 per_frame
746.25 326.95 41.25 33.75 1.0000 per_frame
881.25 417.66 48.75 27.42 1.0000 per_frame
881.25 419.77 52.50 27.42 1.0000 per_frame
746.25 326.95 41.25 33.75 1.0000 per_frame
900.00 421.88 48.75 29.53 1.0000 per_frame
742.50 326.95 45.00 33.75 1.0000 per_frame
742.50 326.95 45.00 33.75 1.0000 per_frame
742.50 324.84 45.00 35.86 1.0000 per_frame
742.50 324.84 45.00 37.97 1.0000 per_frame
742.50 324.84 45.00 37.97 1.0000 per_frame
742.50 324.84 45.00 35.86 1.0000 per_frame
742.50 324.84 45.00 35.86 1.0000 per_frame
746.25 326.95 41.25 33.75 1.0000 per_frame
746.25 326.95 41.25 33.75 1.0000 per_frame
746.25 326.95 41.25 33.75 1.0000 per_frame
742.50 326.95 45.00 33.75 1.0000 per_frame
746.25 326.95 41.25 33.75 1.0000 per_frame
746.25 326.95 41.25 33.75 1.0000 per_frame
746.25 326.95 41.25 33.75 1.0000 per_frame
742.50 326.95 45.00 33.75 1.0000 per_frame
742.50 326.95 45.00 33.75 1.0000 per_frame
746.25 326.95 41.25 33.75 1.0000 per_frame
750.00 326.95 37.50 23.20 1.0000 per_frame
742.50 326.95 45.00 33.75 1.0000 per_frame
742.50 326.95 45.00 33.75 1.0000 per_frame
746.25 326.95 41.25 33.75 1.0000 per_frame
746.25 326.95 41.25 33.75 1.0000 per_frame
742.50 326.95 45.00 33.75 1.0000 per_frame
742.50 326.95 45.00 33.75 1.0000 per_frame
746.25 326.95 41.25 33.75 1.0000 per_frame
742.50 326.95 45.00 33.75 1.0000 per_frame
742.50 326.95 45.00 33.75 1.0000 per_frame
742.50 326.95 45.00 33.75 1.0000 per_frame
742.50 326.95 45.00 33.75 1.0000 per_frame
746.25 326.95 41.25 33.75 1.0000 per_frame
746.25 326.95 41.25 33.75 1.0000 per_frame
742.50 326.95 45.00 33.75 1.0000 per_frame
742.50 326.95 45.00 33.75 1.0000 per_frame
742.50 326.95 45.00 33.75 1.0000 per_frame
742.50 326.95 45.00 33.75 1.0000 per_frame
742.50 326.95 45.00 33.75 1.0000 per_frame
742.50 326.95 45.00 33.75 1.0000 per_frame
742.50 326.95 45.00 33.75 1.0000 per_frame
742.50 326.95 45.00 33.75 1.0000 per_frame
742.50 326.95 45.00 35.86 1.0000 per_frame
1023.75 447.19 37.50 23.20 1.0000 per_frame
1020.00 445.08 45.00 25.31 1.0000 per_frame
757.50 326.95 30.00 21.09 1.0000 per_frame
1027.50 447.19 37.50 23.20 1.0000 per_frame
1023.75 445.08 45.00 27.42 1.0000 per_frame
1027.50 447.19 41.25 23.20 1.0000 per_frame
1020.00 445.08 48.75 27.42 1.0000 per_frame
1020.00 445.08 48.75 27.42 1.0000 per_frame
1027.50 447.19 41.25 25.31 1.0000 per_frame
1027.50 445.08 41.25 27.42 1.0000 per_frame
1031.25 449.30 37.50 23.20 1.0000 per_frame
1031.25 449.30 33.75 23.20 1.0000 per_frame
1027.50 445.08 41.25 29.53 1.0000 per_frame
1027.50 445.08 41.25 27.42 1.0000 per_frame
1027.50 447.19 41.25 27.42 1.0000 per_frame
746.25 326.95 41.25 33.75 1.0000 per_frame
746.25 326.95 41.25 33.75 1.0000 per_frame
746.25 326.95 41.25 33.75 1.0000 per_frame
1027.50 447.19 41.25 27.42 1.0000 per_frame
750.00 326.95 37.50 33.75 1.0000 per_frame
1027.50 449.30 41.25 25.31 1.0000 per_frame
746.25 326.95 41.25 33.75 1.0000 per_frame
746.25 326.95 41.25 33.75 1.0000 per_frame
746.25 326.95 41.25 33.75 1.0000 per_frame
746.25 326.95 41.25 33.75 1.0000 per_frame
742.50 326.95 45.00 35.86 1.0000 per_frame
742.50 324.84 45.00 37.97 1.0000 per_frame
746.25 326.95 41.25 35.86 1.0000 per_frame
746.25 326.95 41.25 35.86 1.0000 per_frame
742.50 326.95 45.00 35.86 1.0000 per_frame
1027.50 451.41 37.50 23.20 1.0000 per_frame
1023.75 451.41 45.00 23.20 1.0000 per_frame
1020.00 451.41 45.00 25.31 1.0000 per_frame
1020.00 451.41 48.75 25.31 1.0000 per_frame
1016.25 451.41 52.50 25.31 1.0000 per_frame
1016.25 451.41 52.50 25.31 1.0000 per_frame
1012.50 451.41 56.25 25.31 1.0000 per_frame
1016.25 451.41 52.50 25.31 1.0000 per_frame
1020.00 451.41 45.00 25.31 1.0000 per_frame
1023.75 451.41 41.25 25.31 1.0000 per_frame
1020.00 451.41 45.00 25.31 1.0000 per_frame
1020.00 451.41 45.00 25.31 1.0000 per_frame
1023.75 453.52 41.25 23.20 1.0000 per_frame
750.00 326.95 37.50 33.75 1.0000 per_frame
746.25 326.95 41.25 33.75 1.0000 per_frame
750.00 326.95 37.50 33.75 1.0000 per_frame
750.00 326.95 37.50 33.75 1.0000 per_frame
750.00 326.95 37.50 33.75 1.0000 per_frame
750.00 326.95 37.50 33.75 1.0000 per_frame
1012.50 453.52 45.00 25.31 1.0000 per_frame
750.00 326.95 37.50 33.75 1.0000 per_frame
1008.75 453.52 48.75 25.31 1.0000 per_frame
1012.50 453.52 48.75 25.31 1.0000 per_frame
1008.75 453.52 48.75 25.31 1.0000 per_frame
1016.25 453.52 41.25 25.31 1.0000 per_frame
753.75 326.95 33.75 33.75 1.0000 per_frame
1008.75 453.52 48.75 23.20 1.0000 per_frame
750.00 326.95 37.50 33.75 1.0000 per_frame
750.00 326.95 37.50 33.75 1.0000 per_frame
1008.75 453.52 41.25 23.20 1.0000 per_frame
742.50 326.95 45.00 35.86 1.0000 per_frame
742.50 326.95 45.00 35.86 1.0000 per_frame
742.50 326.95 45.00 35.86 1.0000 per_frame
742.50 326.95 45.00 35.86 1.0000 per_frame
742.50 326.95 45.00 35.86 1.0000 per_frame
742.50 326.95 45.00 35.86 1.0000 per_frame
742.50 326.95 45.00 35.86 1.0000 per_frame
742.50 326.95 45.00 35.86 1.0000 per_frame
742.50 326.95 45.00 35.86 1.0000 per_frame
746.25 326.95 41.25 33.75 1.0000 per_frame
742.50 326.95 45.00 35.86 1.0000 per_frame
742.50 326.95 45.00 35.86 1.0000 per_frame
742.50 326.95 45.00 35.86 1.0000 per_frame
742.50 326.95 45.00 35.86 1.0000 per_frame
746.25 326.95 41.25 33.75 1.0000 per_frame
956.25 447.19 52.50 29.53 1.0000 per_frame
956.25 449.30 45.00 25.31 1.0000 per_frame
956.25 447.19 37.50 25.31 1.0000 per_frame
941.25 442.97 52.50 29.53 1.0000 per_frame
941.25 447.19 41.25 23.20 1.0000 per_frame
933.75 445.08 48.75 27.42 1.0000 per_frame
945.00 445.08 33.75 25.31 1.0000 per_frame
930.00 442.97 45.00 27.42 1.0000 per_frame
933.75 449.30 33.75 21.09 1.0000 per_frame
926.25 442.97 41.25 25.31 1.0000 per_frame
911.25 442.97 48.75 25.31 1.0000 per_frame
922.50 442.97 30.00 25.31 1.0000 per_frame
911.25 442.97 41.25 23.20 1.0000 per_frame
892.50 438.75 56.25 27.42 1.0000 per_frame
888.75 436.64 60.00 27.42 1.0000 per_frame
900.00 438.75 33.75 23.20 1.0000 per_frame
761.25 326.95 26.25 16.88 1.0000 per_frame
765.00 326.95 22.50 16.88 1.0000 per_frame
765.00 326.95 22.50 16.88 1.0000 per_frame
761.25 326.95 26.25 18.98 1.0000 per_frame
761.25 326.95 30.00 18.98 1.0000 per_frame
761.25 326.95 26.25 18.98 1.0000 per_frame
765.00 326.95 22.50 16.88 1.0000 per_frame
753.75 324.84 37.50 21.09 1.0000 per_frame
753.75 324.84 37.50 21.09 1.0000 per_frame
761.25 326.95 26.25 18.98 1.0000 per_frame
761.25 326.95 26.25 18.98 1.0000 per_frame
765.00 326.95 22.50 16.88 1.0000 per_frame
821.25 432.42 30.00 23.20 1.0000 per_frame
765.00 326.95 22.50 16.88 1.0000 per_frame
742.50 326.95 45.00 35.86 1.0000 per_frame
742.50 326.95 45.00 35.86 1.0000 per_frame
746.25 326.95 41.25 35.86 1.0000 per_frame
772.50 428.20 52.50 27.42 1.0000 per_frame
768.75 426.09 48.75 27.42 1.0000 per_frame
768.75 423.98 48.75 25.31 1.0000 per_frame
746.25 326.95 41.25 35.86 1.0000 per_frame
746.25 326.95 41.25 35.86 1.0000 per_frame
742.50 326.95 45.00 35.86 1.0000 per_frame
742.50 326.95 45.00 35.86 1.0000 per_frame
742.50 326.95 45.00 35.86 1.0000 per_frame
746.25 326.95 41.25 35.86 1.0000 per_frame
708.75 419.77 45.00 27.42 1.0000 per_frame
750.00 326.95 37.50 33.75 1.0000 per_frame
693.75 419.77 52.50 29.53 1.0000 per_frame
686.25 417.66 52.50 31.64 1.0000 per_frame
678.75 417.66 60.00 29.53 1.0000 per_frame
671.25 415.55 63.75 31.64 1.0000 per_frame
663.75 415.55 67.50 31.64 1.0000 per_frame
656.25 415.55 71.25 31.64 1.0000 per_frame
648.75 415.55 71.25 29.53 1.0000 per_frame
641.25 415.55 71.25 29.53 1.0000 per_frame
633.75 413.44 71.25 31.64 1.0000 per_frame
626.25 413.44 71.25 29.53 1.0000 per_frame
618.75 413.44 71.25 29.53 1.0000 per_frame
611.25 411.33 71.25 31.64 1.0000 per_frame
607.50 411.33 71.25 31.64 1.0000 per_frame
600.00 411.33 71.25 29.53 1.0000 per_frame
592.50 409.22 71.25 31.64 1.0000 per_frame
585.00 409.22 67.50 31.64 1.0000 per_frame
577.50 409.22 71.25 29.53 1.0000 per_frame
570.00 407.11 71.25 31.64 1.0000 per_frame
562.50 407.11 67.50 31.64 1.0000 per_frame
555.00 405.00 71.25 31.64 1.0000 per_frame
547.50 405.00 71.25 31.64 1.0000 per_frame
540.00 405.00 71.25 31.64 1.0000 per_frame
532.50 402.89 71.25 31.64 1.0000 per_frame
525.00 402.89 71.25 31.64 1.0000 per_frame
517.50 402.89 71.25 31.64 1.0000 per_frame
510.00 402.89 71.25 31.64 1.0000 per_frame
502.50 402.89 71.25 29.53 1.0000 per_frame
495.00 400.78 71.25 31.64 1.0000 per_frame
487.50 398.67 71.25 33.75 1.0000 per_frame
476.25 398.67 75.00 31.64 1.0000 per_frame
468.75 396.56 75.00 33.75 1.0000 per_frame
461.25 396.56 75.00 33.75 1.0000 per_frame
450.00 396.56 78.75 31.64 1.0000 per_frame
446.25 394.45 75.00 33.75 1.0000 per_frame
438.75 394.45 75.00 31.64 1.0000 per_frame
431.25 392.34 75.00 33.75 1.0000 per_frame
423.75 392.34 75.00 31.64 1.0000 per_frame
416.25 390.23 78.75 33.75 1.0000 per_frame
408.75 388.12 75.00 35.86 1.0000 per_frame
401.25 388.12 75.00 35.86 1.0000 per_frame
390.00 388.12 78.75 33.75 1.0000 per_frame
382.50 386.02 82.50 33.75 1.0000 per_frame
375.00 386.02 82.50 33.75 1.0000 per_frame
367.50 383.91 78.75 35.86 1.0000 per_frame
360.00 383.91 78.75 33.75 1.0000 per_frame
352.50 381.80 78.75 35.86 1.0000 per_frame
345.00 379.69 82.50 35.86 1.0000 per_frame
337.50 379.69 78.75 35.86 1.0000 per_frame
330.00 379.69 78.75 33.75 1.0000 per_frame
322.50 377.58 78.75 35.86 1.0000 per_frame
315.00 375.47 78.75 35.86 1.0000 per_frame
303.75 375.47 78.75 33.75 1.0000 per_frame
296.25 373.36 78.75 35.86 1.0000 per_frame
288.75 373.36 78.75 33.75 1.0000 per_frame
281.25 369.14 78.75 37.97 1.0000 per_frame
273.75 369.14 78.75 35.86 1.0000 per_frame
266.25 367.03 78.75 35.86 1.0000 per_frame
258.75 364.92 78.75 37.97 1.0000 per_frame
251.25 364.92 75.00 35.86 1.0000 per_frame
243.75 364.92 78.75 33.75 1.0000 per_frame
232.50 360.70 78.75 35.86 1.0000 per_frame
225.00 358.59 78.75 37.97 1.0000 per_frame
213.75 358.59 78.75 35.86 1.0000 per_frame
202.50 356.48 86.25 35.86 1.0000 per_frame
198.75 354.38 82.50 37.97 1.0000 per_frame
191.25 352.27 82.50 37.97 1.0000 per_frame
183.75 348.05 82.50 42.19 1.0000 per_frame
176.25 348.05 82.50 40.08 1.0000 per_frame
168.75 345.94 82.50 44.30 1.0000 per_frame
161.25 343.83 78.75 44.30 1.0000 per_frame
157.50 343.83 78.75 42.19 1.0000 per_frame
150.00 343.83 78.75 42.19 1.0000 per_frame
142.50 343.83 78.75 44.30 1.0000 per_frame
135.00 341.72 82.50 46.41 1.0000 per_frame
131.25 343.83 78.75 44.30 1.0000 per_frame
123.75 343.83 82.50 46.41 1.0000 per_frame
120.00 345.94 82.50 46.41 1.0000 per_frame
112.50 345.94 82.50 46.41 1.0000 per_frame
108.75 348.05 82.50 46.41 1.0000 per_frame
101.25 350.16 90.00 46.41 1.0000 per_frame
97.50 354.38 90.00 44.30 1.0000 per_frame
93.75 356.48 90.00 44.30 1.0000 per_frame
90.00 358.59 93.75 44.30 1.0000 per_frame
86.25 360.70 97.50 46.41 1.0000 per_frame
78.75 360.70 108.75 48.52 1.0000 per_frame
71.25 360.70 131.25 50.62 1.0000 per_frame
71.25 360.70 131.25 54.84 1.0000 per_frame
75.00 362.81 116.25 54.84 1.0000 per_frame
78.75 373.36 123.75 46.41 1.0000 per_frame
75.00 371.25 127.50 52.73 1.0000 per_frame
75.00 383.91 86.25 42.19 1.0000 per_frame
71.25 386.02 86.25 42.19 1.0000 per_frame
71.25 386.02 86.25 42.19 1.0000 per_frame
71.25 386.02 86.25 46.41 1.0000 per_frame
71.25 386.02 86.25 46.41 1.0000 per_frame
75.00 373.36 131.25 61.17 1.0000 per_frame
78.75 383.91 78.75 50.62 1.0000 per_frame
82.50 381.80 75.00 54.84 1.0000 per_frame
86.25 371.25 120.00 69.61 1.0000 per_frame
90.00 371.25 112.50 69.61 1.0000 per_frame
93.75 373.36 108.75 69.61 1.0000 per_frame
101.25 371.25 105.00 73.83 1.0000 per_frame
108.75 371.25 93.75 75.94 1.0000 per_frame
108.75 371.25 93.75 75.94 1.0000 per_frame
112.50 373.36 90.00 71.72 1.0000 per_frame
138.75 392.34 75.00 54.84 1.0000 per_frame
150.00 396.56 75.00 52.73 1.0000 per_frame
161.25 396.56 75.00 52.73 1.0000 per_frame
176.25 398.67 75.00 50.62 1.0000 per_frame
191.25 405.00 71.25 46.41 1.0000 per_frame
206.25 407.11 71.25 46.41 1.0000 per_frame
217.50 409.22 75.00 44.30 1.0000 per_frame
232.50 411.33 75.00 42.19 1.0000 per_frame
247.50 415.55 75.00 40.08 1.0000 per_frame
262.50 415.55 75.00 42.19 1.0000 per_frame
281.25 417.66 67.50 40.08 1.0000 per_frame
292.50 417.66 71.25 42.19 1.0000 per_frame
311.25 419.77 67.50 42.19 1.0000 per_frame
326.25 419.77 67.50 42.19 1.0000 per_frame
341.25 423.98 67.50 40.08 1.0000 per_frame
356.25 423.98 71.25 42.19 1.0000 per_frame
371.25 426.09 71.25 42.19 1.0000 per_frame
386.25 428.20 71.25 42.19 1.0000 per_frame
405.00 428.20 67.50 44.30 1.0000 per_frame
423.75 432.42 63.75 44.30 1.0000 per_frame
438.75 434.53 67.50 44.30 1.0000 per_frame
453.75 440.86 67.50 40.08 1.0000 per_frame
468.75 440.86 67.50 40.08 1.0000 per_frame
487.50 442.97 63.75 40.08 1.0000 per_frame
502.50 447.19 67.50 40.08 1.0000 per_frame
517.50 449.30 67.50 37.97 1.0000 per_frame
536.25 453.52 67.50 37.97 1.0000 per_frame
555.00 457.73 63.75 35.86 1.0000 per_frame
573.75 457.73 63.75 37.97 1.0000 per_frame
592.50 461.95 60.00 37.97 1.0000 per_frame
607.50 464.06 63.75 37.97 1.0000 per_frame
626.25 468.28 63.75 35.86 1.0000 per_frame
641.25 472.50 67.50 33.75 1.0000 per_frame
656.25 478.83 67.50 29.53 1.0000 per_frame
671.25 483.05 67.50 27.42 1.0000 per_frame
690.00 487.27 56.25 25.31 1.0000 per_frame
761.25 326.95 26.25 16.88 1.0000 per_frame
761.25 326.95 26.25 16.88 1.0000 per_frame
761.25 326.95 30.00 16.88 1.0000 per_frame
761.25 326.95 26.25 16.88 1.0000 per_frame
761.25 326.95 26.25 16.88 1.0000 per_frame
761.25 326.95 26.25 16.88 1.0000 per_frame
765.00 326.95 22.50 16.88 1.0000 per_frame
765.00 326.95 22.50 16.88 1.0000 per_frame
828.75 506.25 33.75 18.98 1.0000 per_frame
761.25 326.95 26.25 16.88 1.0000 per_frame
761.25 326.95 26.25 16.88 1.0000 per_frame
761.25 326.95 30.00 16.88 1.0000 per_frame
761.25 326.95 30.00 16.88 1.0000 per_frame
761.25 324.84 30.00 18.98 1.0000 per_frame
761.25 326.95 26.25 16.88 1.0000 per_frame
761.25 326.95 26.25 16.88 1.0000 per_frame
750.00 326.95 37.50 18.98 1.0000 per_frame
761.25 326.95 26.25 16.88 1.0000 per_frame
761.25 326.95 26.25 16.88 1.0000 per_frame
761.25 326.95 26.25 16.88 1.0000 per_frame
761.25 326.95 26.25 16.88 1.0000 per_frame
761.25 326.95 26.25 16.88 1.0000 per_frame
765.00 326.95 22.50 16.88 1.0000 per_frame
765.00 326.95 22.50 16.88 1.0000 per_frame
765.00 326.95 22.50 16.88 1.0000 per_frame
930.00 525.23 33.75 21.09 1.0000 per_frame
930.00 525.23 37.50 21.09 1.0000 per_frame
761.25 324.84 26.25 18.98 1.0000 per_frame
761.25 324.84 26.25 18.98 1.0000 per_frame
757.50 324.84 33.75 18.98 1.0000 per_frame
750.00 324.84 41.25 33.75 1.0000 per_frame
761.25 324.84 26.25 18.98 1.0000 per_frame
761.25 324.84 26.25 18.98 1.0000 per_frame
761.25 324.84 26.25 18.98 1.0000 per_frame
761.25 324.84 26.25 18.98 1.0000 per_frame
761.25 324.84 26.25 18.98 1.0000 per_frame
761.25 324.84 26.25 18.98 1.0000 per_frame
761.25 326.95 26.25 16.88 1.0000 per_frame
761.25 326.95 26.25 16.88 1.0000 per_frame
761.25 326.95 26.25 16.88 1.0000 per_frame
765.00 326.95 22.50 14.77 1.0000 per_frame
765.00 326.95 22.50 14.77 1.0000 per_frame
765.00 326.95 22.50 14.77 1.0000 per_frame
765.00 326.95 22.50 14.77 1.0000 per_frame
765.00 326.95 22.50 14.77 1.0000 per_frame
765.00 326.95 22.50 14.77 1.0000 per_frame
765.00 326.95 22.50 16.88 1.0000 per_frame
765.00 326.95 22.50 16.88 1.0000 per_frame
765.00 326.95 22.50 14.77 1.0000 per_frame
765.00 326.95 22.50 14.77 1.0000 per_frame
765.00 326.95 22.50 14.77 1.0000 per_frame
765.00 326.95 22.50 14.77 1.0000 per_frame
1057.50 527.34 37.50 18.98 1.0000 per_frame
1068.75 529.45 37.50 14.77 1.0000 per_frame
1091.25 531.56 22.50 18.98 1.0000 per_frame
1091.25 531.56 30.00 23.20 1.0000 per_frame
765.00 326.95 22.50 16.88 1.0000 per_frame
761.25 326.95 26.25 16.88 1.0000 per_frame
761.25 326.95 26.25 16.88 1.0000 per_frame
761.25 326.95 26.25 16.88 1.0000 per_frame
761.25 326.95 26.25 16.88 1.0000 per_frame
765.00 326.95 22.50 16.88 1.0000 per_frame
765.00 326.95 22.50 16.88 1.0000 per_frame
765.00 326.95 22.50 16.88 1.0000 per_frame
765.00 326.95 22.50 16.88 1.0000 per_frame
765.00 326.95 22.50 16.88 1.0000 per_frame
765.00 326.95 22.50 16.88 1.0000 per_frame
765.00 326.95 22.50 16.88 1.0000 per_frame
765.00 326.95 22.50 16.88 1.0000 per_frame
765.00 326.95 22.50 16.88 1.0000 per_frame
1196.25 556.88 30.00 12.66 1.0000 per_frame
765.00 326.95 22.50 16.88 1.0000 per_frame
1188.75 550.55 52.50 25.31 1.0000 per_frame
1196.25 552.66 48.75 21.09 1.0000 per_frame
1203.75 552.66 41.25 16.88 1.0000 per_frame
1207.50 550.55 45.00 21.09 1.0000 per_frame
761.25 326.95 26.25 16.88 1.0000 per_frame
1226.25 546.33 37.50 21.09 1.0000 per_frame
761.25 326.95 26.25 16.88 1.0000 per_frame
765.00 326.95 22.50 16.88 1.0000 per_frame
1248.75 542.11 37.50 16.88 1.0000 per_frame
1248.75 540.00 45.00 14.77 1.0000 per_frame
765.00 326.95 22.50 16.88 1.0000 per_frame
761.25 326.95 26.25 16.88 1.0000 per_frame
761.25 326.95 26.25 16.88 1.0000 per_frame
765.00 326.95 22.50 16.88 1.0000 per_frame
765.00 326.95 22.50 16.88 1.0000 per_frame
761.25 326.95 26.25 16.88 1.0000 per_frame
765.00 326.95 22.50 16.88 1.0000 per_frame
765.00 326.95 22.50 16.88 1.0000 per_frame
765.00 326.95 22.50 16.88 1.0000 per_frame
1312.50 489.38 41.25 21.09 1.0000 per_frame
1316.25 478.83 45.00 25.31 1.0000 per_frame
1320.00 472.50 45.00 29.53 1.0000 per_frame
1323.75 466.17 45.00 29.53 1.0000 per_frame
1323.75 455.62 45.00 31.64 1.0000 per_frame
1323.75 451.41 45.00 27.42 1.0000 per_frame
1331.25 442.97 33.75 25.31 1.0000 per_frame
1323.75 434.53 48.75 27.42 1.0000 per_frame
1323.75 423.98 48.75 27.42 1.0000 per_frame
1327.50 417.66 45.00 23.20 1.0000 per_frame
1335.00 411.33 33.75 14.77 1.0000 per_frame
1327.50 400.78 45.00 25.31 1.0000 per_frame
765.00 326.95 22.50 16.88 1.0000 per_frame
765.00 326.95 22.50 16.88 1.0000 per_frame
765.00 326.95 22.50 16.88 1.0000 per_frame
761.25 326.95 26.25 16.88 1.0000 per_frame
761.25 326.95 26.25 16.88 1.0000 per_frame
761.25 326.95 26.25 16.88 1.0000 per_frame
761.25 326.95 26.25 16.88 1.0000 per_frame
761.25 326.95 26.25 16.88 1.0000 per_frame
761.25 326.95 26.25 16.88 1.0000 per_frame
765.00 326.95 22.50 16.88 1.0000 per_frame
1335.00 352.27 37.50 21.09 1.0000 per_frame
761.25 326.95 26.25 16.88 1.0000 per_frame
761.25 326.95 30.00 16.88 1.0000 per_frame
761.25 326.95 30.00 16.88 1.0000 per_frame
761.25 326.95 30.00 16.88 1.0000 per_frame
761.25 326.95 26.25 16.88 1.0000 per_frame
761.25 326.95 26.25 16.88 1.0000 per_frame
761.25 326.95 26.25 16.88 1.0000 per_frame
765.00 326.95 26.25 16.88 1.0000 per_frame
765.00 326.95 22.50 14.77 1.0000 per_frame
765.00 326.95 22.50 16.88 1.0000 per_frame
1346.25 348.05 30.00 14.77 1.0000 per_frame
761.25 326.95 26.25 16.88 1.0000 per_frame
761.25 326.95 26.25 16.88 1.0000 per_frame
765.00 326.95 22.50 16.88 1.0000 per_frame
765.00 326.95 22.50 16.88 1.0000 per_frame
761.25 326.95 30.00 16.88 1.0000 per_frame
765.00 326.95 26.25 16.88 1.0000 per_frame
765.00 326.95 26.25 16.88 1.0000 per_frame
765.00 326.95 26.25 16.88 1.0000 per_frame
765.00 326.95 26.25 14.77 1.0000 per_frame
772.50 326.95 15.00 14.77 1.0000 per_frame
772.50 329.06 15.00 12.66 1.0000 per_frame
768.75 326.95 18.75 14.77 1.0000 per_frame
1331.25 350.16 33.75 23.20 1.0000 per_frame
1331.25 352.27 30.00 16.88 1.0000 per_frame
1323.75 352.27 33.75 16.88 1.0000 per_frame
1320.00 352.27 37.50 18.98 1.0000 per_frame
1327.50 354.38 22.50 12.66 1.0000 per_frame
1320.00 350.16 33.75 16.88 1.0000 per_frame
1316.25 350.16 33.75 16.88 1.0000 per_frame
1305.00 350.16 45.00 14.77 1.0000 per_frame
768.75 326.95 18.75 14.77 1.0000 per_frame
768.75 326.95 18.75 14.77 1.0000 per_frame
765.00 326.95 22.50 14.77 1.0000 per_frame
768.75 326.95 18.75 14.77 1.0000 per_frame
768.75 326.95 18.75 14.77 1.0000 per_frame
765.00 326.95 22.50 14.77 1.0000 per_frame
768.75 326.95 18.75 14.77 1.0000 per_frame
768.75 326.95 18.75 14.77 1.0000 per_frame
768.75 326.95 18.75 14.77 1.0000 per_frame
768.75 326.95 18.75 14.77 1.0000 per_frame
772.50 326.95 15.00 14.77 1.0000 per_frame
772.50 326.95 15.00 14.77 1.0000 per_frame
1248.75 345.94 33.75 14.77 1.0000 per_frame
772.50 326.95 15.00 14.77 1.0000 per_frame
776.25 329.06 11.25 10.55 1.0000 per_frame
761.25 326.95 26.25 16.88 1.0000 per_frame
765.00 326.95 22.50 16.88 1.0000 per_frame
761.25 326.95 26.25 16.88 1.0000 per_frame
761.25 326.95 26.25 16.88 1.0000 per_frame
761.25 326.95 26.25 16.88 1.0000 per_frame
765.00 326.95 22.50 16.88 1.0000 per_frame
765.00 326.95 22.50 16.88 1.0000 per_frame
765.00 326.95 22.50 16.88 1.0000 per_frame
768.75 326.95 18.75 14.77 1.0000 per_frame
1170.00 343.83 52.50 23.20 1.0000 per_frame
1166.25 341.72 45.00 21.09 1.0000 per_frame
1162.50 341.72 56.25 25.31 1.0000 per_frame
1162.50 341.72 48.75 18.98 1.0000 per_frame
1155.00 339.61 60.00 21.09 1.0000 per_frame
1155.00 335.39 60.00 23.20 1.0000 per_frame
1151.25 333.28 60.00 23.20 1.0000 per_frame
1151.25 333.28 60.00 16.88 1.0000 per_frame
1147.50 331.17 56.25 16.88 1.0000 per_frame
1147.50 326.95 60.00 18.98 1.0000 per_frame
1151.25 324.84 56.25 16.88 1.0000 per_frame
1147.50 322.73 56.25 18.98 1.0000 per_frame
1147.50 316.41 60.00 21.09 1.0000 per_frame
1147.50 312.19 67.50 21.09 1.0000 per_frame
1162.50 312.19 60.00 14.77 1.0000 per_frame
1170.00 307.97 52.50 16.88 1.0000 per_frame
1162.50 301.64 48.75 16.88 1.0000 per_frame
1158.75 295.31 60.00 18.98 1.0000 per_frame
1158.75 288.98 52.50 23.20 1.0000 per_frame
1158.75 284.77 56.25 25.31 1.0000 per_frame
1162.50 280.55 48.75 35.86 1.0000 per_frame
1162.50 278.44 48.75 33.75 1.0000 per_frame
1158.75 276.33 52.50 33.75 1.0000 per_frame
1158.75 274.22 48.75 35.86 1.0000 per_frame
1166.25 274.22 41.25 35.86 1.0000 per_frame
1162.50 274.22 52.50 35.86 1.0000 per_frame
1162.50 274.22 56.25 37.97 1.0000 per_frame
1162.50 276.33 52.50 37.97 1.0000 per_frame
1166.25 278.44 52.50 35.86 1.0000 per_frame
1162.50 282.66 63.75 35.86 1.0000 per_frame
1162.50 284.77 63.75 40.08 1.0000 per_frame
1166.25 291.09 60.00 35.86 1.0000 per_frame
1166.25 295.31 60.00 35.86 1.0000 per_frame
1170.00 299.53 60.00 37.97 1.0000 per_frame
1173.75 305.86 56.25 35.86 1.0000 per_frame
1173.75 310.08 60.00 37.97 1.0000 per_frame
1173.75 318.52 56.25 40.08 1.0000 per_frame
1173.75 329.06 52.50 29.53 1.0000 per_frame
1173.75 335.39 56.25 33.75 1.0000 per_frame
1173.75 339.61 56.25 29.53 1.0000 per_frame
1173.75 350.16 52.50 23.20 1.0000 per_frame
1170.00 354.38 60.00 29.53 1.0000 per_frame
765.00 326.95 22.50 16.88 1.0000 per_frame
765.00 326.95 22.50 16.88 1.0000 per_frame
761.25 326.95 26.25 16.88 1.0000 per_frame
761.25 326.95 26.25 16.88 1.0000 per_frame
765.00 326.95 22.50 16.88 1.0000 per_frame
765.00 326.95 22.50 16.88 1.0000 per_frame
765.00 326.95 22.50 16.88 1.0000 per_frame
765.00 326.95 22.50 14.77 1.0000 per_frame
761.25 326.95 26.25 16.88 1.0000 per_frame
765.00 326.95 22.50 16.88 1.0000 per_frame
761.25 326.95 26.25 16.88 1.0000 per_frame
765.00 326.95 22.50 16.88 1.0000 per_frame
765.00 326.95 22.50 16.88 1.0000 per_frame
761.25 326.95 26.25 16.88 1.0000 per_frame
765.00 326.95 22.50 16.88 1.0000 per_frame
761.25 326.95 26.25 16.88 1.0000 per_frame
761.25 326.95 26.25 16.88 1.0000 per_frame
765.00 326.95 22.50 16.88 1.0000 per_frame
765.00 326.95 26.25 16.88 1.0000 per_frame
765.00 326.95 26.25 16.88 1.0000 per_frame
761.25 326.95 26.25 16.88 1.0000 per_frame
761.25 326.95 26.25 16.88 1.0000 per_frame
761.25 326.95 26.25 16.88 1.0000 per_frame
765.00 326.95 22.50 16.88 1.0000 per_frame
761.25 326.95 26.25 16.88 1.0000 per_frame
761.25 326.95 26.25 16.88 1.0000 per_frame
757.50 324.84 30.00 18.98 1.0000 per_frame
757.50 326.95 30.00 16.88 1.0000 per_frame
1151.25 392.34 37.50 16.88 1.0000 per_frame
1147.50 390.23 48.75 21.09 1.0000 per_frame
761.25 326.95 26.25 16.88 1.0000 per_frame
761.25 326.95 26.25 16.88 1.0000 per_frame
761.25 326.95 26.25 16.88 1.0000 per_frame
1151.25 394.45 37.50 21.09 1.0000 per_frame
761.25 326.95 26.25 16.88 1.0000 per_frame
765.00 326.95 22.50 16.88 1.0000 per_frame
1132.50 394.45 45.00 27.42 1.0000 per_frame
761.25 326.95 26.25 16.88 1.0000 per_frame
761.25 326.95 26.25 16.88 1.0000 per_frame
765.00 326.95 22.50 16.88 1.0000 per_frame
1102.50 411.33 30.00 16.88 1.0000 per_frame
1091.25 409.22 33.75 23.20 1.0000 per_frame
1087.50 407.11 30.00 23.20 1.0000 per_frame
1087.50 409.22 30.00 16.88 1.0000 per_frame
1076.25 409.22 41.25 21.09 1.0000 per_frame
765.00 326.95 22.50 16.88 1.0000 per_frame
765.00 326.95 22.50 16.88 1.0000 per_frame
765.00 326.95 22.50 16.88 1.0000 per_frame
761.25 326.95 26.25 16.88 1.0000 per_frame
765.00 326.95 22.50 16.88 1.0000 per_frame
765.00 326.95 22.50 16.88 1.0000 per_frame
765.00 326.95 22.50 16.88 1.0000 per_frame
765.00 326.95 22.50 16.88 1.0000 per_frame
765.00 326.95 22.50 16.88 1.0000 per_frame
765.00 326.95 22.50 16.88 1.0000 per_frame
765.00 326.95 22.50 16.88 1.0000 per_frame
945.00 426.09 41.25 27.42 1.0000 per_frame
930.00 430.31 45.00 21.09 1.0000 per_frame
903.75 426.09 67.50 27.42 1.0000 per_frame
888.75 426.09 60.00 31.64 1.0000 per_frame
881.25 426.09 56.25 31.64 1.0000 per_frame
768.75 326.95 18.75 14.77 1.0000 per_frame
768.75 326.95 18.75 14.77 1.0000 per_frame
765.00 326.95 22.50 16.88 1.0000 per_frame
765.00 326.95 22.50 16.88 1.0000 per_frame
828.75 434.53 41.25 27.42 1.0000 per_frame
765.00 326.95 22.50 16.88 1.0000 per_frame
795.00 436.64 63.75 27.42 1.0000 per_frame
783.75 436.64 56.25 27.42 1.0000 per_frame
776.25 436.64 63.75 29.53 1.0000 per_frame
768.75 436.64 56.25 31.64 1.0000 per_frame
768.75 438.75 41.25 27.42 1.0000 per_frame
746.25 438.75 56.25 31.64 1.0000 per_frame
731.25 442.97 67.50 29.53 1.0000 per_frame
712.50 440.86 75.00 33.75 1.0000 per_frame
705.00 440.86 71.25 31.64 1.0000 per_frame
693.75 442.97 67.50 31.64 1.0000 per_frame
682.50 442.97 101.25 31.64 1.0000 per_frame
675.00 442.97 105.00 33.75 1.0000 per_frame
663.75 442.97 116.25 33.75 1.0000 per_frame
656.25 445.08 75.00 31.64 1.0000 per_frame
645.00 445.08 75.00 33.75 1.0000 per_frame
637.50 445.08 71.25 33.75 1.0000 per_frame
626.25 447.19 75.00 31.64 1.0000 per_frame
618.75 449.30 75.00 31.64 1.0000 per_frame
607.50 449.30 78.75 33.75 1.0000 per_frame
600.00 449.30 75.00 33.75 1.0000 per_frame
592.50 449.30 75.00 33.75 1.0000 per_frame
581.25 451.41 75.00 31.64 1.0000 per_frame
573.75 449.30 78.75 33.75 1.0000 per_frame
566.25 449.30 75.00 33.75 1.0000 per_frame
562.50 449.30 75.00 31.64 1.0000 per_frame
555.00 445.08 71.25 33.75 1.0000 per_frame
547.50 442.97 71.25 33.75 1.0000 per_frame
540.00 440.86 75.00 33.75 1.0000 per_frame
532.50 436.64 75.00 35.86 1.0000 per_frame
525.00 434.53 75.00 33.75 1.0000 per_frame
521.25 430.31 75.00 33.75 1.0000 per_frame
517.50 426.09 71.25 33.75 1.0000 per_frame
510.00 421.88 75.00 33.75 1.0000 per_frame
506.25 415.55 75.00 35.86 1.0000 per_frame
502.50 411.33 71.25 33.75 1.0000 per_frame
498.75 405.00 71.25 35.86 1.0000 per_frame
495.00 396.56 71.25 37.97 1.0000 per_frame
491.25 392.34 71.25 35.86 1.0000 per_frame
487.50 386.02 75.00 35.86 1.0000 per_frame
483.75 377.58 75.00 37.97 1.0000 per_frame
483.75 371.25 75.00 35.86 1.0000 per_frame
480.00 362.81 71.25 35.86 1.0000 per_frame
476.25 356.48 75.00 35.86 1.0000 per_frame
476.25 348.05 75.00 35.86 1.0000 per_frame
476.25 341.72 75.00 35.86 1.0000 per_frame
476.25 333.28 71.25 33.75 1.0000 per_frame
476.25 326.95 71.25 33.75 1.0000 per_frame
472.50 318.52 75.00 33.75 1.0000 per_frame
472.50 312.19 71.25 33.75 1.0000 per_frame
472.50 301.64 71.25 35.86 1.0000 per_frame
472.50 295.31 71.25 33.75 1.0000 per_frame
472.50 286.88 71.25 35.86 1.0000 per_frame
468.75 278.44 75.00 35.86 1.0000 per_frame
465.00 267.89 78.75 40.08 1.0000 per_frame
465.00 261.56 82.50 37.97 1.0000 per_frame
468.75 259.45 75.00 33.75 1.0000 per_frame
465.00 253.12 75.00 35.86 1.0000 per_frame
468.75 248.91 75.00 33.75 1.0000 per_frame
468.75 242.58 75.00 35.86 1.0000 per_frame
468.75 238.36 78.75 37.97 1.0000 per_frame
465.00 236.25 78.75 35.86 1.0000 per_frame
465.00 234.14 78.75 33.75 1.0000 per_frame
468.75 229.92 75.00 35.86 1.0000 per_frame
465.00 227.81 78.75 37.97 1.0000 per_frame
465.00 225.70 75.00 40.08 1.0000 per_frame
465.00 229.92 75.00 35.86 1.0000 per_frame
461.25 227.81 78.75 37.97 1.0000 per_frame
461.25 229.92 75.00 35.86 1.0000 per_frame
461.25 232.03 75.00 37.97 1.0000 per_frame
461.25 236.25 71.25 35.86 1.0000 per_frame
461.25 238.36 71.25 37.97 1.0000 per_frame
457.50 240.47 75.00 37.97 1.0000 per_frame
453.75 246.80 78.75 37.97 1.0000 per_frame
453.75 253.12 78.75 35.86 1.0000 per_frame
446.25 257.34 82.50 37.97 1.0000 per_frame
446.25 261.56 82.50 37.97 1.0000 per_frame
438.75 259.45 90.00 46.41 1.0000 per_frame
453.75 272.11 75.00 40.08 1.0000 per_frame
453.75 280.55 75.00 37.97 1.0000 per_frame
457.50 288.98 71.25 33.75 1.0000 per_frame
457.50 293.20 71.25 35.86 1.0000 per_frame
457.50 299.53 67.50 35.86 1.0000 per_frame
457.50 307.97 71.25 33.75 1.0000 per_frame
453.75 312.19 75.00 33.75 1.0000 per_frame
457.50 318.52 71.25 33.75 1.0000 per_frame
457.50 324.84 67.50 33.75 1.0000 per_frame
457.50 331.17 71.25 31.64 1.0000 per_frame
453.75 335.39 75.00 33.75 1.0000 per_frame
453.75 341.72 75.00 33.75 1.0000 per_frame
453.75 345.94 75.00 33.75 1.0000 per_frame
457.50 352.27 71.25 33.75 1.0000 per_frame
453.75 356.48 75.00 33.75 1.0000 per_frame
453.75 362.81 75.00 33.75 1.0000 per_frame
457.50 367.03 71.25 33.75 1.0000 per_frame
457.50 373.36 71.25 33.75 1.0000 per_frame
457.50 377.58 71.25 33.75 1.0000 per_frame
457.50 381.80 71.25 35.86 1.0000 per_frame
457.50 388.12 71.25 33.75 1.0000 per_frame
457.50 394.45 71.25 31.64 1.0000 per_frame
457.50 398.67 71.25 31.64 1.0000 per_frame
457.50 405.00 75.00 31.64 1.0000 per_frame
457.50 409.22 75.00 33.75 1.0000 per_frame
457.50 413.44 75.00 33.75 1.0000 per_frame
461.25 421.88 71.25 35.86 1.0000 per_frame
461.25 426.09 71.25 33.75 1.0000 per_frame
461.25 430.31 71.25 31.64 1.0000 per_frame
461.25 436.64 71.25 31.64 1.0000 per_frame
461.25 440.86 71.25 31.64 1.0000 per_frame
461.25 445.08 75.00 31.64 1.0000 per_frame
461.25 451.41 75.00 29.53 1.0000 per_frame
461.25 455.62 75.00 31.64 1.0000 per_frame
461.25 459.84 75.00 29.53 1.0000 per_frame
465.00 461.95 71.25 31.64 1.0000 per_frame
461.25 461.95 75.00 33.75 1.0000 per_frame
461.25 464.06 75.00 33.75 1.0000 per_frame
465.00 468.28 75.00 31.64 1.0000 per_frame
465.00 468.28 75.00 33.75 1.0000 per_frame
465.00 474.61 78.75 29.53 1.0000 per_frame
468.75 474.61 75.00 29.53 1.0000 per_frame
468.75 474.61 75.00 31.64 1.0000 per_frame
472.50 472.50 71.25 33.75 1.0000 per_frame
472.50 476.72 75.00 29.53 1.0000 per_frame
472.50 470.39 75.00 35.86 1.0000 per_frame
472.50 464.06 75.00 42.19 1.0000 per_frame
472.50 470.39 75.00 35.86 1.0000 per_frame
472.50 468.28 75.00 37.97 1.0000 per_frame
476.25 466.17 75.00 37.97 1.0000 per_frame
476.25 466.17 71.25 37.97 1.0000 per_frame
472.50 461.95 78.75 40.08 1.0000 per_frame
476.25 461.95 75.00 37.97 1.0000 per_frame
472.50 464.06 75.00 33.75 1.0000 per_frame
468.75 461.95 82.50 33.75 1.0000 per_frame
472.50 461.95 78.75 29.53 1.0000 per_frame
468.75 461.95 82.50 27.42 1.0000 per_frame
472.50 457.73 75.00 29.53 1.0000 per_frame
468.75 455.62 82.50 29.53 1.0000 per_frame
468.75 451.41 78.75 31.64 1.0000 per_frame
465.00 445.08 82.50 33.75 1.0000 per_frame
465.00 440.86 82.50 35.86 1.0000 per_frame
461.25 438.75 86.25 37.97 1.0000 per_frame
461.25 434.53 86.25 40.08 1.0000 per_frame
461.25 434.53 82.50 42.19 1.0000 per_frame
457.50 434.53 86.25 42.19 1.0000 per_frame
457.50 434.53 82.50 44.30 1.0000 per_frame
453.75 436.64 86.25 44.30 1.0000 per_frame
450.00 436.64 90.00 46.41 1.0000 per_frame
450.00 440.86 90.00 46.41 1.0000 per_frame
446.25 442.97 90.00 46.41 1.0000 per_frame
446.25 447.19 90.00 48.52 1.0000 per_frame
446.25 451.41 90.00 48.52 1.0000 per_frame
442.50 457.73 93.75 46.41 1.0000 per_frame
442.50 461.95 93.75 46.41 1.0000 per_frame
442.50 466.17 93.75 48.52 1.0000 per_frame
442.50 470.39 93.75 48.52 1.0000 per_frame
446.25 478.83 90.00 44.30 1.0000 per_frame
446.25 483.05 90.00 42.19 1.0000 per_frame
446.25 487.27 93.75 40.08 1.0000 per_frame
446.25 491.48 93.75 40.08 1.0000 per_frame
446.25 491.48 97.50 42.19 1.0000 per_frame
450.00 493.59 93.75 42.19 1.0000 per_frame
450.00 495.70 93.75 40.08 1.0000 per_frame
450.00 495.70 93.75 40.08 1.0000 per_frame
450.00 495.70 93.75 40.08 1.0000 per_frame
450.00 497.81 93.75 37.97 1.0000 per_frame
450.00 497.81 93.75 37.97 1.0000 per_frame
450.00 497.81 93.75 37.97 1.0000 per_frame
453.75 495.70 90.00 40.08 1.0000 per_frame
453.75 495.70 90.00 40.08 1.0000 per_frame
453.75 491.48 90.00 44.30 1.0000 per_frame
453.75 489.38 90.00 46.41 1.0000 per_frame
453.75 485.16 93.75 48.52 1.0000 per_frame
457.50 480.94 90.00 52.73 1.0000 per_frame
461.25 478.83 86.25 54.84 1.0000 per_frame
461.25 474.61 90.00 59.06 1.0000 per_frame
465.00 470.39 90.00 61.17 1.0000 per_frame
468.75 468.28 86.25 63.28 1.0000 per_frame
476.25 470.39 86.25 61.17 1.0000 per_frame
480.00 470.39 86.25 61.17 1.0000 per_frame
487.50 472.50 86.25 59.06 1.0000 per_frame
498.75 474.61 82.50 56.95 1.0000 per_frame
510.00 476.72 82.50 52.73 1.0000 per_frame
521.25 478.83 78.75 52.73 1.0000 per_frame
528.75 478.83 82.50 52.73 1.0000 per_frame
540.00 478.83 82.50 52.73 1.0000 per_frame
555.00 478.83 78.75 52.73 1.0000 per_frame
566.25 480.94 78.75 50.62 1.0000 per_frame
577.50 483.05 82.50 50.62 1.0000 per_frame
592.50 485.16 78.75 48.52 1.0000 per_frame
607.50 485.16 78.75 48.52 1.0000 per_frame
622.50 485.16 78.75 48.52 1.0000 per_frame
637.50 487.27 75.00 48.52 1.0000 per_frame
652.50 491.48 60.00 44.30 1.0000 per_frame
671.25 489.38 52.50 44.30 1.0000 per_frame
686.25 493.59 56.25 37.97 1.0000 per_frame
701.25 493.59 41.25 21.09 1.0000 per_frame
765.00 326.95 22.50 16.88 1.0000 per_frame
765.00 326.95 22.50 14.77 1.0000 per_frame
768.75 326.95 18.75 14.77 1.0000 per_frame
772.50 326.95 15.00 14.77 1.0000 per_frame
768.75 326.95 18.75 14.77 1.0000 per_frame
832.50 510.47 22.50 14.77 1.0000 per_frame
1406.25 111.80 22.50 10.55 1.0000 per_frame
1406.25 107.58 22.50 10.55 1.0000 per_frame
768.75 326.95 18.75 14.77 1.0000 per_frame
1402.50 90.70 26.25 16.88 1.0000 per_frame
1402.50 86.48 22.50 14.77 1.0000 per_frame
1402.50 78.05 18.75 16.88 1.0000 per_frame
1402.50 73.83 15.00 10.55 1.0000 per_frame
1395.00 65.39 18.75 12.66 1.0000 per_frame
1391.25 56.95 18.75 12.66 1.0000 per_frame
1387.50 50.62 18.75 12.66 1.0000 per_frame
1387.50 44.30 15.00 10.55 1.0000 per_frame
1383.75 33.75 15.00 12.66 1.0000 per_frame
1376.25 23.20 15.00 14.77 1.0000 per_frame
1368.75 4.22 22.50 25.31 1.0000 per_frame
1357.50 0.00 30.00 18.98 1.0000 per_frame
765.00 326.95 22.50 14.77 1.0000 per_frame
768.75 326.95 18.75 14.77 1.0000 per_frame
765.00 326.95 22.50 14.77 1.0000 per_frame
1170.00 489.38 26.25 14.77 1.0000 per_frame
1188.75 483.05 22.50 12.66 1.0000 per_frame
1192.50 472.50 37.50 25.31 1.0000 per_frame
1196.25 461.95 41.25 29.53 1.0000 per_frame
1207.50 453.52 45.00 29.53 1.0000 per_frame
765.00 326.95 22.50 14.77 1.0000 per_frame
765.00 326.95 22.50 14.77 1.0000 per_frame
765.00 326.95 22.50 16.88 1.0000 per_frame
761.25 326.95 26.25 16.88 1.0000 per_frame
765.00 326.95 22.50 14.77 1.0000 per_frame
765.00 326.95 22.50 14.77 1.0000 per_frame
761.25 326.95 30.00 16.88 1.0000 per_frame
765.00 326.95 22.50 14.77 1.0000 per_frame
1248.75 329.06 45.00 18.98 1.0000 per_frame
765.00 326.95 22.50 14.77 1.0000 per_frame
761.25 326.95 26.25 16.88 1.0000 per_frame
761.25 326.95 26.25 16.88 1.0000 per_frame
1256.25 265.78 41.25 14.77 1.0000 per_frame
757.50 326.95 30.00 16.88 1.0000 per_frame
757.50 326.95 30.00 16.88 1.0000 per_frame
761.25 326.95 26.25 16.88 1.0000 per_frame
765.00 326.95 22.50 14.77 1.0000 per_frame
761.25 326.95 26.25 16.88 1.0000 per_frame
772.50 326.95 15.00 14.77 1.0000 per_frame
1256.25 143.44 71.25 37.97 1.0000 per_frame
1245.00 130.78 82.50 40.08 1.0000 per_frame
1245.00 116.02 78.75 44.30 1.0000 per_frame
1245.00 103.36 82.50 46.41 1.0000 per_frame
1248.75 90.70 78.75 48.52 1.0000 per_frame
1248.75 78.05 78.75 50.62 1.0000 per_frame
1252.50 67.50 75.00 52.73 1.0000 per_frame
1252.50 59.06 71.25 54.84 1.0000 per_frame
1252.50 50.62 71.25 54.84 1.0000 per_frame
1252.50 42.19 71.25 56.95 1.0000 per_frame
1263.75 67.50 41.25 23.20 1.0000 per_frame
1252.50 31.64 71.25 56.95 1.0000 per_frame
1248.75 33.75 67.50 52.73 1.0000 per_frame
1248.75 23.20 71.25 59.06 1.0000 per_frame
1248.75 23.20 67.50 54.84 1.0000 per_frame
1248.75 21.09 63.75 52.73 1.0000 per_frame
1260.00 18.98 52.50 46.41 1.0000 per_frame
1241.25 18.98 67.50 52.73 1.0000 per_frame
1233.75 16.88 71.25 54.84 1.0000 per_frame
1230.00 12.66 71.25 56.95 1.0000 per_frame
1226.25 16.88 71.25 52.73 1.0000 per_frame
1218.75 16.88 71.25 50.62 1.0000 per_frame
1215.00 18.98 67.50 48.52 1.0000 per_frame
1207.50 16.88 71.25 50.62 1.0000 per_frame
1203.75 10.55 71.25 56.95 1.0000 per_frame
1192.50 14.77 75.00 52.73 1.0000 per_frame
1188.75 16.88 71.25 50.62 1.0000 per_frame
1181.25 18.98 67.50 48.52 1.0000 per_frame
1170.00 14.77 71.25 52.73 1.0000 per_frame
1158.75 18.98 75.00 48.52 1.0000 per_frame
1151.25 18.98 71.25 48.52 1.0000 per_frame
1140.00 14.77 75.00 52.73 1.0000 per_frame
1128.75 18.98 75.00 48.52 1.0000 per_frame
1121.25 18.98 71.25 46.41 1.0000 per_frame
1110.00 16.88 71.25 48.52 1.0000 per_frame
1098.75 18.98 67.50 46.41 1.0000 per_frame
1087.50 16.88 67.50 48.52 1.0000 per_frame
1072.50 10.55 75.00 52.73 1.0000 per_frame
1061.25 14.77 71.25 48.52 1.0000 per_frame
1050.00 8.44 75.00 54.84 1.0000 per_frame
1035.00 6.33 78.75 54.84 1.0000 per_frame
1023.75 4.22 75.00 54.84 1.0000 per_frame
1008.75 6.33 78.75 52.73 1.0000 per_frame
993.75 2.11 78.75 56.95 1.0000 per_frame
978.75 4.22 82.50 52.73 1.0000 per_frame
967.50 4.22 75.00 52.73 1.0000 per_frame
952.50 2.11 78.75 52.73 1.0000 per_frame
937.50 2.11 75.00 52.73 1.0000 per_frame
922.50 2.11 75.00 50.62 1.0000 per_frame
903.75 4.22 78.75 48.52 1.0000 per_frame
888.75 2.11 75.00 48.52 1.0000 per_frame
870.00 2.11 78.75 46.41 1.0000 per_frame
855.00 2.11 78.75 46.41 1.0000 per_frame
840.00 0.00 75.00 46.41 1.0000 per_frame
821.25 2.11 78.75 44.30 1.0000 per_frame
802.50 0.00 82.50 44.30 1.0000 per_frame
787.50 0.00 78.75 42.19 1.0000 per_frame
776.25 2.11 67.50 40.08 1.0000 per_frame
746.25 0.00 78.75 40.08 1.0000 per_frame
727.50 0.00 82.50 40.08 1.0000 per_frame
716.25 2.11 75.00 35.86 1.0000 per_frame
697.50 0.00 67.50 37.97 1.0000 per_frame
675.00 0.00 78.75 37.97 1.0000 per_frame
660.00 0.00 71.25 37.97 1.0000 per_frame
641.25 0.00 67.50 35.86 1.0000 per_frame
615.00 0.00 82.50 35.86 1.0000 per_frame
600.00 0.00 67.50 35.86 1.0000 per_frame
581.25 2.11 60.00 33.75 1.0000 per_frame
558.75 0.00 75.00 37.97 1.0000 per_frame
536.25 0.00 82.50 40.08 1.0000 per_frame
532.50 6.33 60.00 35.86 1.0000 per_frame
502.50 0.00 75.00 48.52 1.0000 per_frame
483.75 2.11 67.50 48.52 1.0000 per_frame
487.50 29.53 45.00 23.20 1.0000 per_frame
435.00 2.11 82.50 56.95 1.0000 per_frame
423.75 12.66 71.25 48.52 1.0000 per_frame
405.00 21.09 67.50 48.52 1.0000 per_frame
378.75 23.20 82.50 54.84 1.0000 per_frame
363.75 37.97 78.75 48.52 1.0000 per_frame
348.75 42.19 75.00 52.73 1.0000 per_frame
322.50 46.41 78.75 56.95 1.0000 per_frame
303.75 56.95 82.50 54.84 1.0000 per_frame
285.00 65.39 86.25 56.95 1.0000 per_frame
273.75 78.05 71.25 54.84 1.0000 per_frame
251.25 86.48 86.25 59.06 1.0000 per_frame
251.25 107.58 67.50 50.62 1.0000 per_frame
761.25 326.95 26.25 14.77 1.0000 per_frame
206.25 118.12 82.50 61.17 1.0000 per_frame
202.50 141.33 67.50 50.62 1.0000 per_frame
191.25 170.86 56.25 23.20 1.0000 per_frame
468.75 339.61 15.00 10.55 1.0000 per_frame
165.00 175.08 63.75 52.73 1.0000 per_frame
146.25 179.30 82.50 63.28 1.0000 per_frame
135.00 191.95 82.50 59.06 1.0000 per_frame
127.50 208.83 82.50 54.84 1.0000 per_frame
765.00 326.95 22.50 14.77 1.0000 per_frame
108.75 234.14 33.75 27.42 1.0000 per_frame
101.25 248.91 90.00 52.73 1.0000 per_frame
93.75 259.45 127.50 56.95 1.0000 per_frame
93.75 278.44 97.50 48.52 1.0000 per_frame
90.00 293.20 101.25 46.41 1.0000 per_frame
86.25 303.75 105.00 46.41 1.0000 per_frame
82.50 316.41 105.00 42.19 1.0000 per_frame
78.75 326.95 108.75 42.19 1.0000 per_frame
67.50 339.61 116.25 40.08 1.0000 per_frame
71.25 348.05 105.00 44.30 1.0000 per_frame
52.50 352.27 123.75 48.52 1.0000 per_frame
63.75 362.81 112.50 48.52 1.0000 per_frame
71.25 379.69 105.00 42.19 1.0000 per_frame
71.25 392.34 97.50 37.97 1.0000 per_frame
71.25 400.78 97.50 42.19 1.0000 per_frame
67.50 409.22 101.25 42.19 1.0000 per_frame
67.50 417.66 101.25 42.19 1.0000 per_frame
67.50 426.09 97.50 42.19 1.0000 per_frame
67.50 434.53 97.50 42.19 1.0000 per_frame
67.50 442.97 101.25 40.08 1.0000 per_frame
67.50 451.41 101.25 37.97 1.0000 per_frame
67.50 457.73 101.25 35.86 1.0000 per_frame
67.50 461.95 101.25 35.86 1.0000 per_frame
71.25 468.28 101.25 35.86 1.0000 per_frame
71.25 470.39 101.25 35.86 1.0000 per_frame
75.00 472.50 97.50 37.97 1.0000 per_frame
78.75 472.50 97.50 42.19 1.0000 per_frame
78.75 472.50 97.50 46.41 1.0000 per_frame
86.25 472.50 93.75 48.52 1.0000 per_frame
93.75 472.50 82.50 50.62 1.0000 per_frame
101.25 472.50 82.50 52.73 1.0000 per_frame
105.00 474.61 82.50 52.73 1.0000 per_frame
112.50 476.72 82.50 52.73 1.0000 per_frame
120.00 476.72 82.50 54.84 1.0000 per_frame
127.50 478.83 82.50 54.84 1.0000 per_frame
138.75 480.94 78.75 54.84 1.0000 per_frame
146.25 485.16 82.50 52.73 1.0000 per_frame
161.25 487.27 82.50 52.73 1.0000 per_frame
172.50 491.48 86.25 48.52 1.0000 per_frame
191.25 495.70 78.75 44.30 1.0000 per_frame
202.50 495.70 82.50 46.41 1.0000 per_frame
217.50 499.92 82.50 44.30 1.0000 per_frame
232.50 502.03 82.50 42.19 1.0000 per_frame
247.50 504.14 82.50 40.08 1.0000 per_frame
262.50 504.14 82.50 42.19 1.0000 per_frame
281.25 508.36 82.50 37.97 1.0000 per_frame
296.25 506.25 82.50 42.19 1.0000 per_frame
311.25 508.36 82.50 40.08 1.0000 per_frame
330.00 508.36 78.75 42.19 1.0000 per_frame
345.00 510.47 82.50 42.19 1.0000 per_frame
363.75 512.58 82.50 40.08 1.0000 per_frame
382.50 512.58 78.75 42.19 1.0000 per_frame
401.25 514.69 75.00 42.19 1.0000 per_frame
420.00 514.69 75.00 42.19 1.0000 per_frame
438.75 516.80 75.00 42.19 1.0000 per_frame
457.50 518.91 71.25 40.08 1.0000 per_frame
476.25 518.91 71.25 42.19 1.0000 per_frame
495.00 521.02 67.50 40.08 1.0000 per_frame
513.75 523.12 67.50 40.08 1.0000 per_frame
532.50 525.23 67.50 37.97 1.0000 per_frame
555.00 525.23 67.50 40.08 1.0000 per_frame
573.75 527.34 67.50 37.97 1.0000 per_frame
596.25 529.45 63.75 37.97 1.0000 per_frame
615.00 529.45 63.75 37.97 1.0000 per_frame
637.50 533.67 63.75 35.86 1.0000 per_frame
660.00 535.78 63.75 33.75 1.0000 per_frame
678.75 537.89 56.25 31.64 1.0000 per_frame
701.25 540.00 41.25 27.42 1.0000 per_frame
753.75 326.95 33.75 16.88 1.0000 per_frame
750.00 326.95 37.50 16.88 1.0000 per_frame
780.00 550.55 33.75 21.09 1.0000 per_frame
806.25 550.55 30.00 23.20 1.0000 per_frame
753.75 324.84 37.50 18.98 1.0000 per_frame
750.00 324.84 41.25 18.98 1.0000 per_frame
750.00 324.84 37.50 18.98 1.0000 per_frame
750.00 324.84 41.25 18.98 1.0000 per_frame
903.75 556.88 33.75 23.20 1.0000 per_frame
930.00 558.98 22.50 21.09 1.0000 per_frame
750.00 326.95 41.25 16.88 1.0000 per_frame
753.75 326.95 37.50 16.88 1.0000 per_frame
746.25 324.84 45.00 23.20 1.0000 per_frame
750.00 326.95 41.25 16.88 1.0000 per_frame
750.00 326.95 37.50 18.98 1.0000 per_frame
757.50 326.95 30.00 16.88 1.0000 per_frame
753.75 326.95 33.75 16.88 1.0000 per_frame
1053.75 544.22 33.75 18.98 1.0000 per_frame
1068.75 542.11 30.00 18.98 1.0000 per_frame
1083.75 535.78 26.25 18.98 1.0000 per_frame
761.25 326.95 30.00 16.88 1.0000 per_frame
757.50 326.95 30.00 16.88 1.0000 per_frame
753.75 326.95 33.75 16.88 1.0000 per_frame
765.00 326.95 22.50 16.88 1.0000 per_frame
761.25 326.95 26.25 16.88 1.0000 per_frame
757.50 326.95 30.00 16.88 1.0000 per_frame
753.75 326.95 37.50 16.88 1.0000 per_frame
750.00 324.84 41.25 23.20 1.0000 per_frame
746.25 324.84 45.00 23.20 1.0000 per_frame
746.25 324.84 45.00 25.31 1.0000 per_frame
761.25 326.95 26.25 16.88 1.0000 per_frame
761.25 326.95 30.00 16.88 1.0000 per_frame
761.25 326.95 26.25 16.88 1.0000 per_frame
761.25 326.95 26.25 16.88 1.0000 per_frame
746.25 326.95 41.25 27.42 1.0000 per_frame
746.25 324.84 41.25 29.53 1.0000 per_frame
746.25 326.95 41.25 25.31 1.0000 per_frame
757.50 326.95 30.00 16.88 1.0000 per_frame
1162.50 310.08 56.25 21.09 1.0000 per_frame
746.25 326.95 45.00 25.31 1.0000 per_frame
1158.75 280.55 48.75 27.42 1.0000 per_frame
1170.00 263.67 33.75 23.20 1.0000 per_frame
1166.25 251.02 37.50 23.20 1.0000 per_frame
746.25 326.95 41.25 25.31 1.0000 per_frame
746.25 326.95 41.25 27.42 1.0000 per_frame
750.00 326.95 37.50 21.09 1.0000 per_frame
746.25 326.95 41.25 21.09 1.0000 per_frame
750.00 326.95 37.50 21.09 1.0000 per_frame
750.00 326.95 37.50 21.09 1.0000 per_frame
1166.25 145.55 52.50 31.64 1.0000 per_frame
1158.75 137.11 60.00 29.53 1.0000 per_frame
1158.75 124.45 60.00 33.75 1.0000 per_frame
1158.75 116.02 63.75 33.75 1.0000 per_frame
1158.75 105.47 63.75 35.86 1.0000 per_frame
1158.75 97.03 63.75 35.86 1.0000 per_frame
1158.75 90.70 63.75 33.75 1.0000 per_frame
1158.75 82.27 63.75 35.86 1.0000 per_frame
1162.50 73.83 56.25 37.97 1.0000 per_frame
1166.25 63.28 56.25 44.30 1.0000 per_frame
1170.00 59.06 52.50 44.30 1.0000 per_frame
1173.75 54.84 48.75 44.30 1.0000 per_frame
1173.75 50.62 48.75 44.30 1.0000 per_frame
1170.00 48.52 52.50 46.41 1.0000 per_frame
1166.25 46.41 56.25 46.41 1.0000 per_frame
1170.00 44.30 52.50 44.30 1.0000 per_frame
1166.25 44.30 52.50 44.30 1.0000 per_frame
1166.25 42.19 52.50 44.30 1.0000 per_frame
1158.75 44.30 56.25 44.30 1.0000 per_frame
1158.75 42.19 56.25 44.30 1.0000 per_frame
1151.25 42.19 60.00 44.30 1.0000 per_frame
1151.25 42.19 56.25 42.19 1.0000 per_frame
1147.50 44.30 56.25 40.08 1.0000 per_frame
1143.75 42.19 56.25 42.19 1.0000 per_frame
1136.25 42.19 60.00 42.19 1.0000 per_frame
1136.25 44.30 56.25 37.97 1.0000 per_frame
1128.75 42.19 60.00 42.19 1.0000 per_frame
1121.25 42.19 60.00 40.08 1.0000 per_frame
1117.50 42.19 60.00 40.08 1.0000 per_frame
1110.00 42.19 60.00 40.08 1.0000 per_frame
1102.50 44.30 60.00 37.97 1.0000 per_frame
1095.00 44.30 60.00 37.97 1.0000 per_frame
1091.25 44.30 56.25 37.97 1.0000 per_frame
1083.75 44.30 56.25 37.97 1.0000 per_frame
1076.25 44.30 60.00 37.97 1.0000 per_frame
1068.75 42.19 60.00 37.97 1.0000 per_frame
1061.25 42.19 60.00 37.97 1.0000 per_frame
1053.75 42.19 60.00 37.97 1.0000 per_frame
1046.25 40.08 60.00 37.97 1.0000 per_frame
1038.75 37.97 60.00 40.08 1.0000 per_frame
1027.50 40.08 60.00 37.97 1.0000 per_frame
1023.75 35.86 56.25 40.08 1.0000 per_frame
1012.50 35.86 60.00 40.08 1.0000 per_frame
1001.25 35.86 60.00 40.08 1.0000 per_frame
993.75 35.86 60.00 40.08 1.0000 per_frame
986.25 33.75 56.25 42.19 1.0000 per_frame
975.00 33.75 56.25 42.19 1.0000 per_frame
967.50 35.86 56.25 37.97 1.0000 per_frame
956.25 33.75 56.25 40.08 1.0000 per_frame
945.00 33.75 56.25 40.08 1.0000 per_frame
933.75 33.75 60.00 40.08 1.0000 per_frame
926.25 33.75 56.25 40.08 1.0000 per_frame
915.00 33.75 56.25 42.19 1.0000 per_frame
903.75 33.75 60.00 42.19 1.0000 per_frame
892.50 37.97 56.25 40.08 1.0000 per_frame
881.25 40.08 56.25 40.08 1.0000 per_frame
870.00 40.08 56.25 40.08 1.0000 per_frame
858.75 44.30 60.00 40.08 1.0000 per_frame
847.50 46.41 60.00 42.19 1.0000 per_frame
836.25 50.62 56.25 40.08 1.0000 per_frame
825.00 52.73 56.25 42.19 1.0000 per_frame
813.75 59.06 56.25 40.08 1.0000 per_frame
802.50 63.28 56.25 40.08 1.0000 per_frame
791.25 67.50 56.25 40.08 1.0000 per_frame
776.25 73.83 60.00 40.08 1.0000 per_frame
768.75 78.05 56.25 42.19 1.0000 per_frame
753.75 86.48 56.25 37.97 1.0000 per_frame
742.50 94.92 56.25 37.97 1.0000 per_frame
727.50 99.14 60.00 40.08 1.0000 per_frame
712.50 107.58 60.00 40.08 1.0000 per_frame
705.00 113.91 56.25 40.08 1.0000 per_frame
690.00 122.34 56.25 37.97 1.0000 per_frame
678.75 128.67 56.25 40.08 1.0000 per_frame
663.75 137.11 63.75 37.97 1.0000 per_frame
652.50 145.55 63.75 37.97 1.0000 per_frame
637.50 151.88 63.75 37.97 1.0000 per_frame
622.50 160.31 60.00 37.97 1.0000 per_frame
607.50 166.64 63.75 37.97 1.0000 per_frame
592.50 175.08 63.75 37.97 1.0000 per_frame
573.75 183.52 75.00 37.97 1.0000 per_frame
562.50 191.95 67.50 35.86 1.0000 per_frame
547.50 196.17 63.75 40.08 1.0000 per_frame
536.25 204.61 60.00 37.97 1.0000 per_frame
517.50 213.05 71.25 37.97 1.0000 per_frame
506.25 223.59 67.50 33.75 1.0000 per_frame
491.25 229.92 67.50 33.75 1.0000 per_frame
476.25 234.14 67.50 35.86 1.0000 per_frame
457.50 240.47 75.00 37.97 1.0000 per_frame
446.25 246.80 67.50 37.97 1.0000 per_frame
435.00 255.23 63.75 35.86 1.0000 per_frame
420.00 259.45 67.50 37.97 1.0000 per_frame
408.75 261.56 67.50 42.19 1.0000 per_frame
401.25 267.89 60.00 42.19 1.0000 per_frame
393.75 274.22 60.00 42.19 1.0000 per_frame
382.50 276.33 60.00 44.30 1.0000 per_frame
375.00 280.55 56.25 44.30 1.0000 per_frame
371.25 284.77 56.25 46.41 1.0000 per_frame
363.75 291.09 56.25 46.41 1.0000 per_frame
356.25 293.20 60.00 48.52 1.0000 per_frame
352.50 297.42 60.00 50.62 1.0000 per_frame
348.75 301.64 63.75 50.62 1.0000 per_frame
352.50 310.08 56.25 46.41 1.0000 per_frame
348.75 316.41 60.00 44.30 1.0000 per_frame
348.75 320.62 60.00 42.19 1.0000 per_frame
352.50 324.84 60.00 42.19 1.0000 per_frame
356.25 331.17 60.00 40.08 1.0000 per_frame
360.00 335.39 63.75 40.08 1.0000 per_frame
367.50 337.50 60.00 40.08 1.0000 per_frame
367.50 339.61 67.50 37.97 1.0000 per_frame
375.00 341.72 67.50 37.97 1.0000 per_frame
382.50 343.83 67.50 35.86 1.0000 per_frame
393.75 345.94 63.75 35.86 1.0000 per_frame
401.25 345.94 63.75 35.86 1.0000 per_frame
412.50 345.94 63.75 35.86 1.0000 per_frame
420.00 345.94 63.75 35.86 1.0000 per_frame
431.25 348.05 63.75 33.75 1.0000 per_frame
442.50 345.94 63.75 35.86 1.0000 per_frame
453.75 348.05 63.75 31.64 1.0000 per_frame
465.00 345.94 60.00 33.75 1.0000 per_frame
476.25 345.94 60.00 33.75 1.0000 per_frame
487.50 345.94 60.00 33.75 1.0000 per_frame
498.75 343.83 56.25 33.75 1.0000 per_frame
510.00 343.83 60.00 33.75 1.0000 per_frame
521.25 343.83 60.00 33.75 1.0000 per_frame
