945.00 181.41 52.50 31.64 0.9917 init
945.00 181.41 52.50 29.53 0.9924 high
941.25 179.30 56.25 31.64 0.9896 high
941.25 179.30 56.25 31.64 0.9903 high
941.25 177.19 56.25 31.64 0.9888 high
941.25 177.19 56.25 29.53 0.9913 high
945.00 175.08 52.50 29.53 0.9852 high
945.00 175.08 52.50 29.53 0.9960 high
941.25 172.97 56.25 31.64 0.9906 high
945.00 175.08 52.50 27.42 0.9947 high
941.25 175.08 56.25 25.31 0.9872 high
941.25 175.08 56.25 25.31 0.9930 high
941.25 177.19 56.25 23.20 0.9909 high
941.25 175.08 56.25 21.09 0.9922 high
941.25 175.08 56.25 21.09 0.9887 high
941.25 172.97 56.25 21.09 0.9845 high
941.25 168.75 56.25 23.20 0.9908 high
941.25 166.64 56.25 21.09 0.9913 high
941.25 162.42 56.25 23.20 0.9896 high
941.25 158.20 56.25 23.20 0.9834 high
941.25 153.98 60.00 23.20 0.9859 high
941.25 147.66 60.00 23.20 0.9904 high
945.00 143.44 56.25 23.20 0.9950 high
945.00 137.11 56.25 25.31 0.9916 high
945.00 132.89 56.25 23.20 0.9944 high
945.00 126.56 56.25 25.31 0.9956 high
945.00 120.23 56.25 25.31 0.9945 high
945.00 111.80 60.00 27.42 0.9935 high
945.00 105.47 60.00 27.42 0.9893 high
948.75 97.03 56.25 29.53 0.9911 high
948.75 86.48 56.25 33.75 0.9878 high
948.75 78.05 56.25 35.86 0.9871 high
948.75 69.61 60.00 37.97 0.9853 high
948.75 61.17 60.00 40.08 0.9900 high
948.75 54.84 60.00 40.08 0.9927 high
948.75 46.41 63.75 42.19 0.9931 high
948.75 40.08 63.75 44.30 0.9869 high
948.75 35.86 63.75 42.19 0.9795 high
952.50 27.42 60.00 46.41 0.9804 high
952.50 23.20 60.00 46.41 0.9814 high
952.50 16.88 60.00 48.52 0.9869 high
956.25 12.66 56.25 48.52 0.9901 high
952.50 6.33 60.00 50.62 0.9858 high
956.25 4.22 60.00 46.41 0.9822 high
952.50 2.11 67.50 48.52 0.9783 high
960.00 2.11 56.25 44.30 0.9824 high
963.75 2.11 52.50 42.19 0.9851 high
960.00 0.00 56.25 40.08 0.9819 high
963.75 0.00 52.50 40.08 0.9847 high
963.75 0.00 52.50 40.08 0.9816 high
960.00 0.00 56.25 40.08 0.9802 high
960.00 0.00 56.25 40.08 0.9773 high
960.00 0.00 56.25 40.08 0.9783 high
960.00 0.00 56.25 40.08 0.9760 high
960.00 0.00 56.25 40.08 0.9834 high
963.75 0.00 52.50 40.08 0.9861 high
960.00 0.00 56.25 42.19 0.9745 high
956.25 2.11 60.00 42.19 0.9878 high
960.00 2.11 56.25 46.41 0.9827 high
956.25 0.00 60.00 48.52 0.9832 high
956.25 4.22 60.00 48.52 0.9819 high
952.50 4.22 60.00 50.62 0.9854 high
952.50 8.44 60.00 48.52 0.9759 high
952.50 14.77 60.00 48.52 0.9875 high
952.50 21.09 56.25 44.30 0.9915 high
948.75 23.20 60.00 46.41 0.9931 high
948.75 29.53 60.00 44.30 0.9794 high
948.75 33.75 60.00 46.41 0.9810 high
948.75 40.08 60.00 42.19 0.9916 high
948.75 44.30 56.25 44.30 0.9928 high
948.75 48.52 60.00 44.30 0.9805 high
948.75 56.95 56.25 42.19 0.9879 high
945.00 61.17 56.25 42.19 0.9880 high
945.00 67.50 56.25 40.08 0.9824 high
945.00 73.83 56.25 40.08 0.9811 high
941.25 80.16 56.25 37.97 0.9886 high
945.00 86.48 52.50 37.97 0.9900 high
945.00 92.81 52.50 37.97 0.9892 high
941.25 99.14 52.50 35.86 0.9791 high
941.25 105.47 52.50 35.86 0.9865 high
937.50 111.80 56.25 35.86 0.9838 high
937.50 116.02 56.25 35.86 0.9847 high
937.50 124.45 52.50 33.75 0.9886 high
941.25 130.78 48.75 33.75 0.9882 high
937.50 137.11 48.75 33.75 0.9941 high
937.50 143.44 48.75 33.75 0.9802 high
937.50 149.77 48.75 33.75 0.9880 high
937.50 156.09 45.00 33.75 0.9859 high
933.75 162.42 48.75 31.64 0.9888 high
933.75 168.75 48.75 31.64 0.9882 high
930.00 175.08 48.75 31.64 0.9857 high
930.00 181.41 48.75 31.64 0.9889 high
930.00 187.73 48.75 31.64 0.9907 high
930.00 194.06 45.00 31.64 0.9880 high
930.00 200.39 45.00 31.64 0.9943 high
926.25 206.72 48.75 31.64 0.9700 high
926.25 213.05 45.00 29.53 0.9941 high
926.25 219.38 45.00 31.64 0.9929 high
926.25 225.70 45.00 29.53 0.9896 high
926.25 232.03 45.00 29.53 0.9896 high
926.25 238.36 45.00 29.53 0.9913 high
926.25 244.69 41.25 29.53 0.9862 high
922.50 253.12 45.00 27.42 0.9856 high
922.50 259.45 45.00 25.31 0.9928 high
922.50 267.89 45.00 23.20 0.9794 high
922.50 274.22 41.25 23.20 0.9867 high
918.75 280.55 45.00 23.20 0.9837 high
922.50 288.98 41.25 18.98 0.9893 high
918.75 293.20 45.00 21.09 0.9847 high
918.75 299.53 45.00 18.98 0.9937 high
918.75 303.75 45.00 18.98 0.9907 high
918.75 310.08 45.00 16.88 0.9941 high
918.75 314.30 45.00 16.88 0.9922 high
918.75 318.52 45.00 18.98 0.9796 high
918.75 322.73 45.00 16.88 0.9935 high
918.75 324.84 45.00 18.98 0.9905 high
918.75 329.06 41.25 18.98 0.9995 high
918.75 333.28 41.25 16.88 0.9954 high
918.75 335.39 41.25 18.98 0.9830 high
918.75 339.61 41.25 16.88 0.9989 high
918.75 341.72 45.00 18.98 0.9901 high
918.75 345.94 45.00 16.88 0.9923 high
918.75 345.94 41.25 18.98 0.9811 high
922.50 348.05 37.50 18.98 0.9976 high
922.50 348.05 37.50 21.09 0.9796 high
922.50 348.05 37.50 21.09 0.9983 high
922.50 350.16 37.50 23.20 0.9938 high
926.25 352.27 33.75 23.20 0.9973 high
926.25 352.27 37.50 25.31 0.9940 high
926.25 354.38 37.50 25.31 0.9970 high
926.25 356.48 37.50 25.31 0.9948 high
930.00 358.59 37.50 25.31 0.9901 high
933.75 358.59 33.75 27.42 0.9909 high
937.50 360.70 33.75 25.31 0.9906 high
941.25 362.81 33.75 25.31 0.9819 high
941.25 364.92 37.50 25.31 0.9827 high
945.00 367.03 33.75 23.20 0.9924 high
948.75 369.14 33.75 23.20 0.9902 high
952.50 369.14 37.50 25.31 0.9886 high
956.25 373.36 37.50 23.20 0.9975 high
963.75 373.36 33.75 23.20 0.9965 high
967.50 375.47 33.75 23.20 0.9873 high
971.25 377.58 37.50 21.09 0.9907 high
978.75 377.58 33.75 23.20 0.9923 high
982.50 377.58 37.50 25.31 0.9867 high
990.00 379.69 33.75 23.20 0.9944 high
993.75 381.80 37.50 23.20 0.9858 high
1001.25 383.91 33.75 21.09 0.9983 high
1008.75 386.02 33.75 21.09 0.9980 high
1012.50 386.02 37.50 21.09 0.9898 high
1020.00 388.12 33.75 21.09 0.9941 high
1027.50 388.12 33.75 23.20 0.9924 high
1035.00 390.23 33.75 21.09 0.9957 high
1038.75 392.34 37.50 21.09 0.9938 high
1050.00 396.56 33.75 18.98 0.9875 high
1053.75 398.67 37.50 18.98 0.9975 high
1061.25 400.78 37.50 18.98 0.9949 high
1068.75 402.89 37.50 18.98 0.9889 high
1076.25 405.00 37.50 21.09 0.9977 high
1083.75 407.11 37.50 21.09 0.9914 high
1087.50 411.33 37.50 21.09 0.9840 high
1095.00 415.55 37.50 21.09 0.9945 high
1102.50 419.77 33.75 21.09 0.9907 high
1110.00 423.98 33.75 21.09 0.9854 high
1113.75 426.09 37.50 23.20 0.9989 high
1117.50 432.42 37.50 21.09 0.9752 high
1125.00 434.53 33.75 23.20 0.9927 high
1128.75 438.75 33.75 21.09 0.9954 high
1132.50 440.86 33.75 21.09 0.9975 high
1136.25 445.08 33.75 21.09 0.9896 high
1140.00 447.19 33.75 21.09 0.9985 high
1140.00 449.30 37.50 21.09 0.9871 high
1143.75 451.41 37.50 21.09 0.9974 high
1147.50 453.52 33.75 18.98 0.9934 high
1147.50 455.62 33.75 18.98 0.9817 high
1147.50 457.73 37.50 16.88 0.9912 high
1151.25 457.73 33.75 16.88 0.9925 high
1151.25 455.62 33.75 18.98 0.9884 high
1151.25 453.52 37.50 23.20 0.9873 high
1155.00 453.52 33.75 23.20 0.9986 high
1158.75 453.52 33.75 23.20 0.9974 high
1158.75 453.52 33.75 25.31 0.9798 high
1162.50 453.52 33.75 23.20 0.9920 high
1166.25 453.52 30.00 23.20 0.9930 high
1170.00 453.52 33.75 23.20 0.9963 high
1173.75 453.52 33.75 23.20 0.9915 high
1177.50 453.52 33.75 23.20 0.9888 high
1181.25 455.62 37.50 21.09 0.9924 high
1188.75 455.62 33.75 21.09 0.9851 high
1192.50 455.62 37.50 18.98 0.9830 high
1200.00 455.62 33.75 18.98 0.9975 high
1203.75 455.62 37.50 18.98 0.9939 high
1207.50 455.62 37.50 18.98 0.9912 high
1215.00 453.52 37.50 21.09 0.9866 high
1222.50 453.52 33.75 21.09 0.9958 high
1226.25 451.41 33.75 23.20 0.9935 high
1230.00 451.41 33.75 21.09 0.9767 high
1237.50 451.41 33.75 21.09 0.9956 high
1241.25 451.41 33.75 21.09 0.9765 high
1245.00 451.41 33.75 21.09 0.9843 high
1248.75 451.41 33.75 21.09 0.9957 high
1252.50 449.30 33.75 23.20 0.9805 high
1252.50 451.41 33.75 21.09 0.9742 high
1256.25 451.41 33.75 21.09 0.9818 high
1260.00 451.41 33.75 21.09 0.9945 high
1263.75 449.30 30.00 23.20 0.9805 high
1263.75 449.30 33.75 21.09 0.9843 high
1263.75 451.41 33.75 21.09 0.9602 high
1267.50 451.41 30.00 21.09 0.9805 high
1267.50 449.30 30.00 23.20 0.9720 high
1267.50 449.30 33.75 23.20 0.9540 high
1271.25 449.30 30.00 21.09 0.9703 high
1267.50 449.30 33.75 23.20 0.9699 high
1267.50 449.30 30.00 21.09 0.9875 high
1267.50 449.30 30.00 23.20 0.9782 high
1267.50 449.30 30.00 21.09 0.9961 high
1263.75 449.30 33.75 23.20 0.9822 high
1263.75 447.19 30.00 25.31 0.9795 high
1263.75 449.30 30.00 23.20 0.9732 high
1256.25 449.30 33.75 21.09 0.9976 high
1252.50 449.30 33.75 21.09 0.9871 high
1248.75 447.19 33.75 23.20 0.9763 high
1248.75 449.30 30.00 21.09 0.9907 high
1241.25 447.19 33.75 23.20 0.9793 high
1237.50 447.19 33.75 23.20 0.9796 high
1233.75 447.19 33.75 23.20 0.9889 high
1226.25 447.19 37.50 23.20 0.9952 high
1222.50 447.19 33.75 23.20 0.9855 high
1218.75 447.19 33.75 23.20 0.9884 high
1211.25 449.30 37.50 21.09 0.9743 high
1203.75 449.30 37.50 18.98 0.9933 high
1200.00 449.30 37.50 18.98 0.9909 high
1192.50 449.30 37.50 18.98 0.9956 high
1188.75 449.30 33.75 18.98 0.9917 high
1181.25 449.30 37.50 18.98 0.9883 high
1173.75 449.30 37.50 16.88 0.9961 high
1170.00 447.19 33.75 18.98 0.9796 high
1162.50 447.19 33.75 18.98 0.9965 high
1158.75 447.19 30.00 18.98 0.9969 high
1151.25 445.08 33.75 21.09 0.9938 high
1143.75 445.08 33.75 18.98 0.9908 high
1136.25 442.97 33.75 21.09 0.9827 high
1132.50 442.97 30.00 21.09 0.9934 high
1128.75 442.97 26.25 18.98 0.9966 high
1117.50 440.86 33.75 21.09 0.9927 high
1113.75 440.86 30.00 21.09 0.9858 high
1106.25 440.86 30.00 21.09 0.9905 high
1098.75 438.75 37.50 25.31 0.9881 high
1095.00 440.86 33.75 21.09 0.9930 high
1091.25 438.75 30.00 23.20 0.9933 high
1083.75 440.86 33.75 23.20 0.9921 high
1080.00 440.86 33.75 21.09 0.9860 high
1076.25 440.86 33.75 21.09 0.9963 high
1072.50 440.86 37.50 23.20 0.9792 high
1068.75 442.97 37.50 21.09 0.9930 high
1068.75 442.97 37.50 21.09 0.9828 high
1068.75 442.97 33.75 21.09 0.9991 high
1065.00 445.08 33.75 18.98 0.9896 high
1061.25 445.08 37.50 18.98 0.9844 high
1061.25 445.08 37.50 18.98 0.9929 high
1061.25 445.08 37.50 21.09 0.9852 high
1061.25 447.19 37.50 18.98 0.9943 high
1061.25 447.19 37.50 18.98 0.9935 high
1061.25 447.19 37.50 18.98 0.9808 high
1061.25 447.19 37.50 18.98 0.9837 high
1061.25 447.19 37.50 18.98 0.9862 high
1057.50 447.19 37.50 18.98 0.9878 high
1061.25 447.19 37.50 18.98 0.9785 high
1061.25 449.30 37.50 18.98 0.9987 high
1061.25 449.30 37.50 18.98 0.9999 high
1061.25 449.30 37.50 18.98 0.9893 high
1061.25 447.19 37.50 21.09 0.9871 high
1061.25 447.19 37.50 23.20 0.9786 high
1061.25 447.19 37.50 23.20 0.9839 high
1061.25 447.19 33.75 23.20 0.9967 high
1061.25 447.19 33.75 25.31 0.9968 high
1061.25 447.19 30.00 25.31 0.9980 high
1061.25 447.19 30.00 25.31 0.9878 high
1057.50 447.19 33.75 25.31 0.9985 high
1057.50 449.30 30.00 25.31 0.9886 high
1053.75 449.30 33.75 25.31 0.9941 high
1050.00 449.30 33.75 25.31 0.9915 high
1046.25 451.41 33.75 23.20 0.9898 high
1042.50 451.41 33.75 23.20 0.9987 high
1038.75 451.41 33.75 23.20 0.9983 high
1035.00 451.41 33.75 23.20 0.9971 high
1031.25 453.52 33.75 23.20 0.9774 high
1027.50 453.52 33.75 23.20 0.9893 high
1023.75 455.62 30.00 21.09 0.9924 high
1016.25 457.73 33.75 21.09 0.9963 high
1012.50 457.73 33.75 23.20 0.9940 high
1008.75 461.95 30.00 21.09 0.9910 high
1001.25 464.06 33.75 21.09 0.9854 high
997.50 466.17 33.75 23.20 0.9841 high
993.75 468.28 33.75 23.20 0.9915 high
986.25 472.50 37.50 23.20 0.9842 high
982.50 476.72 33.75 21.09 0.9912 high
978.75 483.05 33.75 21.09 0.9919 high
971.25 487.27 33.75 21.09 0.9956 high
967.50 491.48 33.75 23.20 0.9840 high
963.75 499.92 33.75 18.98 0.9991 high
956.25 504.14 37.50 18.98 0.9930 high
952.50 510.47 33.75 18.98 0.9873 high
948.75 512.58 33.75 21.09 0.9915 high
941.25 516.80 37.50 21.09 0.9842 high
937.50 518.91 33.75 23.20 0.9923 high
937.50 525.23 33.75 21.09 0.9887 high
933.75 527.34 33.75 25.31 0.9879 high
930.00 531.56 33.75 23.20 0.9875 high
926.25 535.78 37.50 23.20 0.9850 high
926.25 540.00 37.50 21.09 0.9849 high
922.50 546.33 41.25 16.88 0.9822 high
922.50 550.55 37.50 16.88 0.9807 high
922.50 554.77 37.50 14.77 0.9858 high
922.50 554.77 37.50 16.88 0.9993 high
922.50 556.88 37.50 16.88 0.9944 high
922.50 556.88 37.50 18.98 0.9939 high
922.50 556.88 33.75 18.98 0.9902 high
922.50 556.88 33.75 18.98 0.9970 high
922.50 556.88 33.75 18.98 0.9948 high
922.50 554.77 33.75 21.09 0.9918 high
918.75 554.77 37.50 18.98 0.9972 high
918.75 554.77 37.50 18.98 0.9875 high
918.75 554.77 37.50 18.98 0.9888 high
918.75 554.77 33.75 16.88 0.9977 high
918.75 552.66 37.50 18.98 0.9948 high
918.75 552.66 33.75 18.98 0.9918 high
915.00 552.66 37.50 18.98 0.9890 high
918.75 552.66 37.50 18.98 0.9851 high
918.75 550.55 33.75 21.09 0.9847 high
915.00 548.44 37.50 21.09 0.9961 high
918.75 548.44 33.75 21.09 0.9856 high
918.75 546.33 33.75 23.20 0.9825 high
915.00 546.33 33.75 23.20 0.9900 high
915.00 546.33 33.75 23.20 0.9862 high
911.25 546.33 33.75 23.20 0.9871 high
907.50 546.33 33.75 23.20 0.9830 high
907.50 544.22 33.75 25.31 0.9982 high
903.75 544.22 33.75 25.31 0.9979 high
900.00 544.22 33.75 25.31 0.9882 high
896.25 546.33 33.75 23.20 0.9844 high
892.50 546.33 33.75 21.09 0.9924 high
888.75 546.33 33.75 21.09 0.9992 high
885.00 546.33 33.75 21.09 0.9918 high
877.50 548.44 33.75 18.98 0.9915 high
873.75 548.44 37.50 18.98 0.9986 high
866.25 548.44 37.50 18.98 0.9820 high
862.50 548.44 37.50 18.98 0.9899 high
858.75 548.44 37.50 16.88 0.9922 high
851.25 548.44 37.50 16.88 0.9994 high
847.50 548.44 37.50 16.88 0.9976 high
843.75 548.44 37.50 18.98 0.9876 high
840.00 550.55 33.75 16.88 0.9942 high
832.50 548.44 37.50 18.98 0.9888 high
828.75 546.33 37.50 21.09 0.9911 high
825.00 546.33 33.75 23.20 0.9896 high
817.50 546.33 37.50 23.20 0.9864 high
813.75 546.33 33.75 23.20 0.9906 high
810.00 546.33 33.75 23.20 0.9891 high
802.50 548.44 33.75 21.09 0.9913 high
795.00 548.44 37.50 21.09 0.9824 high
791.25 550.55 33.75 18.98 0.9988 high
783.75 550.55 37.50 18.98 0.9975 high
776.25 550.55 37.50 18.98 0.9808 high
772.50 548.44 33.75 18.98 0.9945 high
765.00 546.33 33.75 18.98 0.9945 high
761.25 544.22 33.75 21.09 0.9837 high
753.75 542.11 33.75 21.09 0.9961 high
750.00 540.00 33.75 21.09 0.9908 high
746.25 537.89 33.75 21.09 0.9949 high
738.75 533.67 37.50 23.20 0.9892 high
738.75 531.56 33.75 23.20 0.9881 high
735.00 529.45 33.75 21.09 0.9919 high
731.25 527.34 37.50 18.98 0.9814 high
731.25 523.12 33.75 21.09 0.9926 high
727.50 521.02 37.50 18.98 0.9937 high
727.50 516.80 33.75 18.98 0.9927 high
723.75 514.69 37.50 14.77 0.9951 high
723.75 508.36 37.50 16.88 0.9975 high
723.75 502.03 37.50 16.88 0.9975 high
723.75 495.70 33.75 18.98 0.9971 high
723.75 489.38 33.75 18.98 0.9909 high
720.00 483.05 37.50 18.98 0.9960 high
716.25 478.83 37.50 16.88 0.9907 high
716.25 472.50 37.50 18.98 0.9836 high
716.25 468.28 33.75 16.88 0.9844 high
712.50 461.95 41.25 18.98 0.9931 high
712.50 455.62 37.50 18.98 0.9829 high
712.50 449.30 33.75 21.09 0.9958 high
712.50 445.08 30.00 23.20 0.9854 high
712.50 440.86 30.00 23.20 0.9872 high
708.75 436.64 33.75 25.31 0.9913 high
708.75 434.53 33.75 23.20 0.9845 high
708.75 432.42 30.00 23.20 0.9997 high
708.75 428.20 30.00 25.31 0.9971 high
708.75 426.09 30.00 27.42 0.9887 high
708.75 426.09 30.00 25.31 0.9935 high
708.75 423.98 30.00 25.31 0.9929 high
708.75 423.98 33.75 25.31 0.9910 high
712.50 423.98 30.00 23.20 0.9984 high
712.50 421.88 30.00 25.31 0.9950 high
712.50 421.88 33.75 25.31 0.9971 high
716.25 421.88 30.00 23.20 0.9987 high
716.25 421.88 33.75 23.20 0.9955 high
720.00 421.88 33.75 25.31 0.9835 high
723.75 419.77 30.00 25.31 0.9839 high
727.50 421.88 30.00 23.20 0.9892 high
727.50 421.88 33.75 23.20 0.9826 high
735.00 423.98 30.00 21.09 0.9930 high
735.00 423.98 33.75 21.09 0.9957 high
742.50 421.88 33.75 23.20 0.9963 high
746.25 423.98 33.75 21.09 0.9919 high
750.00 423.98 33.75 23.20 0.9987 high
757.50 423.98 33.75 23.20 0.9938 high
761.25 423.98 33.75 23.20 0.9914 high
768.75 426.09 30.00 21.09 0.9980 high
772.50 426.09 33.75 21.09 0.9934 high
780.00 426.09 33.75 23.20 0.9860 high
787.50 428.20 33.75 21.09 0.9821 high
791.25 428.20 33.75 21.09 0.9930 high
798.75 428.20 33.75 21.09 0.9976 high
806.25 428.20 30.00 23.20 0.9919 high
813.75 430.31 30.00 21.09 0.9892 high
817.50 432.42 33.75 21.09 0.9838 high
825.00 432.42 33.75 21.09 0.9894 high
832.50 434.53 30.00 23.20 0.9870 high
840.00 436.64 33.75 21.09 0.9898 high
847.50 438.75 33.75 23.20 0.9826 high
855.00 442.97 33.75 21.09 0.9841 high
858.75 447.19 33.75 21.09 0.9925 high
866.25 449.30 37.50 23.20 0.9847 high
873.75 455.62 33.75 21.09 0.9953 high
881.25 459.84 33.75 21.09 0.9797 high
888.75 464.06 33.75 21.09 0.9837 high
896.25 470.39 33.75 18.98 0.9871 high
903.75 474.61 33.75 21.09 0.9857 high
911.25 480.94 33.75 21.09 0.9930 high
918.75 487.27 33.75 21.09 0.9899 high
926.25 493.59 37.50 18.98 0.9925 high
933.75 499.92 33.75 18.98 0.9939 high
945.00 508.36 30.00 16.88 0.9966 high
948.75 514.69 37.50 16.88 0.9862 high
956.25 521.02 37.50 16.88 0.9944 high
963.75 525.23 37.50 18.98 0.9945 high
971.25 531.56 37.50 18.98 0.9856 high
978.75 537.89 37.50 18.98 0.9849 high
986.25 542.11 37.50 18.98 0.9884 high
993.75 548.44 37.50 18.98 0.9929 high
997.50 554.77 37.50 18.98 0.9896 high
1008.75 558.98 30.00 16.88 0.9857 high
1012.50 563.20 33.75 18.98 0.9957 high
1016.25 565.31 33.75 21.09 0.9892 high
1027.50 567.42 30.00 23.20 0.9811 high
1031.25 571.64 33.75 21.09 0.9870 high
1038.75 573.75 33.75 23.20 0.9837 high
1050.00 577.97 30.00 21.09 0.9849 high
1057.50 580.08 30.00 21.09 0.9999 high
1065.00 582.19 33.75 21.09 0.9862 high
1076.25 584.30 30.00 21.09 0.9831 high
1083.75 586.41 33.75 21.09 0.9919 high
1095.00 588.52 33.75 18.98 0.9956 high
1102.50 588.52 33.75 18.98 0.9730 high
1113.75 588.52 37.50 18.98 0.9905 high
1125.00 590.62 33.75 16.88 0.9990 high
1132.50 588.52 37.50 16.88 0.9871 high
1143.75 586.41 37.50 18.98 0.9878 high
1155.00 584.30 33.75 18.98 0.9940 high
1162.50 582.19 33.75 18.98 0.9907 high
1173.75 577.97 30.00 18.98 0.9853 high
1181.25 575.86 30.00 18.98 0.9765 high
1188.75 571.64 30.00 21.09 0.9907 high
1192.50 569.53 30.00 18.98 0.9857 high
1200.00 565.31 30.00 18.98 0.9973 high
1203.75 561.09 30.00 18.98 0.9972 high
1207.50 556.88 33.75 18.98 0.9821 high
1215.00 550.55 33.75 18.98 0.9855 high
1218.75 546.33 33.75 16.88 0.9849 high
1218.75 540.00 37.50 18.98 0.9911 high
1222.50 533.67 33.75 18.98 0.9947 high
1226.25 529.45 33.75 16.88 0.9835 high
1230.00 523.12 33.75 14.77 0.9886 high
1233.75 516.80 30.00 14.77 0.9907 high
1233.75 510.47 33.75 14.77 0.9893 high
1237.50 502.03 30.00 16.88 0.9886 high
1241.25 497.81 33.75 16.88 0.9924 high
1245.00 493.59 33.75 14.77 0.9793 high
1248.75 487.27 30.00 16.88 0.9871 high
1248.75 480.94 33.75 16.88 0.9865 high
1252.50 476.72 33.75 16.88 0.9790 high
1256.25 472.50 30.00 16.88 0.9779 high
1256.25 468.28 33.75 16.88 0.9715 high
1260.00 464.06 33.75 18.98 0.9795 high
1263.75 459.84 30.00 18.98 0.9592 high
1267.50 457.73 30.00 16.88 0.9855 high
1267.50 455.62 33.75 18.98 0.9870 high
1271.25 453.52 30.00 18.98 0.9861 high
1275.00 453.52 26.25 16.88 0.9596 high
1275.00 451.41 30.00 16.88 0.9698 high
1278.75 451.41 26.25 16.88 0.9844 high
1278.75 451.41 26.25 14.77 0.9592 high
1282.50 449.30 26.25 14.77 0.9708 high
-100 -100 -100 -100 0.0000 coast_none
-100 -100 -100 -100 0.0000 coast_none
-100 -100 -100 -100 0.0000 coast_none
-100 -100 -100 -100 0.0000 coast_none
-100 -100 -100 -100 0.0000 coast_none
-100 -100 -100 -100 0.0000 coast_none
-100 -100 -100 -100 0.0000 coast_none
-100 -100 -100 -100 0.0000 coast_none
596.25 850.08 11.25 6.33 0.9407 reinit
596.25 850.08 11.25 6.33 0.0000 coast
596.25 850.08 11.25 6.33 0.8583 high
-100 -100 -100 -100 0.0000 coast_none
-100 -100 -100 -100 0.0000 coast_none
-100 -100 -100 -100 0.0000 coast_none
-100 -100 -100 -100 0.0000 coast_none
-100 -100 -100 -100 0.0000 coast_none
-100 -100 -100 -100 0.0000 coast_none
-100 -100 -100 -100 0.0000 coast_none
-100 -100 -100 -100 0.0000 coast_none
-100 -100 -100 -100 0.0000 coast_none
-100 -100 -100 -100 0.0000 coast_none
-100 -100 -100 -100 0.0000 miss
-100 -100 -100 -100 0.0000 miss
-100 -100 -100 -100 0.0000 miss
-100 -100 -100 -100 0.0000 miss
-100 -100 -100 -100 0.0000 miss
-100 -100 -100 -100 0.0000 miss
-100 -100 -100 -100 0.0000 miss
-100 -100 -100 -100 0.0000 miss
-100 -100 -100 -100 0.0000 miss
596.25 850.08 11.25 6.33 0.9255 high
-100 -100 -100 -100 0.0000 coast_none
-100 -100 -100 -100 0.0000 coast_none
-100 -100 -100 -100 0.0000 coast_none
-100 -100 -100 -100 0.0000 coast_none
-100 -100 -100 -100 0.0000 coast_none
-100 -100 -100 -100 0.0000 coast_none
-100 -100 -100 -100 0.0000 coast_none
-100 -100 -100 -100 0.0000 coast_none
-100 -100 -100 -100 0.0000 coast_none
-100 -100 -100 -100 0.0000 coast_none
-100 -100 -100 -100 0.0000 miss
-100 -100 -100 -100 0.0000 miss
-100 -100 -100 -100 0.0000 miss
-100 -100 -100 -100 0.0000 miss
-100 -100 -100 -100 0.0000 miss
-100 -100 -100 -100 0.0000 miss
-100 -100 -100 -100 0.0000 miss
-100 -100 -100 -100 0.0000 miss
-100 -100 -100 -100 0.0000 miss
-100 -100 -100 -100 0.0000 miss
-100 -100 -100 -100 0.0000 miss
-100 -100 -100 -100 0.0000 miss
-100 -100 -100 -100 0.0000 miss
-100 -100 -100 -100 0.0000 miss
-100 -100 -100 -100 0.0000 miss
-100 -100 -100 -100 0.0000 miss
-100 -100 -100 -100 0.0000 miss
-100 -100 -100 -100 0.0000 miss
-100 -100 -100 -100 0.0000 miss
1282.50 440.86 18.75 12.66 0.9706 reinit
1275.00 434.53 22.50 14.77 0.9822 high
1267.50 430.31 26.25 14.77 0.9857 high
1260.00 426.09 26.25 16.88 0.9609 high
1252.50 419.77 30.00 16.88 0.9596 high
1248.75 413.44 26.25 18.98 0.9826 high
1241.25 409.22 26.25 18.98 0.9693 high
1233.75 407.11 26.25 16.88 0.9891 high
1226.25 405.00 26.25 14.77 0.9766 high
1218.75 400.78 30.00 16.88 0.9907 high
1211.25 398.67 26.25 14.77 0.9845 high
1203.75 396.56 30.00 14.77 0.9801 high
1196.25 392.34 30.00 14.77 0.9959 high
1192.50 388.12 26.25 16.88 0.9931 high
1185.00 383.91 30.00 18.98 0.9635 high
1181.25 381.80 26.25 16.88 0.9965 high
1173.75 377.58 30.00 18.98 0.9875 high
1173.75 373.36 26.25 18.98 0.9868 high
1166.25 369.14 30.00 18.98 0.9832 high
1166.25 364.92 26.25 18.98 0.9926 high
1162.50 358.59 26.25 21.09 0.9809 high
1158.75 354.38 30.00 18.98 0.9913 high
1155.00 350.16 30.00 18.98 0.9867 high
1155.00 345.94 30.00 16.88 0.9895 high
1155.00 341.72 26.25 16.88 0.9979 high
1151.25 335.39 30.00 16.88 0.9864 high
1151.25 331.17 30.00 14.77 0.9836 high
1151.25 324.84 30.00 16.88 0.9847 high
1151.25 320.62 30.00 14.77 0.9979 high
1151.25 316.41 30.00 14.77 0.9976 high
1151.25 310.08 26.25 16.88 0.9951 high
1151.25 307.97 26.25 14.77 0.9953 high
1151.25 301.64 26.25 16.88 0.9975 high
1151.25 297.42 26.25 18.98 0.9912 high
1147.50 293.20 30.00 18.98 0.9820 high
1147.50 291.09 26.25 18.98 0.9698 high
1147.50 286.88 30.00 18.98 0.9886 high
1147.50 284.77 30.00 18.98 0.9934 high
1147.50 280.55 30.00 21.09 0.9898 high
1147.50 278.44 30.00 21.09 0.9897 high
1151.25 278.44 26.25 18.98 0.9890 high
1151.25 276.33 26.25 18.98 0.9914 high
1155.00 276.33 26.25 16.88 0.9911 high
1155.00 274.22 26.25 18.98 0.9898 high
1158.75 272.11 26.25 18.98 0.9841 high
1158.75 270.00 26.25 18.98 0.9863 high
1162.50 270.00 26.25 18.98 0.9924 high
1162.50 267.89 30.00 18.98 0.9835 high
1166.25 267.89 26.25 18.98 0.9975 high
1170.00 265.78 26.25 18.98 0.9930 high
1173.75 265.78 26.25 18.98 0.9886 high
1177.50 263.67 26.25 18.98 0.9982 high
1181.25 263.67 26.25 18.98 0.9941 high
1185.00 263.67 26.25 16.88 0.9973 high
1188.75 261.56 30.00 18.98 0.9812 high
1192.50 259.45 30.00 18.98 0.9895 high
1200.00 259.45 26.25 16.88 0.9875 high
1203.75 257.34 30.00 18.98 0.9689 high
1207.50 255.23 30.00 18.98 0.9853 high
1215.00 255.23 26.25 18.98 0.9918 high
1222.50 255.23 26.25 16.88 0.9903 high
1226.25 253.12 30.00 16.88 0.9791 high
1230.00 251.02 30.00 18.98 0.9842 high
1237.50 251.02 30.00 16.88 0.9943 high
1245.00 248.91 26.25 18.98 0.9827 high
1252.50 246.80 26.25 18.98 0.9895 high
1260.00 246.80 26.25 16.88 0.9731 high
1263.75 244.69 30.00 18.98 0.9742 high
1271.25 244.69 30.00 16.88 0.9799 high
1278.75 244.69 30.00 14.77 0.9944 high
1286.25 242.58 26.25 16.88 0.9928 high
1293.75 240.47 26.25 18.98 0.9850 high
1297.50 238.36 30.00 18.98 0.9870 high
1305.00 236.25 26.25 21.09 0.9816 high
1312.50 234.14 26.25 21.09 0.9980 high
1316.25 234.14 30.00 18.98 0.9923 high
1323.75 232.03 26.25 18.98 0.9996 high
1327.50 232.03 30.00 18.98 0.9863 high
1331.25 229.92 30.00 21.09 0.9895 high
1338.75 229.92 26.25 21.09 0.9782 high
1342.50 229.92 26.25 18.98 0.9943 high
1346.25 227.81 30.00 21.09 0.9795 high
1350.00 227.81 30.00 18.98 0.9819 high
1353.75 225.70 30.00 21.09 0.9913 high
1357.50 225.70 30.00 21.09 0.9947 high
1361.25 225.70 30.00 21.09 0.9749 high
1368.75 227.81 26.25 18.98 0.9859 high
1368.75 227.81 30.00 18.98 0.9900 high
1376.25 227.81 26.25 18.98 0.9986 high
1380.00 229.92 26.25 18.98 0.9926 high
1383.75 232.03 26.25 18.98 0.9974 high
1387.50 232.03 30.00 21.09 0.9823 high
1391.25 236.25 30.00 18.98 0.9907 high
1395.00 238.36 26.25 18.98 0.9937 high
1398.75 242.58 30.00 16.88 0.9909 high
1398.75 244.69 30.00 16.88 0.9984 high
1402.50 246.80 33.75 18.98 0.9934 high
1406.25 248.91 30.00 18.98 0.9981 high
1410.00 253.12 33.75 14.77 0.9845 high
1410.00 255.23 33.75 14.77 0.9987 high
1413.75 257.34 30.00 14.77 0.9974 high
1417.50 257.34 33.75 14.77 0.9848 high
1421.25 257.34 30.00 14.77 0.9923 high
1425.00 257.34 30.00 14.77 0.9817 high
1428.75 257.34 30.00 14.77 0.9870 high
1428.75 257.34 30.00 14.77 0.9998 high
1432.50 255.23 33.75 14.77 0.9983 high
1432.50 253.12 37.50 16.88 0.9919 high
1436.25 251.02 37.50 16.88 0.9961 high
1440.00 248.91 37.50 16.88 0.9977 high
1443.75 246.80 37.50 16.88 0.9839 high
1447.50 244.69 33.75 14.77 0.9961 high
1447.50 240.47 37.50 18.98 0.9758 high
1451.25 240.47 37.50 14.77 0.9869 high
1455.00 236.25 37.50 16.88 0.9928 high
1455.00 232.03 37.50 18.98 0.9743 high
1462.50 229.92 33.75 16.88 0.9936 high
1462.50 225.70 37.50 18.98 0.9897 high
1466.25 223.59 37.50 16.88 0.9934 high
1470.00 219.38 37.50 16.88 0.9897 high
1473.75 215.16 37.50 18.98 0.9928 high
1477.50 213.05 37.50 16.88 0.9932 high
1481.25 208.83 37.50 18.98 0.9857 high
1485.00 206.72 33.75 16.88 0.9930 high
1488.75 202.50 33.75 16.88 0.9908 high
1488.75 198.28 37.50 18.98 0.9934 high
1496.25 196.17 33.75 16.88 0.9986 high
1500.00 191.95 33.75 18.98 0.9919 high
1503.75 187.73 33.75 21.09 0.9972 high
1503.75 183.52 37.50 23.20 0.9908 high
1511.25 181.41 30.00 23.20 0.9948 high
1511.25 179.30 37.50 23.20 0.9929 high
1518.75 179.30 33.75 23.20 0.9886 high
1518.75 177.19 37.50 23.20 0.9886 high
1526.25 177.19 33.75 23.20 0.9942 high
1526.25 177.19 37.50 23.20 0.9903 high
1533.75 177.19 37.50 23.20 0.9871 high
1537.50 177.19 33.75 25.31 0.9805 high
1537.50 179.30 37.50 23.20 0.9876 high
1541.25 179.30 37.50 23.20 0.9803 high
1548.75 179.30 37.50 25.31 0.9931 high
1552.50 181.41 33.75 23.20 0.9801 high
1552.50 181.41 37.50 25.31 0.9875 high
1556.25 183.52 37.50 25.31 0.9899 high
1563.75 183.52 33.75 27.42 0.9876 high
1563.75 185.62 37.50 25.31 0.9884 high
1571.25 185.62 33.75 27.42 0.9831 high
1567.50 187.73 37.50 27.42 0.9933 high
1571.25 187.73 37.50 27.42 0.9864 high
1571.25 189.84 37.50 27.42 0.9900 high
1571.25 189.84 37.50 27.42 0.9952 high
1571.25 189.84 37.50 27.42 0.9899 high
1571.25 187.73 37.50 29.53 0.9909 high
1571.25 187.73 37.50 29.53 0.9800 high
1571.25 187.73 33.75 29.53 0.9932 high
1567.50 187.73 37.50 27.42 0.9883 high
1563.75 185.62 37.50 29.53 0.9832 high
1563.75 185.62 33.75 27.42 0.9954 high
1556.25 185.62 37.50 27.42 0.9957 high
1552.50 185.62 37.50 25.31 0.9845 high
1548.75 183.52 37.50 27.42 0.9915 high
1545.00 183.52 37.50 27.42 0.9974 high
1541.25 181.41 37.50 27.42 0.9884 high
1533.75 181.41 37.50 27.42 0.9873 high
1530.00 179.30 37.50 27.42 0.9903 high
1522.50 179.30 37.50 27.42 0.9922 high
1518.75 179.30 37.50 25.31 0.9947 high
1511.25 179.30 41.25 25.31 0.9911 high
1507.50 179.30 37.50 25.31 0.9934 high
1500.00 179.30 37.50 25.31 0.9938 high
1492.50 179.30 41.25 25.31 0.9895 high
1488.75 177.19 33.75 27.42 0.9897 high
1481.25 179.30 37.50 25.31 0.9887 high
1473.75 177.19 37.50 27.42 0.9931 high
1470.00 177.19 37.50 27.42 0.9795 high
1462.50 179.30 33.75 25.31 0.9884 high
1455.00 179.30 37.50 27.42 0.9922 high
1447.50 179.30 33.75 25.31 0.9917 high
1443.75 179.30 33.75 27.42 0.9922 high
1432.50 181.41 37.50 25.31 0.9943 high
1425.00 181.41 37.50 27.42 0.9875 high
1417.50 183.52 33.75 27.42 0.9875 high
1410.00 183.52 37.50 27.42 0.9874 high
1402.50 185.62 33.75 25.31 0.9919 high
1395.00 187.73 33.75 25.31 0.9869 high
1387.50 187.73 33.75 29.53 0.9875 high
1380.00 191.95 33.75 25.31 0.9903 high
1372.50 196.17 33.75 25.31 0.9878 high
1365.00 200.39 37.50 23.20 0.9888 high
1357.50 204.61 33.75 23.20 0.9862 high
1350.00 210.94 37.50 21.09 0.9884 high
1342.50 215.16 37.50 18.98 0.9989 high
1335.00 219.38 37.50 21.09 0.9900 high
1327.50 223.59 37.50 23.20 0.9909 high
1323.75 229.92 37.50 21.09 0.9858 high
1316.25 236.25 33.75 21.09 0.9877 high
1308.75 240.47 33.75 23.20 0.9883 high
1301.25 246.80 37.50 23.20 0.9955 high
1297.50 251.02 33.75 23.20 0.9941 high
1293.75 257.34 33.75 23.20 0.9916 high
1286.25 263.67 37.50 23.20 0.9815 high
1282.50 270.00 33.75 23.20 0.9967 high
1278.75 276.33 33.75 25.31 0.9887 high
1271.25 282.66 37.50 25.31 0.9853 high
1271.25 288.98 33.75 25.31 0.9927 high
1267.50 295.31 33.75 25.31 0.9949 high
1263.75 301.64 33.75 25.31 0.9895 high
1260.00 307.97 33.75 25.31 0.9913 high
1256.25 314.30 37.50 25.31 0.9874 high
1256.25 322.73 37.50 23.20 0.9919 high
1256.25 331.17 33.75 21.09 0.9936 high
1252.50 337.50 33.75 21.09 0.9861 high
1252.50 345.94 33.75 18.98 0.9869 high
1252.50 352.27 33.75 18.98 0.9876 high
1252.50 358.59 33.75 18.98 0.9931 high
1252.50 364.92 33.75 18.98 0.9954 high
1248.75 371.25 33.75 18.98 0.9949 high
1248.75 375.47 37.50 18.98 0.9831 high
1248.75 381.80 33.75 18.98 0.9690 high
1248.75 383.91 33.75 21.09 0.9807 high
1248.75 390.23 33.75 18.98 0.9876 high
1252.50 394.45 30.00 18.98 0.9914 high
1252.50 398.67 33.75 18.98 0.9862 high
1252.50 402.89 33.75 18.98 0.9758 high
1252.50 405.00 33.75 18.98 0.9890 high
1256.25 407.11 37.50 21.09 0.9843 high
1256.25 409.22 37.50 18.98 0.9975 high
1256.25 411.33 33.75 21.09 0.9768 high
1256.25 411.33 37.50 21.09 0.9809 high
1256.25 413.44 37.50 21.09 0.9734 high
1260.00 415.55 33.75 18.98 0.9902 high
1260.00 415.55 33.75 21.09 0.9800 high
1260.00 417.66 33.75 18.98 0.9905 high
1260.00 417.66 33.75 18.98 0.9882 high
1256.25 417.66 37.50 18.98 0.9800 high
1256.25 417.66 37.50 18.98 0.9696 high
1256.25 417.66 37.50 18.98 0.9754 high
1256.25 417.66 37.50 18.98 0.9804 high
1256.25 417.66 37.50 18.98 0.9814 high
1256.25 417.66 37.50 18.98 0.9877 high
1256.25 417.66 37.50 18.98 0.9847 high
1252.50 417.66 41.25 18.98 0.9877 high
1252.50 417.66 41.25 18.98 0.9742 high
1252.50 417.66 41.25 18.98 0.9864 high
1256.25 415.55 33.75 21.09 0.9918 high
1252.50 415.55 37.50 23.20 0.9903 high
1252.50 415.55 33.75 23.20 0.9681 high
1256.25 415.55 30.00 23.20 0.9812 high
1252.50 415.55 30.00 23.20 0.9950 high
1252.50 415.55 30.00 25.31 0.9926 high
1248.75 415.55 30.00 25.31 0.9854 high
1248.75 415.55 30.00 25.31 0.9873 high
1241.25 415.55 33.75 25.31 0.9722 high
1241.25 415.55 30.00 25.31 0.9895 high
1233.75 415.55 33.75 25.31 0.9772 high
1230.00 415.55 33.75 25.31 0.9937 high
1226.25 415.55 30.00 25.31 0.9922 high
1218.75 415.55 33.75 25.31 0.9824 high
1215.00 415.55 33.75 25.31 0.9965 high
1207.50 415.55 33.75 25.31 0.9919 high
1203.75 415.55 30.00 25.31 0.9847 high
1196.25 415.55 33.75 25.31 0.9815 high
1188.75 415.55 33.75 23.20 0.9977 high
1181.25 417.66 33.75 23.20 0.9931 high
1173.75 417.66 33.75 21.09 0.9796 high
1166.25 419.77 37.50 18.98 0.9996 high
1158.75 421.88 37.50 18.98 0.9891 high
1151.25 421.88 37.50 18.98 0.9894 high
1143.75 423.98 37.50 18.98 0.9898 high
1140.00 426.09 37.50 16.88 0.9912 high
1132.50 426.09 37.50 18.98 0.9785 high
1125.00 428.20 37.50 18.98 0.9952 high
1121.25 428.20 33.75 21.09 0.9988 high
1113.75 430.31 37.50 21.09 0.9943 high
1106.25 432.42 41.25 18.98 0.9931 high
1102.50 434.53 41.25 18.98 0.9876 high
1098.75 434.53 37.50 18.98 0.9964 high
1091.25 436.64 37.50 18.98 0.9894 high
1087.50 436.64 41.25 18.98 0.9861 high
1083.75 438.75 41.25 16.88 0.9855 high
1080.00 438.75 41.25 16.88 0.9971 high
1076.25 438.75 41.25 14.77 0.9839 high
1072.50 436.64 37.50 16.88 0.9963 high
1065.00 434.53 41.25 16.88 0.9961 high
1065.00 434.53 37.50 16.88 0.9991 high
1061.25 432.42 37.50 16.88 0.9907 high
1057.50 432.42 37.50 16.88 0.9984 high
1053.75 430.31 37.50 16.88 0.9913 high
1050.00 426.09 37.50 18.98 0.9879 high
1042.50 426.09 41.25 16.88 0.9982 high
1042.50 423.98 33.75 16.88 0.9953 high
1038.75 419.77 37.50 18.98 0.9922 high
1031.25 417.66 41.25 18.98 0.9958 high
1027.50 415.55 41.25 18.98 0.9751 high
1023.75 413.44 41.25 16.88 0.9896 high
1020.00 409.22 41.25 18.98 0.9975 high
1016.25 407.11 41.25 16.88 0.9983 high
1012.50 405.00 41.25 16.88 0.9941 high
1005.00 400.78 45.00 18.98 0.9910 high
1005.00 398.67 41.25 16.88 0.9949 high
997.50 394.45 45.00 18.98 0.9968 high
993.75 392.34 45.00 16.88 0.9896 high
990.00 388.12 45.00 18.98 0.9954 high
986.25 386.02 45.00 18.98 0.9869 high
982.50 383.91 45.00 18.98 0.9970 high
978.75 381.80 41.25 21.09 0.9819 high
975.00 381.80 41.25 18.98 0.9885 high
967.50 379.69 45.00 21.09 0.9838 high
963.75 381.80 45.00 18.98 0.9913 high
960.00 381.80 45.00 18.98 0.9851 high
956.25 381.80 45.00 21.09 0.9824 high
952.50 383.91 45.00 18.98 0.9916 high
945.00 383.91 48.75 21.09 0.9775 high
941.25 386.02 48.75 21.09 0.9868 high
937.50 388.12 45.00 21.09 0.9920 high
933.75 388.12 45.00 23.20 0.9991 high
930.00 388.12 41.25 25.31 0.9915 high
922.50 390.23 45.00 25.31 0.9897 high
918.75 394.45 45.00 25.31 0.9946 high
915.00 396.56 45.00 27.42 0.9910 high
911.25 400.78 41.25 27.42 0.9821 high
907.50 402.89 41.25 29.53 0.9828 high
903.75 409.22 45.00 27.42 0.9895 high
900.00 411.33 45.00 29.53 0.9844 high
896.25 415.55 45.00 29.53 0.9855 high
892.50 419.77 45.00 29.53 0.9987 high
888.75 426.09 45.00 29.53 0.9909 high
888.75 432.42 45.00 27.42 0.9968 high
885.00 436.64 45.00 29.53 0.9918 high
885.00 442.97 45.00 29.53 0.9928 high
881.25 449.30 45.00 29.53 0.9894 high
881.25 455.62 45.00 29.53 0.9870 high
877.50 461.95 48.75 27.42 0.9915 high
877.50 466.17 45.00 29.53 0.9938 high
877.50 472.50 45.00 29.53 0.9866 high
873.75 478.83 48.75 27.42 0.9938 high
873.75 483.05 48.75 27.42 0.9911 high
873.75 487.27 52.50 27.42 0.9912 high
873.75 491.48 48.75 27.42 0.9977 high
873.75 495.70 48.75 25.31 0.9854 high
870.00 497.81 52.50 25.31 0.9922 high
870.00 499.92 48.75 23.20 0.9928 high
870.00 499.92 48.75 25.31 0.9946 high
870.00 499.92 48.75 25.31 0.9891 high
870.00 499.92 48.75 25.31 0.9903 high
870.00 499.92 48.75 23.20 0.9917 high
870.00 499.92 48.75 23.20 0.9956 high
870.00 497.81 48.75 25.31 0.9944 high
866.25 497.81 52.50 23.20 0.9883 high
866.25 495.70 52.50 25.31 0.9965 high
866.25 493.59 52.50 25.31 0.9916 high
866.25 493.59 52.50 25.31 0.9960 high
866.25 491.48 52.50 25.31 0.9842 high
866.25 491.48 52.50 23.20 0.9975 high
866.25 489.38 52.50 23.20 0.9966 high
866.25 487.27 52.50 25.31 0.9929 high
866.25 485.16 52.50 25.31 0.9920 high
866.25 485.16 52.50 23.20 0.9940 high
866.25 483.05 52.50 25.31 0.9858 high
866.25 483.05 52.50 25.31 0.9912 high
862.50 483.05 56.25 25.31 0.9846 high
862.50 483.05 56.25 25.31 0.9871 high
862.50 483.05 56.25 25.31 0.9913 high
866.25 485.16 52.50 23.20 0.9959 high
862.50 485.16 56.25 25.31 0.9829 high
862.50 485.16 56.25 25.31 0.9905 high
862.50 485.16 56.25 25.31 0.9927 high
862.50 485.16 56.25 25.31 0.9923 high
862.50 487.27 56.25 23.20 0.9878 high
862.50 487.27 52.50 23.20 0.9980 high
862.50 487.27 56.25 23.20 0.9925 high
862.50 485.16 52.50 25.31 0.9974 high
862.50 485.16 52.50 25.31 0.9919 high
862.50 483.05 52.50 25.31 0.9916 high
862.50 483.05 56.25 25.31 0.9911 high
862.50 480.94 56.25 25.31 0.9962 high
862.50 480.94 56.25 25.31 0.9858 high
866.25 478.83 52.50 25.31 0.9916 high
870.00 478.83 52.50 23.20 0.9856 high
870.00 476.72 56.25 23.20 0.9846 high
873.75 474.61 52.50 21.09 0.9954 high
873.75 472.50 52.50 21.09 0.9959 high
877.50 468.28 52.50 23.20 0.9946 high
877.50 466.17 56.25 21.09 0.9859 high
877.50 461.95 56.25 21.09 0.9913 high
881.25 457.73 56.25 23.20 0.9855 high
881.25 453.52 60.00 23.20 0.9857 high
881.25 449.30 63.75 23.20 0.9943 high
885.00 445.08 60.00 25.31 0.9953 high
888.75 438.75 60.00 27.42 0.9893 high
888.75 432.42 56.25 29.53 0.9908 high
892.50 428.20 56.25 29.53 0.9970 high
892.50 423.98 60.00 31.64 0.9897 high
896.25 419.77 60.00 33.75 0.9903 high
896.25 419.77 60.00 29.53 0.9934 high
900.00 417.66 60.00 29.53 0.9926 high
900.00 413.44 60.00 33.75 0.9902 high
903.75 411.33 60.00 33.75 0.9890 high
903.75 411.33 63.75 33.75 0.9902 high
907.50 411.33 63.75 33.75 0.9951 high
907.50 411.33 63.75 35.86 0.9835 high
911.25 415.55 63.75 33.75 0.9899 high
911.25 417.66 63.75 33.75 0.9886 high
915.00 419.77 63.75 35.86 0.9949 high
915.00 423.98 63.75 35.86 0.9941 high
918.75 426.09 63.75 37.97 0.9867 high
918.75 432.42 63.75 35.86 0.9880 high
918.75 436.64 63.75 35.86 0.9831 high
918.75 442.97 67.50 37.97 0.9929 high
922.50 449.30 63.75 37.97 0.9923 high
922.50 455.62 67.50 35.86 0.9891 high
926.25 461.95 63.75 37.97 0.9904 high
926.25 470.39 63.75 35.86 0.9871 high
926.25 474.61 67.50 35.86 0.9942 high
926.25 483.05 71.25 33.75 0.9930 high
926.25 487.27 71.25 33.75 0.9953 high
930.00 493.59 67.50 33.75 0.9861 high
930.00 502.03 67.50 29.53 0.9869 high
933.75 504.14 67.50 31.64 0.9927 high
933.75 510.47 67.50 29.53 0.9908 high
933.75 512.58 67.50 29.53 0.9910 high
933.75 514.69 67.50 29.53 0.9861 high
933.75 516.80 71.25 29.53 0.9950 high
937.50 518.91 71.25 29.53 0.9895 high
937.50 521.02 71.25 27.42 0.9869 high
937.50 523.12 71.25 27.42 0.9909 high
941.25 523.12 67.50 27.42 0.9922 high
941.25 521.02 67.50 29.53 0.9889 high
941.25 518.91 67.50 29.53 0.9917 high
941.25 516.80 71.25 31.64 0.9900 high
945.00 514.69 67.50 31.64 0.9910 high
948.75 514.69 67.50 31.64 0.9903 high
948.75 510.47 67.50 33.75 0.9865 high
952.50 510.47 67.50 31.64 0.9955 high
952.50 508.36 71.25 29.53 0.9953 high
956.25 506.25 71.25 27.42 0.9939 high
960.00 502.03 71.25 29.53 0.9860 high
963.75 499.92 71.25 27.42 0.9883 high
967.50 493.59 75.00 29.53 0.9950 high
971.25 487.27 75.00 31.64 0.9843 high
971.25 483.05 75.00 31.64 0.9907 high
975.00 476.72 78.75 33.75 0.9952 high
978.75 470.39 78.75 35.86 0.9888 high
982.50 466.17 78.75 37.97 0.9842 high
986.25 461.95 78.75 37.97 0.9912 high
990.00 457.73 78.75 40.08 0.9920 high
993.75 455.62 78.75 40.08 0.9930 high
997.50 453.52 75.00 40.08 0.9865 high
1001.25 451.41 75.00 40.08 0.9927 high
1001.25 449.30 78.75 42.19 0.9916 high
1005.00 449.30 78.75 42.19 0.9923 high
1008.75 449.30 78.75 42.19 0.9937 high
1008.75 449.30 82.50 42.19 0.9885 high
1012.50 451.41 82.50 40.08 0.9892 high
1012.50 451.41 82.50 42.19 0.9895 high
1016.25 453.52 82.50 42.19 0.9906 high
1016.25 455.62 86.25 42.19 0.9948 high
1020.00 457.73 82.50 42.19 0.9952 high
1023.75 459.84 82.50 42.19 0.9913 high
1023.75 464.06 82.50 40.08 0.9956 high
1023.75 466.17 82.50 40.08 0.9906 high
1023.75 468.28 86.25 42.19 0.9944 high
1023.75 470.39 86.25 42.19 0.9912 high
1027.50 472.50 86.25 42.19 0.9882 high
1027.50 476.72 86.25 40.08 0.9920 high
1027.50 476.72 86.25 42.19 0.9898 high
1027.50 480.94 90.00 37.97 0.9931 high
1031.25 480.94 86.25 40.08 0.9924 high
1031.25 483.05 86.25 37.97 0.9906 high
1031.25 483.05 86.25 37.97 0.9927 high
1031.25 485.16 86.25 37.97 0.9926 high
1031.25 485.16 86.25 37.97 0.9893 high
1031.25 485.16 86.25 37.97 0.9865 high
1031.25 483.05 86.25 42.19 0.9891 high
1031.25 478.83 86.25 46.41 0.9888 high
1031.25 476.72 82.50 48.52 0.9934 high
1031.25 474.61 78.75 50.62 0.9932 high
1031.25 474.61 75.00 50.62 0.9896 high
1027.50 474.61 75.00 50.62 0.9952 high
1023.75 474.61 75.00 50.62 0.9942 high
1016.25 472.50 78.75 52.73 0.9904 high
1008.75 474.61 78.75 48.52 0.9922 high
1001.25 474.61 82.50 48.52 0.9902 high
993.75 476.72 78.75 44.30 0.9889 high
982.50 476.72 82.50 44.30 0.9920 high
975.00 478.83 82.50 40.08 0.9958 high
963.75 478.83 86.25 35.86 0.9911 high
952.50 474.61 90.00 40.08 0.9916 high
945.00 470.39 86.25 44.30 0.9891 high
937.50 468.28 86.25 44.30 0.9926 high
930.00 464.06 82.50 48.52 0.9912 high
922.50 464.06 82.50 48.52 0.9948 high
915.00 461.95 82.50 50.62 0.9919 high
907.50 461.95 78.75 50.62 0.9961 high
900.00 459.84 82.50 52.73 0.9934 high
896.25 461.95 82.50 50.62 0.9947 high
888.75 461.95 82.50 50.62 0.9937 high
881.25 461.95 86.25 50.62 0.9867 high
881.25 461.95 82.50 52.73 0.9942 high
873.75 464.06 86.25 50.62 0.9890 high
873.75 464.06 82.50 50.62 0.9895 high
870.00 468.28 82.50 46.41 0.9908 high
866.25 468.28 86.25 46.41 0.9890 high
862.50 468.28 86.25 46.41 0.9941 high
862.50 470.39 86.25 44.30 0.9918 high
858.75 472.50 86.25 44.30 0.9884 high
858.75 474.61 86.25 42.19 0.9921 high
858.75 476.72 86.25 42.19 0.9904 high
858.75 480.94 82.50 40.08 0.9939 high
855.00 483.05 86.25 42.19 0.9896 high
855.00 487.27 86.25 42.19 0.9899 high
855.00 491.48 86.25 42.19 0.9903 high
855.00 497.81 82.50 40.08 0.9915 high
855.00 502.03 82.50 42.19 0.9915 high
851.25 506.25 86.25 42.19 0.9895 high
851.25 512.58 86.25 42.19 0.9892 high
851.25 518.91 86.25 42.19 0.9919 high
851.25 525.23 86.25 42.19 0.9881 high
851.25 529.45 86.25 42.19 0.9961 high
851.25 535.78 86.25 42.19 0.9951 high
851.25 540.00 86.25 42.19 0.9936 high
855.00 544.22 82.50 42.19 0.9900 high
851.25 548.44 90.00 40.08 0.9957 high
855.00 552.66 86.25 40.08 0.9922 high
855.00 556.88 90.00 37.97 0.9950 high
855.00 558.98 90.00 37.97 0.9834 high
858.75 563.20 86.25 35.86 0.9883 high
858.75 565.31 86.25 35.86 0.9891 high
862.50 567.42 82.50 35.86 0.9911 high
862.50 569.53 86.25 33.75 0.9936 high
862.50 569.53 86.25 35.86 0.9903 high
862.50 571.64 90.00 35.86 0.9939 high
862.50 571.64 90.00 35.86 0.9884 high
866.25 571.64 86.25 35.86 0.9888 high
866.25 573.75 86.25 35.86 0.9953 high
866.25 575.86 86.25 33.75 0.9913 high
870.00 575.86 86.25 35.86 0.9887 high
870.00 577.97 82.50 33.75 0.9914 high
873.75 575.86 82.50 35.86 0.9881 high
873.75 573.75 82.50 37.97 0.9927 high
873.75 573.75 86.25 37.97 0.9875 high
877.50 571.64 82.50 40.08 0.9947 high
881.25 571.64 82.50 42.19 0.9903 high
881.25 571.64 86.25 40.08 0.9880 high
885.00 571.64 82.50 40.08 0.9951 high
888.75 569.53 82.50 40.08 0.9922 high
888.75 569.53 86.25 40.08 0.9882 high
892.50 569.53 86.25 37.97 0.9935 high
896.25 569.53 86.25 35.86 0.9882 high
900.00 569.53 90.00 33.75 0.9863 high
903.75 567.42 93.75 33.75 0.9931 high
907.50 561.09 93.75 37.97 0.9915 high
911.25 558.98 93.75 35.86 0.9949 high
915.00 552.66 93.75 40.08 0.9914 high
918.75 546.33 93.75 44.30 0.9896 high
922.50 544.22 93.75 44.30 0.9963 high
926.25 540.00 97.50 46.41 0.9937 high
930.00 537.89 97.50 48.52 0.9915 high
933.75 535.78 97.50 48.52 0.9943 high
937.50 533.67 97.50 48.52 0.9898 high
941.25 531.56 97.50 50.62 0.9899 high
945.00 531.56 97.50 48.52 0.9927 high
948.75 529.45 97.50 50.62 0.9938 high
948.75 529.45 101.25 48.52 0.9907 high
952.50 529.45 97.50 48.52 0.9950 high
956.25 529.45 97.50 48.52 0.9907 high
956.25 529.45 101.25 46.41 0.9950 high
960.00 527.34 101.25 48.52 0.9904 high
960.00 527.34 101.25 46.41 0.9941 high
963.75 525.23 101.25 48.52 0.9899 high
963.75 523.12 101.25 48.52 0.9919 high
967.50 521.02 97.50 48.52 0.9907 high
967.50 518.91 101.25 46.41 0.9886 high
967.50 516.80 101.25 46.41 0.9907 high
967.50 512.58 101.25 46.41 0.9921 high
967.50 506.25 101.25 46.41 0.9902 high
967.50 502.03 101.25 46.41 0.9922 high
971.25 497.81 97.50 44.30 0.9905 high
971.25 489.38 101.25 46.41 0.9888 high
971.25 483.05 101.25 46.41 0.9939 high
971.25 476.72 101.25 44.30 0.9960 high
971.25 468.28 101.25 44.30 0.9915 high
971.25 464.06 101.25 42.19 0.9944 high
971.25 453.52 101.25 44.30 0.9942 high
971.25 447.19 101.25 44.30 0.9916 high
971.25 438.75 101.25 44.30 0.9895 high
971.25 432.42 101.25 44.30 0.9893 high
971.25 428.20 101.25 42.19 0.9904 high
971.25 421.88 101.25 44.30 0.9921 high
971.25 417.66 101.25 44.30 0.9947 high
975.00 413.44 97.50 44.30 0.9935 high
971.25 409.22 101.25 44.30 0.9892 high
975.00 407.11 97.50 44.30 0.9944 high
975.00 402.89 97.50 46.41 0.9907 high
975.00 400.78 97.50 46.41 0.9905 high
971.25 398.67 97.50 46.41 0.9909 high
975.00 398.67 97.50 46.41 0.9918 high
975.00 398.67 93.75 44.30 0.9948 high
975.00 398.67 93.75 44.30 0.9961 high
975.00 398.67 93.75 44.30 0.9944 high
975.00 398.67 93.75 44.30 0.9879 high
975.00 398.67 93.75 44.30 0.9894 high
975.00 398.67 93.75 44.30 0.9911 high
975.00 398.67 93.75 44.30 0.9910 high
975.00 398.67 93.75 44.30 0.9952 high
975.00 396.56 93.75 44.30 0.9907 high
971.25 396.56 97.50 44.30 0.9888 high
975.00 396.56 93.75 44.30 0.9950 high
971.25 394.45 97.50 44.30 0.9921 high
971.25 392.34 97.50 46.41 0.9888 high
975.00 392.34 93.75 44.30 0.9927 high
975.00 390.23 93.75 44.30 0.9923 high
971.25 388.12 97.50 44.30 0.9923 high
971.25 386.02 97.50 46.41 0.9936 high
971.25 383.91 97.50 46.41 0.9901 high
975.00 381.80 93.75 46.41 0.9892 high
971.25 379.69 97.50 46.41 0.9887 high
971.25 377.58 97.50 44.30 0.9913 high
975.00 373.36 93.75 46.41 0.9888 high
971.25 371.25 97.50 46.41 0.9915 high
975.00 367.03 93.75 46.41 0.9935 high
975.00 364.92 93.75 46.41 0.9919 high
975.00 362.81 93.75 44.30 0.9891 high
975.00 358.59 93.75 44.30 0.9894 high
975.00 356.48 93.75 44.30 0.9930 high
975.00 352.27 93.75 46.41 0.9888 high
975.00 350.16 97.50 46.41 0.9881 high
975.00 348.05 97.50 46.41 0.9911 high
978.75 348.05 93.75 44.30 0.9957 high
978.75 345.94 90.00 44.30 0.9915 high
978.75 345.94 93.75 44.30 0.9893 high
978.75 343.83 93.75 44.30 0.9926 high
978.75 343.83 93.75 44.30 0.9927 high
978.75 343.83 93.75 44.30 0.9924 high
978.75 343.83 93.75 44.30 0.9925 high
978.75 343.83 93.75 44.30 0.9921 high
978.75 343.83 93.75 44.30 0.9923 high
982.50 345.94 90.00 42.19 0.9954 high
982.50 345.94 90.00 42.19 0.9912 high
982.50 345.94 90.00 44.30 0.9940 high
982.50 348.05 90.00 42.19 0.9924 high
982.50 348.05 90.00 42.19 0.9882 high
982.50 350.16 90.00 42.19 0.9928 high
982.50 350.16 90.00 42.19 0.9928 high
986.25 352.27 86.25 42.19 0.9914 high
986.25 352.27 86.25 42.19 0.9906 high
986.25 354.38 86.25 40.08 0.9875 high
986.25 354.38 86.25 42.19 0.9939 high
986.25 356.48 90.00 42.19 0.9926 high
986.25 356.48 90.00 42.19 0.9944 high
986.25 358.59 90.00 42.19 0.9921 high
986.25 358.59 90.00 42.19 0.9926 high
986.25 360.70 90.00 42.19 0.9914 high
986.25 362.81 90.00 40.08 0.9904 high
986.25 362.81 90.00 42.19 0.9862 high
986.25 362.81 90.00 42.19 0.9916 high
986.25 364.92 93.75 42.19 0.9946 high
986.25 364.92 93.75 44.30 0.9899 high
986.25 364.92 93.75 44.30 0.9944 high
986.25 364.92 93.75 46.41 0.9896 high
986.25 367.03 93.75 44.30 0.9933 high
986.25 367.03 93.75 46.41 0.9922 high
982.50 367.03 97.50 46.41 0.9938 high
982.50 369.14 97.50 46.41 0.9919 high
982.50 369.14 101.25 46.41 0.9899 high
982.50 367.03 101.25 50.62 0.9891 high
982.50 367.03 101.25 50.62 0.9920 high
982.50 369.14 101.25 48.52 0.9930 high
982.50 369.14 101.25 48.52 0.9920 high
982.50 369.14 101.25 50.62 0.9886 high
982.50 369.14 101.25 50.62 0.9882 high
982.50 369.14 101.25 50.62 0.9925 high
982.50 369.14 101.25 50.62 0.9950 high
982.50 369.14 101.25 52.73 0.9906 high
982.50 371.25 101.25 50.62 0.9917 high
982.50 371.25 101.25 50.62 0.9928 high
982.50 371.25 101.25 50.62 0.9907 high
982.50 371.25 101.25 50.62 0.9917 high
982.50 371.25 101.25 50.62 0.9910 high
986.25 371.25 97.50 50.62 0.9935 high
982.50 369.14 101.25 50.62 0.9922 high
982.50 367.03 101.25 50.62 0.9892 high
986.25 364.92 101.25 50.62 0.9889 high
986.25 364.92 101.25 48.52 0.9943 high
986.25 362.81 101.25 48.52 0.9896 high
990.00 360.70 97.50 48.52 0.9912 high
986.25 360.70 97.50 46.41 0.9926 high
990.00 360.70 93.75 44.30 0.9943 high
990.00 358.59 93.75 44.30 0.9901 high
990.00 356.48 93.75 44.30 0.9888 high
990.00 354.38 93.75 46.41 0.9937 high
990.00 354.38 93.75 44.30 0.9930 high
990.00 352.27 93.75 44.30 0.9949 high
990.00 352.27 93.75 44.30 0.9887 high
990.00 352.27 93.75 44.30 0.9940 high
990.00 350.16 93.75 44.30 0.9918 high
990.00 348.05 93.75 46.41 0.9920 high
990.00 345.94 93.75 46.41 0.9942 high
990.00 343.83 93.75 46.41 0.9950 high
990.00 341.72 93.75 46.41 0.9904 high
990.00 337.50 93.75 46.41 0.9858 high
990.00 333.28 93.75 46.41 0.9922 high
990.00 326.95 93.75 48.52 0.9913 high
990.00 320.62 93.75 48.52 0.9883 high
993.75 314.30 90.00 48.52 0.9939 high
993.75 305.86 90.00 48.52 0.9915 high
993.75 295.31 90.00 50.62 0.9879 high
993.75 286.88 90.00 50.62 0.9948 high
993.75 276.33 93.75 52.73 0.9915 high
993.75 265.78 90.00 54.84 0.9851 high
993.75 259.45 90.00 56.95 0.9838 high
997.50 251.02 86.25 61.17 0.9884 high
993.75 246.80 86.25 61.17 0.9891 high
997.50 242.58 82.50 59.06 0.9858 high
993.75 238.36 82.50 61.17 0.9866 high
993.75 234.14 82.50 61.17 0.9870 high
990.00 234.14 86.25 59.06 0.9837 high
990.00 232.03 86.25 59.06 0.9799 high
986.25 232.03 86.25 59.06 0.9857 high
986.25 232.03 86.25 59.06 0.9881 high
986.25 234.14 82.50 56.95 0.9852 high
982.50 234.14 82.50 59.06 0.9837 high
982.50 238.36 82.50 56.95 0.9830 high
978.75 242.58 82.50 54.84 0.9877 high
975.00 246.80 82.50 52.73 0.9886 high
975.00 248.91 82.50 52.73 0.9862 high
971.25 255.23 82.50 48.52 0.9855 high
967.50 259.45 82.50 50.62 0.9890 high
967.50 261.56 78.75 52.73 0.9828 high
960.00 267.89 82.50 50.62 0.9901 high
960.00 274.22 78.75 48.52 0.9905 high
956.25 280.55 78.75 46.41 0.9820 high
952.50 284.77 78.75 48.52 0.9865 high
952.50 293.20 78.75 44.30 0.9902 high
948.75 297.42 78.75 46.41 0.9890 high
948.75 301.64 75.00 46.41 0.9918 high
945.00 310.08 75.00 42.19 0.9874 high
941.25 314.30 75.00 46.41 0.9882 high
941.25 320.62 71.25 44.30 0.9852 high
937.50 326.95 71.25 44.30 0.9873 high
933.75 333.28 75.00 42.19 0.9901 high
933.75 341.72 71.25 37.97 0.9915 high
930.00 350.16 71.25 35.86 0.9923 high
926.25 356.48 75.00 35.86 0.9892 high
926.25 364.92 71.25 31.64 0.9888 high
926.25 371.25 67.50 29.53 0.9975 high
922.50 377.58 67.50 27.42 0.9902 high
922.50 381.80 67.50 27.42 0.9861 high
922.50 388.12 63.75 27.42 0.9913 high
918.75 390.23 67.50 27.42 0.9899 high
918.75 392.34 63.75 29.53 0.9964 high
918.75 394.45 63.75 31.64 0.9924 high
918.75 396.56 60.00 33.75 0.9891 high
918.75 396.56 60.00 35.86 0.9957 high
918.75 400.78 60.00 35.86 0.9966 high
918.75 400.78 60.00 37.97 0.9932 high
918.75 402.89 60.00 40.08 0.9857 high
922.50 407.11 56.25 37.97 0.9954 high
926.25 409.22 56.25 37.97 0.9859 high
