1668.75 379.69 48.75 40.08 0.9899 init
1676.25 379.69 52.50 42.19 0.9904 high
1687.50 381.80 52.50 40.08 0.9834 high
1698.75 383.91 48.75 42.19 0.9876 high
1706.25 383.91 48.75 44.30 0.9879 high
1713.75 388.12 48.75 42.19 0.9942 high
1721.25 386.02 56.25 46.41 0.9919 high
1728.75 392.34 48.75 44.30 0.9947 high
1736.25 398.67 48.75 42.19 0.9804 high
1743.75 402.89 52.50 42.19 0.9933 high
1751.25 407.11 48.75 44.30 0.9939 high
1758.75 415.55 48.75 42.19 0.9928 high
1762.50 423.98 52.50 37.97 0.9979 high
1766.25 428.20 56.25 40.08 0.9917 high
1773.75 436.64 52.50 37.97 0.9924 high
1777.50 440.86 56.25 40.08 0.9960 high
1781.25 447.19 52.50 40.08 0.9877 high
1785.00 449.30 56.25 42.19 0.9906 high
1788.75 455.62 56.25 40.08 0.9903 high
1792.50 457.73 56.25 42.19 0.9894 high
1788.75 461.95 52.50 40.08 0.9889 high
1788.75 466.17 60.00 37.97 0.9909 high
1792.50 468.28 60.00 37.97 0.9949 high
1796.25 472.50 56.25 37.97 0.9889 high
1796.25 476.72 52.50 35.86 0.9941 high
1800.00 478.83 52.50 35.86 0.9973 high
1796.25 480.94 60.00 35.86 0.9930 high
1792.50 480.94 63.75 35.86 0.9909 high
1796.25 480.94 56.25 40.08 0.9906 high
1803.75 483.05 52.50 37.97 0.9849 high
1807.50 480.94 48.75 42.19 0.9926 high
1807.50 480.94 52.50 44.30 0.9813 high
1811.25 483.05 48.75 42.19 0.9893 high
1815.00 485.16 48.75 42.19 0.9922 high
1818.75 483.05 56.25 46.41 0.9896 high
1826.25 483.05 52.50 46.41 0.9930 high
1833.75 483.05 52.50 46.41 0.9821 high
1848.75 489.38 45.00 37.97 0.9854 high
1856.25 487.27 52.50 42.19 0.9946 high
1863.75 485.16 48.75 44.30 0.9886 high
1878.75 487.27 41.25 40.08 0.9867 high
-100 -100 -100 -100 0.0000 coast_none
-100 -100 -100 -100 0.0000 coast_none
-100 -100 -100 -100 0.0000 coast_none
-100 -100 -100 -100 0.0000 coast_none
-100 -100 -100 -100 0.0000 coast_none
-100 -100 -100 -100 0.0000 coast_none
-100 -100 -100 -100 0.0000 coast_none
-100 -100 -100 -100 0.0000 coast_none
-100 -100 -100 -100 0.0000 coast_none
-100 -100 -100 -100 0.0000 coast_none
-100 -100 -100 -100 0.0000 miss
-100 -100 -100 -100 0.0000 miss
-100 -100 -100 -100 0.0000 miss
-100 -100 -100 -100 0.0000 miss
-100 -100 -100 -100 0.0000 miss
-100 -100 -100 -100 0.0000 miss
-100 -100 -100 -100 0.0000 miss
-100 -100 -100 -100 0.0000 miss
-100 -100 -100 -100 0.0000 miss
-100 -100 -100 -100 0.0000 miss
-100 -100 -100 -100 0.0000 miss
-100 -100 -100 -100 0.0000 miss
-100 -100 -100 -100 0.0000 miss
-100 -100 -100 -100 0.0000 miss
-100 -100 -100 -100 0.0000 miss
-100 -100 -100 -100 0.0000 miss
-100 -100 -100 -100 0.0000 miss
-100 -100 -100 -100 0.0000 miss
-100 -100 -100 -100 0.0000 miss
-100 -100 -100 -100 0.0000 miss
-100 -100 -100 -100 0.0000 lost
-100 -100 -100 -100 0.0000 none
-100 -100 -100 -100 0.0000 none
-100 -100 -100 -100 0.0000 none
-100 -100 -100 -100 0.0000 none
-100 -100 -100 -100 0.0000 none
-100 -100 -100 -100 0.0000 none
-100 -100 -100 -100 0.0000 none
-100 -100 -100 -100 0.0000 none
-100 -100 -100 -100 0.0000 none
-100 -100 -100 -100 0.0000 none
-100 -100 -100 -100 0.0000 none
-100 -100 -100 -100 0.0000 none
-100 -100 -100 -100 0.0000 none
-100 -100 -100 -100 0.0000 none
-100 -100 -100 -100 0.0000 none
-100 -100 -100 -100 0.0000 none
-100 -100 -100 -100 0.0000 none
-100 -100 -100 -100 0.0000 none
-100 -100 -100 -100 0.0000 none
-100 -100 -100 -100 0.0000 none
-100 -100 -100 -100 0.0000 none
-100 -100 -100 -100 0.0000 none
-100 -100 -100 -100 0.0000 none
-100 -100 -100 -100 0.0000 none
-100 -100 -100 -100 0.0000 none
-100 -100 -100 -100 0.0000 none
-100 -100 -100 -100 0.0000 none
-100 -100 -100 -100 0.0000 none
-100 -100 -100 -100 0.0000 none
-100 -100 -100 -100 0.0000 none
-100 -100 -100 -100 0.0000 none
-100 -100 -100 -100 0.0000 none
-100 -100 -100 -100 0.0000 none
-100 -100 -100 -100 0.0000 none
-100 -100 -100 -100 0.0000 none
-100 -100 -100 -100 0.0000 none
-100 -100 -100 -100 0.0000 none
-100 -100 -100 -100 0.0000 none
-100 -100 -100 -100 0.0000 none
1890.00 514.69 15.00 12.66 0.9341 init
1890.00 514.69 15.00 12.66 0.0000 coast
1890.00 514.69 15.00 12.66 0.0000 coast
1822.50 510.47 56.25 44.30 0.9950 reinit
1803.75 514.69 52.50 46.41 0.9904 high
1802.36 515.00 52.22 46.56 0.0000 coast
1798.48 515.87 51.45 47.00 0.0000 coast
1736.25 533.67 60.00 50.62 0.9920 reinit
1736.25 533.67 60.00 50.62 0.0000 coast
1736.25 533.67 60.00 50.62 0.0000 coast
1672.50 563.20 56.25 46.41 0.9944 reinit
1672.50 563.20 56.25 46.41 0.0000 coast
1672.50 563.20 56.25 46.41 0.0000 coast
1601.25 592.73 56.25 46.41 0.9929 reinit
1601.25 592.73 56.25 46.41 0.0000 coast
1601.25 592.73 56.25 46.41 0.0000 coast
1526.25 626.48 52.50 42.19 0.9923 reinit
1526.25 626.48 52.50 42.19 0.0000 coast
1526.25 626.48 52.50 42.19 0.0000 coast
1455.00 653.91 48.75 42.19 0.9906 reinit
1455.00 653.91 48.75 42.19 0.0000 coast
1455.00 653.91 48.75 42.19 0.0000 coast
1402.50 689.77 18.75 10.55 0.9189 reinit
1402.50 689.77 18.75 10.55 0.0000 coast
-100 -100 -100 -100 0.0000 coast_none
1312.50 689.77 33.75 25.31 0.9647 reinit
-100 -100 -100 -100 0.0000 coast_none
-100 -100 -100 -100 0.0000 coast_none
-100 -100 -100 -100 0.0000 coast_none
-100 -100 -100 -100 0.0000 coast_none
-100 -100 -100 -100 0.0000 coast_none
-100 -100 -100 -100 0.0000 coast_none
-100 -100 -100 -100 0.0000 coast_none
-100 -100 -100 -100 0.0000 coast_none
-100 -100 -100 -100 0.0000 coast_none
1061.25 666.56 15.00 12.66 0.9556 reinit
-100 -100 -100 -100 0.0000 coast_none
-100 -100 -100 -100 0.0000 coast_none
982.50 651.80 30.00 14.77 0.9630 reinit
-100 -100 -100 -100 0.0000 coast_none
-100 -100 -100 -100 0.0000 coast_none
926.25 605.39 37.50 31.64 0.9853 reinit
911.25 594.84 45.00 37.97 0.9845 high
910.13 594.06 45.56 38.44 0.0000 coast
907.04 591.88 47.11 39.75 0.0000 coast
873.75 550.55 52.50 37.97 0.9832 reinit
866.25 535.78 48.75 35.86 0.9902 high
865.69 534.68 48.47 35.70 0.0000 coast
864.14 531.63 47.70 35.27 0.0000 coast
836.25 478.83 52.50 40.08 0.9870 reinit
828.75 464.06 52.50 37.97 0.9891 high
828.75 449.30 45.00 35.86 0.9897 high
825.00 432.42 45.00 31.64 0.9736 high
813.75 413.44 48.75 35.86 0.9794 high
806.25 398.67 45.00 31.64 0.9835 high
806.25 386.02 41.25 29.53 0.9857 high
-100 -100 -100 -100 0.0000 coast_none
-100 -100 -100 -100 0.0000 coast_none
-100 -100 -100 -100 0.0000 coast_none
-100 -100 -100 -100 0.0000 coast_none
-100 -100 -100 -100 0.0000 coast_none
791.25 320.62 11.25 6.33 0.7434 high
787.68 308.05 8.00 3.71 0.0000 coast
-100 -100 -100 -100 0.0000 coast_none
-100 -100 -100 -100 0.0000 coast_none
-100 -100 -100 -100 0.0000 coast_none
-100 -100 -100 -100 0.0000 coast_none
-100 -100 -100 -100 0.0000 coast_none
-100 -100 -100 -100 0.0000 coast_none
-100 -100 -100 -100 0.0000 coast_none
-100 -100 -100 -100 0.0000 coast_none
-100 -100 -100 -100 0.0000 coast_none
-100 -100 -100 -100 0.0000 miss
-100 -100 -100 -100 0.0000 miss
-100 -100 -100 -100 0.0000 miss
-100 -100 -100 -100 0.0000 miss
-100 -100 -100 -100 0.0000 miss
-100 -100 -100 -100 0.0000 miss
-100 -100 -100 -100 0.0000 miss
622.50 240.47 37.50 29.53 0.9843 reinit
-100 -100 -100 -100 0.0000 coast_none
-100 -100 -100 -100 0.0000 coast_none
-100 -100 -100 -100 0.0000 coast_none
-100 -100 -100 -100 0.0000 coast_none
-100 -100 -100 -100 0.0000 coast_none
-100 -100 -100 -100 0.0000 coast_none
-100 -100 -100 -100 0.0000 coast_none
577.50 238.36 22.50 16.88 0.9225 high
570.00 242.58 18.75 18.98 0.9458 high
-100 -100 -100 -100 0.0000 coast_none
559.38 242.90 14.99 16.76 0.0000 coast
558.75 232.03 33.75 27.42 0.9812 reinit
551.25 232.03 45.00 33.75 0.9679 high
551.25 229.92 41.25 35.86 0.9781 high
547.50 232.03 41.25 35.86 0.9840 high
540.00 232.03 52.50 37.97 0.9825 high
540.00 232.03 52.50 37.97 0.9837 high
536.25 229.92 52.50 42.19 0.9797 high
540.00 234.14 48.75 40.08 0.9885 high
540.00 234.14 48.75 40.08 0.9754 high
540.00 238.36 52.50 35.86 0.9783 high
540.00 238.36 48.75 37.97 0.9733 high
540.00 240.47 48.75 35.86 0.9774 high
543.75 240.47 48.75 37.97 0.9773 high
543.75 242.58 52.50 37.97 0.9692 high
551.25 246.80 45.00 33.75 0.9688 high
558.75 248.91 37.50 23.20 0.9597 high
555.00 248.91 48.75 35.86 0.9720 high
558.75 253.12 45.00 35.86 0.9725 high
570.00 257.34 33.75 21.09 0.9830 high
573.75 261.56 26.25 23.20 0.9282 high
-100 -100 -100 -100 0.0000 coast_none
581.25 267.89 26.25 23.20 0.9182 high
-100 -100 -100 -100 0.0000 coast_none
585.00 276.33 33.75 21.09 0.9575 high
-100 -100 -100 -100 0.0000 coast_none
-100 -100 -100 -100 0.0000 coast_none
-100 -100 -100 -100 0.0000 coast_none
603.75 293.20 30.00 14.77 0.9687 high
-100 -100 -100 -100 0.0000 coast_none
-100 -100 -100 -100 0.0000 coast_none
633.75 301.64 11.25 12.66 0.8092 high
637.50 312.19 7.50 4.22 0.7477 high
-100 -100 -100 -100 0.0000 coast_none
648.36 320.29 2.77 1.00 0.0000 coast
-100 -100 -100 -100 0.0000 coast_none
-100 -100 -100 -100 0.0000 coast_none
-100 -100 -100 -100 0.0000 coast_none
-100 -100 -100 -100 0.0000 coast_none
-100 -100 -100 -100 0.0000 coast_none
-100 -100 -100 -100 0.0000 coast_none
-100 -100 -100 -100 0.0000 coast_none
-100 -100 -100 -100 0.0000 coast_none
-100 -100 -100 -100 0.0000 miss
-100 -100 -100 -100 0.0000 miss
-100 -100 -100 -100 0.0000 miss
-100 -100 -100 -100 0.0000 miss
-100 -100 -100 -100 0.0000 miss
-100 -100 -100 -100 0.0000 miss
-100 -100 -100 -100 0.0000 miss
-100 -100 -100 -100 0.0000 miss
-100 -100 -100 -100 0.0000 miss
-100 -100 -100 -100 0.0000 miss
-100 -100 -100 -100 0.0000 miss
802.50 339.61 15.00 10.55 0.9959 reinit
802.50 339.61 15.00 10.55 0.0000 coast
-100 -100 -100 -100 0.0000 coast_none
-100 -100 -100 -100 0.0000 coast_none
828.75 339.61 22.50 12.66 0.9241 reinit
-100 -100 -100 -100 0.0000 coast_none
-100 -100 -100 -100 0.0000 coast_none
-100 -100 -100 -100 0.0000 coast_none
-100 -100 -100 -100 0.0000 coast_none
-100 -100 -100 -100 0.0000 coast_none
-100 -100 -100 -100 0.0000 coast_none
-100 -100 -100 -100 0.0000 coast_none
-100 -100 -100 -100 0.0000 coast_none
-100 -100 -100 -100 0.0000 coast_none
-100 -100 -100 -100 0.0000 coast_none
-100 -100 -100 -100 0.0000 miss
-100 -100 -100 -100 0.0000 miss
-100 -100 -100 -100 0.0000 miss
948.75 345.94 37.50 29.53 0.9748 reinit
960.00 343.83 33.75 31.64 0.9919 high
967.50 341.72 41.25 35.86 0.9835 high
978.75 343.83 37.50 31.64 0.9833 high
993.75 343.83 37.50 35.86 0.9886 high
1005.00 348.05 37.50 31.64 0.9914 high
1016.25 345.94 37.50 35.86 0.9908 high
1031.25 350.16 37.50 31.64 0.9949 high
1042.50 350.16 37.50 33.75 0.9828 high
1053.75 350.16 41.25 33.75 0.9893 high
1068.75 352.27 41.25 31.64 0.9920 high
1083.75 352.27 41.25 33.75 0.9915 high
1095.00 352.27 41.25 31.64 0.9926 high
1113.75 354.38 41.25 29.53 0.9981 high
1128.75 356.48 41.25 27.42 0.9963 high
1140.00 352.27 41.25 31.64 0.9913 high
1151.25 352.27 45.00 31.64 0.9832 high
1166.25 348.05 41.25 33.75 0.9921 high
1177.50 345.94 41.25 35.86 0.9856 high
1192.50 343.83 37.50 35.86 0.9911 high
1203.75 339.61 37.50 35.86 0.9935 high
1211.25 335.39 37.50 35.86 0.9910 high
1218.75 333.28 41.25 33.75 0.9848 high
1226.25 326.95 41.25 35.86 0.9923 high
1233.75 322.73 41.25 33.75 0.9968 high
1241.25 316.41 41.25 33.75 0.9833 high
1245.00 307.97 48.75 33.75 0.9974 high
1248.75 301.64 45.00 33.75 0.9933 high
1252.50 295.31 52.50 31.64 0.9922 high
1260.00 288.98 45.00 31.64 0.9834 high
1263.75 280.55 45.00 33.75 0.9922 high
1271.25 272.11 48.75 35.86 0.9853 high
1275.00 265.78 48.75 35.86 0.9899 high
1278.75 259.45 45.00 37.97 0.9924 high
1282.50 257.34 45.00 35.86 0.9904 high
1286.25 251.02 48.75 37.97 0.9899 high
1290.00 246.80 48.75 40.08 0.9866 high
1297.50 246.80 45.00 37.97 0.9880 high
1301.25 244.69 45.00 37.97 0.9939 high
1308.75 242.58 45.00 37.97 0.9888 high
1312.50 240.47 41.25 40.08 0.9866 high
1316.25 242.58 41.25 37.97 0.9906 high
1316.25 246.80 48.75 33.75 0.9929 high
1320.00 242.58 48.75 40.08 0.9859 high
1327.50 242.58 41.25 40.08 0.9929 high
1327.50 251.02 45.00 33.75 0.9891 high
1327.50 246.80 45.00 40.08 0.9826 high
1331.25 253.12 48.75 35.86 0.9816 high
1335.00 255.23 41.25 35.86 0.9894 high
1335.00 257.34 45.00 35.86 0.9838 high
1338.75 261.56 41.25 35.86 0.9835 high
1338.75 265.78 45.00 33.75 0.9927 high
1338.75 270.00 45.00 33.75 0.9956 high
1338.75 274.22 45.00 31.64 0.9875 high
1338.75 276.33 48.75 33.75 0.9867 high
1338.75 280.55 45.00 33.75 0.9870 high
1342.50 284.77 45.00 33.75 0.9863 high
1338.75 288.98 45.00 33.75 0.9904 high
1338.75 293.20 45.00 33.75 0.9968 high
1338.75 299.53 45.00 29.53 0.9866 high
1335.00 301.64 45.00 31.64 0.9928 high
1338.75 305.86 37.50 33.75 0.9885 high
1331.25 310.08 41.25 33.75 0.9758 high
1335.00 314.30 37.50 33.75 0.9898 high
1331.25 320.62 45.00 31.64 0.9834 high
1331.25 324.84 41.25 31.64 0.9871 high
1327.50 331.17 45.00 29.53 0.9865 high
1327.50 337.50 37.50 27.42 0.9837 high
1323.75 341.72 45.00 27.42 0.9856 high
1323.75 348.05 37.50 25.31 0.9877 high
1320.00 352.27 41.25 25.31 0.9858 high
1320.00 358.59 37.50 23.20 0.9969 high
1316.25 364.92 41.25 23.20 0.9922 high
1316.25 371.25 37.50 23.20 0.9942 high
1312.50 377.58 41.25 21.09 0.9947 high
1312.50 383.91 33.75 23.20 0.9835 high
1308.75 392.34 37.50 23.20 0.9872 high
1308.75 400.78 37.50 21.09 0.9799 high
1308.75 407.11 33.75 23.20 0.9893 high
1305.00 415.55 37.50 23.20 0.9884 high
1305.00 423.98 37.50 23.20 0.9797 high
1305.00 434.53 33.75 21.09 0.9897 high
1301.25 442.97 33.75 21.09 0.9931 high
1301.25 451.41 37.50 21.09 0.9980 high
1301.25 461.95 33.75 21.09 0.9918 high
1301.25 470.39 33.75 21.09 0.9912 high
1301.25 483.05 26.25 16.88 0.9812 high
-100 -100 -100 -100 0.0000 coast_none
1293.75 497.81 45.00 23.20 0.9628 high
-100 -100 -100 -100 0.0000 coast_none
-100 -100 -100 -100 0.0000 coast_none
-100 -100 -100 -100 0.0000 coast_none
1290.00 531.56 33.75 27.42 0.9791 high
1290.00 544.22 30.00 21.09 0.9808 high
-100 -100 -100 -100 0.0000 coast_none
1290.00 565.31 26.25 18.98 0.9390 high
1282.50 571.64 37.50 23.20 0.9811 high
1282.50 580.08 33.75 21.09 0.9960 high
1278.75 586.41 33.75 18.98 0.9910 high
1278.75 588.52 33.75 23.20 0.9864 high
1278.75 596.95 26.25 16.88 0.9749 high
1275.00 599.06 33.75 23.20 0.9846 high
1275.00 603.28 30.00 23.20 0.9740 high
1275.00 607.50 30.00 21.09 0.9666 high
1275.00 613.83 30.00 18.98 0.9728 high
1271.25 615.94 37.50 21.09 0.9774 high
1271.25 618.05 45.00 23.20 0.9801 high
1271.25 620.16 37.50 21.09 0.9941 high
1271.25 620.16 41.25 21.09 0.9881 high
1271.25 620.16 41.25 21.09 0.9835 high
1271.25 618.05 41.25 23.20 0.9691 high
1271.25 618.05 41.25 21.09 0.9801 high
1271.25 615.94 41.25 21.09 0.9699 high
1271.25 613.83 45.00 21.09 0.9830 high
1271.25 609.61 41.25 23.20 0.9728 high
1275.00 607.50 30.00 21.09 0.9880 high
1275.00 605.39 37.50 21.09 0.9852 high
1275.00 601.17 37.50 23.20 0.9773 high
1278.75 603.28 26.25 14.77 0.9725 high
1275.00 594.84 37.50 21.09 0.9864 high
1278.75 592.73 30.00 18.98 0.9720 high
1278.75 588.52 33.75 21.09 0.9894 high
1278.75 584.30 33.75 21.09 0.9888 high
1278.75 580.08 37.50 21.09 0.9971 high
1278.75 575.86 41.25 23.20 0.9853 high
1282.50 573.75 30.00 21.09 0.9308 high
1282.50 571.64 30.00 16.88 0.8846 high
-100 -100 -100 -100 0.0000 coast_none
-100 -100 -100 -100 0.0000 coast_none
-100 -100 -100 -100 0.0000 coast_none
1278.75 552.66 26.25 18.98 0.9637 high
1282.50 554.77 15.00 10.55 0.8677 high
1282.50 548.44 15.00 12.66 0.8743 high
1282.75 545.68 13.37 11.76 0.0000 coast
1283.12 542.47 11.49 11.01 0.0000 coast
1278.75 533.67 33.75 23.20 0.9533 reinit
1278.75 529.45 37.50 31.64 0.9925 high
1275.00 525.23 41.25 33.75 0.9777 high
-100 -100 -100 -100 0.0000 coast_none
-100 -100 -100 -100 0.0000 coast_none
1275.00 525.23 15.00 12.66 0.8111 high
1275.00 525.23 11.25 10.55 0.9477 high
1274.46 524.37 7.19 7.64 0.0000 coast
1273.98 523.60 2.91 4.59 0.0000 coast
1271.25 510.47 41.25 29.53 0.9736 reinit
1271.25 502.03 41.25 37.97 0.9776 high
1267.50 502.03 45.00 35.86 0.9792 high
1263.75 506.25 30.00 29.53 0.9710 high
1260.00 499.92 37.50 35.86 0.9894 high
1256.25 497.81 41.25 35.86 0.9863 high
1252.50 495.70 37.50 37.97 0.9886 high
1245.00 495.70 41.25 35.86 0.9874 high
1237.50 491.48 41.25 37.97 0.9877 high
1230.00 489.38 41.25 37.97 0.9861 high
1222.50 487.27 41.25 37.97 0.9872 high
1211.25 485.16 41.25 37.97 0.9882 high
1203.75 483.05 41.25 37.97 0.9912 high
1192.50 478.83 45.00 40.08 0.9955 high
1181.25 478.83 45.00 37.97 0.9836 high
1170.00 478.83 48.75 35.86 0.9916 high
1158.75 480.94 45.00 31.64 0.9945 high
1147.50 478.83 48.75 35.86 0.9883 high
1132.50 478.83 52.50 35.86 0.9913 high
1125.00 483.05 52.50 33.75 0.9886 high
1110.00 483.05 52.50 37.97 0.9867 high
1106.25 487.27 41.25 35.86 0.9955 high
1091.25 491.48 48.75 35.86 0.9936 high
1083.75 497.81 45.00 33.75 0.9927 high
-100 -100 -100 -100 0.0000 coast_none
-100 -100 -100 -100 0.0000 coast_none
-100 -100 -100 -100 0.0000 coast_none
-100 -100 -100 -100 0.0000 coast_none
-100 -100 -100 -100 0.0000 coast_none
-100 -100 -100 -100 0.0000 coast_none
-100 -100 -100 -100 0.0000 coast_none
-100 -100 -100 -100 0.0000 coast_none
-100 -100 -100 -100 0.0000 coast_none
-100 -100 -100 -100 0.0000 coast_none
-100 -100 -100 -100 0.0000 miss
-100 -100 -100 -100 0.0000 miss
-100 -100 -100 -100 0.0000 miss
-100 -100 -100 -100 0.0000 miss
-100 -100 -100 -100 0.0000 miss
-100 -100 -100 -100 0.0000 miss
-100 -100 -100 -100 0.0000 miss
-100 -100 -100 -100 0.0000 miss
-100 -100 -100 -100 0.0000 miss
-100 -100 -100 -100 0.0000 miss
-100 -100 -100 -100 0.0000 miss
933.75 668.67 26.25 27.42 0.9693 reinit
-100 -100 -100 -100 0.0000 coast_none
933.75 685.55 22.50 12.66 0.9569 high
933.75 687.66 11.25 6.33 0.8464 high
-100 -100 -100 -100 0.0000 coast_none
918.75 672.89 37.50 33.75 0.9823 high
915.00 675.00 37.50 33.75 0.9787 high
907.50 675.00 41.25 33.75 0.9896 high
907.50 672.89 41.25 35.86 0.9820 high
900.00 666.56 48.75 42.19 0.9828 high
888.75 664.45 52.50 44.30 0.9885 high
881.25 666.56 52.50 42.19 0.9819 high
877.50 664.45 45.00 42.19 0.9889 high
870.00 664.45 45.00 44.30 0.9856 high
862.50 664.45 45.00 40.08 0.9815 high
851.25 662.34 41.25 42.19 0.9836 high
847.66 659.93 48.18 47.29 0.0000 coast
841.63 657.96 51.31 50.51 0.0000 coast
813.75 662.34 41.25 40.08 0.9891 reinit
798.75 660.23 45.00 42.19 0.9868 high
797.63 660.08 45.28 42.34 0.0000 coast
787.50 658.12 26.25 33.75 0.9574 high
780.00 670.78 18.75 10.55 0.9225 high
-100 -100 -100 -100 0.0000 coast_none
-100 -100 -100 -100 0.0000 coast_none
-100 -100 -100 -100 0.0000 coast_none
-100 -100 -100 -100 0.0000 coast_none
-100 -100 -100 -100 0.0000 coast_none
-100 -100 -100 -100 0.0000 coast_none
-100 -100 -100 -100 0.0000 coast_none
-100 -100 -100 -100 0.0000 coast_none
-100 -100 -100 -100 0.0000 coast_none
-100 -100 -100 -100 0.0000 coast_none
-100 -100 -100 -100 0.0000 miss
-100 -100 -100 -100 0.0000 miss
-100 -100 -100 -100 0.0000 miss
-100 -100 -100 -100 0.0000 miss
-100 -100 -100 -100 0.0000 miss
-100 -100 -100 -100 0.0000 miss
-100 -100 -100 -100 0.0000 miss
-100 -100 -100 -100 0.0000 miss
510.00 628.59 41.25 35.86 0.9492 reinit
528.75 639.14 15.00 8.44 0.9435 high
530.14 639.93 13.05 6.40 0.0000 coast
534.02 641.97 7.62 1.00 0.0000 coast
483.75 624.38 48.75 44.30 0.9802 reinit
476.25 622.27 52.50 48.52 0.9808 high
476.25 624.38 45.00 46.41 0.9877 high
465.00 620.16 56.25 50.62 0.9891 high
468.75 620.16 45.00 50.62 0.9926 high
465.00 620.16 48.75 48.52 0.9816 high
461.25 618.05 52.50 50.62 0.9843 high
461.25 618.05 52.50 50.62 0.9877 high
461.25 620.16 52.50 48.52 0.9889 high
461.25 615.94 52.50 50.62 0.9845 high
465.00 618.05 48.75 48.52 0.9833 high
468.75 615.94 48.75 50.62 0.9863 high
468.75 611.72 48.75 54.84 0.9865 high
472.50 613.83 48.75 50.62 0.9858 high
476.25 611.72 48.75 52.73 0.9844 high
483.75 613.83 45.00 44.30 0.9830 high
491.25 611.72 48.75 44.30 0.9854 high
498.75 609.61 45.00 42.19 0.9750 high
506.25 611.72 45.00 42.19 0.9761 high
510.00 615.94 48.75 40.08 0.9851 high
512.57 613.95 47.38 39.75 0.0000 coast
-100 -100 -100 -100 0.0000 coast_none
-100 -100 -100 -100 0.0000 coast_none
-100 -100 -100 -100 0.0000 coast_none
-100 -100 -100 -100 0.0000 coast_none
-100 -100 -100 -100 0.0000 coast_none
-100 -100 -100 -100 0.0000 coast_none
-100 -100 -100 -100 0.0000 coast_none
-100 -100 -100 -100 0.0000 coast_none
-100 -100 -100 -100 0.0000 coast_none
-100 -100 -100 -100 0.0000 miss
-100 -100 -100 -100 0.0000 miss
-100 -100 -100 -100 0.0000 miss
-100 -100 -100 -100 0.0000 miss
-100 -100 -100 -100 0.0000 miss
-100 -100 -100 -100 0.0000 miss
-100 -100 -100 -100 0.0000 miss
772.50 626.48 48.75 40.08 0.9845 reinit
772.50 626.48 48.75 40.08 0.0000 coast
772.50 626.48 48.75 40.08 0.0000 coast
832.50 632.81 45.00 35.86 0.9716 reinit
832.50 632.81 45.00 35.86 0.0000 coast
832.50 632.81 45.00 35.86 0.0000 coast
892.50 641.25 45.00 29.53 0.9745 reinit
911.25 645.47 41.25 27.42 0.9778 high
933.75 653.91 22.50 14.77 0.9788 high
-100 -100 -100 -100 0.0000 coast_none
-100 -100 -100 -100 0.0000 coast_none
990.00 653.91 41.25 21.09 0.9884 reinit
-100 -100 -100 -100 0.0000 coast_none
-100 -100 -100 -100 0.0000 coast_none
-100 -100 -100 -100 0.0000 coast_none
-100 -100 -100 -100 0.0000 coast_none
-100 -100 -100 -100 0.0000 coast_none
-100 -100 -100 -100 0.0000 coast_none
-100 -100 -100 -100 0.0000 coast_none
-100 -100 -100 -100 0.0000 coast_none
-100 -100 -100 -100 0.0000 coast_none
-100 -100 -100 -100 0.0000 coast_none
1170.00 675.00 37.50 21.09 0.9752 reinit
-100 -100 -100 -100 0.0000 coast_none
-100 -100 -100 -100 0.0000 coast_none
-100 -100 -100 -100 0.0000 coast_none
1218.75 668.67 45.00 35.86 0.9801 reinit
1222.50 672.89 48.75 40.08 0.9804 high
1233.75 679.22 41.25 40.08 0.9807 high
1237.50 679.22 48.75 44.30 0.9863 high
1241.25 687.66 52.50 40.08 0.9865 high
1248.75 689.77 52.50 42.19 0.9921 high
1252.50 696.09 67.50 40.08 0.9861 high
1256.25 702.42 60.00 37.97 0.9866 high
1263.75 717.19 37.50 25.31 0.9591 high
1263.75 717.19 45.00 31.64 0.9623 high
1271.25 721.41 41.25 27.42 0.9808 high
-100 -100 -100 -100 0.0000 coast_none
1275.00 734.06 45.00 27.42 0.9646 high
-100 -100 -100 -100 0.0000 coast_none
-100 -100 -100 -100 0.0000 coast_none
-100 -100 -100 -100 0.0000 coast_none
-100 -100 -100 -100 0.0000 coast_none
1323.75 744.61 15.00 10.55 0.8863 high
1327.50 746.72 11.25 10.55 0.9207 high
1334.07 750.26 8.25 8.63 0.0000 coast
-100 -100 -100 -100 0.0000 coast_none
1323.75 755.16 15.00 16.88 0.9127 reinit
-100 -100 -100 -100 0.0000 coast_none
-100 -100 -100 -100 0.0000 coast_none
1323.75 755.16 15.00 16.88 0.0000 coast
1323.75 776.25 3.75 2.11 0.9843 high
1323.75 776.25 7.50 4.22 0.7739 high
1323.75 779.67 6.42 2.07 0.0000 coast
-100 -100 -100 -100 0.0000 coast_none
-100 -100 -100 -100 0.0000 coast_none
-100 -100 -100 -100 0.0000 coast_none
-100 -100 -100 -100 0.0000 coast_none
-100 -100 -100 -100 0.0000 coast_none
-100 -100 -100 -100 0.0000 coast_none
-100 -100 -100 -100 0.0000 coast_none
1308.75 778.36 15.00 8.44 0.9114 reinit
-100 -100 -100 -100 0.0000 coast_none
1305.00 778.36 15.00 8.44 0.8253 high
-100 -100 -100 -100 0.0000 coast_none
-100 -100 -100 -100 0.0000 coast_none
1301.25 780.47 15.00 6.33 0.7396 high
-100 -100 -100 -100 0.0000 coast_none
-100 -100 -100 -100 0.0000 coast_none
-100 -100 -100 -100 0.0000 coast_none
-100 -100 -100 -100 0.0000 coast_none
-100 -100 -100 -100 0.0000 coast_none
-100 -100 -100 -100 0.0000 coast_none
-100 -100 -100 -100 0.0000 coast_none
-100 -100 -100 -100 0.0000 coast_none
-100 -100 -100 -100 0.0000 coast_none
-100 -100 -100 -100 0.0000 coast_none
-100 -100 -100 -100 0.0000 miss
-100 -100 -100 -100 0.0000 miss
-100 -100 -100 -100 0.0000 miss
-100 -100 -100 -100 0.0000 miss
-100 -100 -100 -100 0.0000 miss
-100 -100 -100 -100 0.0000 miss
1316.25 782.58 33.75 18.98 0.9613 reinit
1323.75 780.47 37.50 21.09 0.9789 high
1335.00 780.47 33.75 16.88 0.9757 high
1350.00 782.58 30.00 8.44 0.9125 high
1346.25 763.59 52.50 35.86 0.9885 high
1357.50 761.48 48.75 40.08 0.9825 high
1372.50 769.92 48.75 29.53 0.9850 high
1383.75 765.70 48.75 35.86 0.9840 high
1398.75 765.70 52.50 35.86 0.9875 high
1413.75 753.05 52.50 46.41 0.9924 high
1428.75 759.38 56.25 37.97 0.9853 high
1447.50 757.27 56.25 40.08 0.9817 high
1462.50 750.94 52.50 44.30 0.9916 high
1477.50 748.83 60.00 48.52 0.9914 high
1492.50 748.83 63.75 48.52 0.9947 high
1511.25 748.83 67.50 46.41 0.9894 high
1526.25 748.83 67.50 46.41 0.9846 high
1552.50 753.05 56.25 42.19 0.9910 high
1567.50 753.05 56.25 37.97 0.9879 high
1586.25 750.94 56.25 40.08 0.9958 high
1601.25 742.50 67.50 48.52 0.9959 high
1620.00 738.28 60.00 48.52 0.9935 high
1638.75 736.17 56.25 48.52 0.9948 high
1653.75 731.95 56.25 46.41 0.9936 high
1665.00 727.73 60.00 48.52 0.9936 high
1676.25 721.41 60.00 48.52 0.9861 high
1683.75 717.19 63.75 46.41 0.9927 high
1695.00 706.64 60.00 50.62 0.9956 high
1702.50 698.20 60.00 50.62 0.9944 high
1710.00 689.77 56.25 50.62 0.9925 high
1710.00 677.11 67.50 52.73 0.9852 high
1713.75 666.56 71.25 52.73 0.9874 high
1728.96 663.43 70.36 53.79 0.0000 coast
1739.52 657.29 71.64 54.63 0.0000 coast
1725.00 634.92 63.75 48.52 0.9937 reinit
1721.25 626.48 67.50 46.41 0.9906 high
1721.25 618.05 63.75 44.30 0.9892 high
1721.25 605.39 71.25 46.41 0.9871 high
1728.75 594.84 63.75 48.52 0.9914 high
1728.75 584.30 60.00 48.52 0.9920 high
1728.75 575.86 67.50 50.62 0.9905 high
1725.00 565.31 67.50 54.84 0.9865 high
1727.16 556.87 67.22 54.64 0.0000 coast
1728.75 554.77 67.50 52.73 0.9933 high
1728.75 550.55 67.50 52.73 0.9864 high
1728.75 544.22 71.25 56.95 0.9881 high
1732.50 542.11 71.25 56.95 0.9869 high
1732.50 540.00 67.50 56.95 0.9811 high
1732.50 544.22 60.00 50.62 0.9843 high
1736.25 542.11 60.00 50.62 0.9817 high
1736.25 544.22 67.50 50.62 0.9861 high
1732.50 542.11 71.25 52.73 0.9881 high
1728.75 544.22 63.75 50.62 0.9883 high
1728.75 546.33 71.25 50.62 0.9886 high
1728.75 546.33 63.75 50.62 0.9894 high
1725.00 546.33 67.50 52.73 0.9852 high
1725.00 552.66 67.50 50.62 0.9841 high
1725.00 556.88 63.75 48.52 0.9857 high
1725.00 556.88 60.00 50.62 0.9916 high
1725.00 558.98 56.25 50.62 0.9809 high
1721.25 561.09 56.25 52.73 0.9908 high
1713.75 567.42 63.75 46.41 0.9889 high
1713.75 571.64 60.00 46.41 0.9899 high
1713.75 577.97 60.00 44.30 0.9961 high
1706.25 577.97 67.50 46.41 0.9792 high
1702.50 580.08 63.75 48.52 0.9887 high
1702.50 584.30 60.00 46.41 0.9902 high
1695.00 588.52 56.25 46.41 0.9938 high
1695.00 594.84 56.25 42.19 0.9888 high
1691.25 596.95 60.00 42.19 0.9961 high
1680.00 599.06 67.50 42.19 0.9888 high
1683.75 601.17 56.25 44.30 0.9926 high
1672.50 603.28 56.25 44.30 0.9923 high
1672.50 607.50 52.50 42.19 0.9848 high
1661.25 607.50 56.25 44.30 0.9894 high
1661.25 615.94 56.25 40.08 0.9935 high
1657.50 618.05 60.00 40.08 0.9894 high
1650.00 624.38 56.25 33.75 0.9906 high
1646.25 628.59 52.50 31.64 0.9969 high
1646.25 632.81 48.75 29.53 0.9882 high
1638.75 634.92 48.75 29.53 0.9957 high
1635.00 634.92 48.75 29.53 0.9978 high
1631.25 639.14 48.75 29.53 0.9983 high
1627.50 639.14 45.00 29.53 0.9941 high
1623.75 641.25 45.00 29.53 0.9953 high
1616.25 643.36 48.75 29.53 0.9835 high
1616.25 645.47 45.00 27.42 0.9891 high
1608.75 645.47 48.75 29.53 0.9911 high
1608.75 647.58 45.00 29.53 0.9911 high
1605.00 647.58 48.75 31.64 0.9934 high
1601.25 647.58 48.75 31.64 0.9928 high
1601.25 645.47 45.00 35.86 0.9916 high
1597.50 647.58 48.75 35.86 0.9879 high
1597.50 645.47 45.00 35.86 0.9868 high
1597.50 647.58 45.00 35.86 0.9903 high
1597.50 645.47 48.75 37.97 0.9893 high
1597.50 643.36 45.00 42.19 0.9931 high
1601.25 645.47 45.00 40.08 0.9924 high
1601.25 647.58 45.00 37.97 0.9886 high
1605.00 645.47 48.75 40.08 0.9899 high
1608.75 645.47 45.00 40.08 0.9861 high
1612.50 645.47 45.00 40.08 0.9929 high
1620.00 647.58 48.75 37.97 0.9877 high
1623.75 645.47 48.75 40.08 0.9953 high
1631.25 647.58 48.75 37.97 0.9815 high
1638.75 647.58 48.75 37.97 0.9906 high
1646.25 645.47 45.00 37.97 0.9932 high
1653.75 647.58 45.00 35.86 0.9958 high
1661.25 645.47 45.00 37.97 0.9969 high
1668.75 647.58 48.75 35.86 0.9907 high
1676.25 643.36 52.50 40.08 0.9889 high
1687.50 647.58 48.75 33.75 0.9960 high
1698.75 645.47 45.00 37.97 0.9899 high
1710.00 645.47 41.25 37.97 0.9959 high
1717.50 647.58 45.00 33.75 0.9954 high
1728.75 645.47 48.75 35.86 0.9834 high
1740.00 647.58 48.75 33.75 0.9892 high
1751.25 647.58 48.75 33.75 0.9836 high
1762.50 649.69 48.75 31.64 0.9960 high
1773.75 649.69 48.75 27.42 0.9733 high
1788.75 647.58 48.75 29.53 0.9839 high
1796.25 647.58 48.75 31.64 0.9919 high
1807.50 645.47 48.75 33.75 0.9887 high
1818.75 643.36 48.75 35.86 0.9879 high
1830.00 645.47 45.00 31.64 0.9758 high
1841.25 645.47 45.00 33.75 0.9944 high
1848.75 643.36 48.75 33.75 0.9846 high
1856.25 645.47 48.75 31.64 0.9932 high
1863.75 643.36 48.75 33.75 0.9927 high
1871.25 645.47 45.00 31.64 0.9851 high
1878.75 647.58 33.75 27.42 0.9813 high
1886.25 651.80 26.25 21.09 0.9599 high
1901.25 660.23 3.75 2.11 0.3451 low
-100 -100 -100 -100 0.0000 coast_none
-100 -100 -100 -100 0.0000 coast_none
-100 -100 -100 -100 0.0000 coast_none
-100 -100 -100 -100 0.0000 coast_none
-100 -100 -100 -100 0.0000 coast_none
-100 -100 -100 -100 0.0000 coast_none
-100 -100 -100 -100 0.0000 coast_none
-100 -100 -100 -100 0.0000 coast_none
-100 -100 -100 -100 0.0000 coast_none
-100 -100 -100 -100 0.0000 coast_none
-100 -100 -100 -100 0.0000 miss
-100 -100 -100 -100 0.0000 miss
-100 -100 -100 -100 0.0000 miss
-100 -100 -100 -100 0.0000 miss
772.50 440.86 15.00 8.44 0.9438 reinit
780.00 442.97 3.75 4.22 0.7627 high
776.25 442.97 11.25 6.33 0.8458 high
780.00 442.97 3.75 4.22 0.8686 high
-100 -100 -100 -100 0.0000 coast_none
-100 -100 -100 -100 0.0000 coast_none
772.50 440.86 15.00 8.44 0.9047 high
-100 -100 -100 -100 0.0000 coast_none
-100 -100 -100 -100 0.0000 coast_none
1852.50 645.47 48.75 35.86 0.9862 reinit
1845.00 643.36 45.00 37.97 0.9882 high
1833.75 643.36 45.00 37.97 0.9888 high
1818.75 643.36 45.00 37.97 0.9918 high
1807.50 643.36 45.00 37.97 0.9874 high
1792.50 643.36 45.00 35.86 0.9950 high
1781.25 643.36 41.25 35.86 0.9965 high
1766.25 643.36 41.25 35.86 0.9942 high
1751.25 643.36 45.00 35.86 0.9880 high
1732.50 643.36 45.00 35.86 0.9968 high
1721.25 643.36 41.25 33.75 0.9888 high
1702.50 643.36 45.00 33.75 0.9927 high
1687.50 643.36 45.00 31.64 0.9916 high
1668.75 643.36 48.75 29.53 0.9933 high
1653.75 645.47 48.75 27.42 0.9968 high
1638.75 643.36 48.75 29.53 0.9800 high
1623.75 639.14 41.25 33.75 0.9886 high
1608.75 639.14 45.00 33.75 0.9943 high
1597.50 637.03 41.25 35.86 0.9913 high
1582.50 637.03 41.25 35.86 0.9949 high
1567.50 637.03 45.00 35.86 0.9886 high
1556.25 637.03 45.00 35.86 0.9933 high
1545.00 637.03 41.25 33.75 0.9868 high
1533.75 637.03 41.25 33.75 0.9950 high
1522.50 637.03 41.25 33.75 0.9916 high
1511.25 637.03 41.25 31.64 0.9927 high
1503.75 637.03 41.25 31.64 0.9867 high
1492.50 637.03 45.00 31.64 0.9903 high
1485.00 634.92 41.25 31.64 0.9933 high
1477.50 634.92 41.25 33.75 0.9834 high
1470.00 632.81 41.25 35.86 0.9825 high
1466.25 634.92 37.50 33.75 0.9889 high
1458.75 634.92 37.50 31.64 0.9790 high
1451.25 634.92 41.25 31.64 0.9814 high
1443.75 632.81 45.00 31.64 0.9842 high
1443.75 634.92 37.50 27.42 0.9724 high
1451.25 649.69 18.75 6.33 0.9348 high
1428.75 632.81 45.00 29.53 0.9792 high
1425.00 634.92 41.25 27.42 0.9786 high
1421.25 632.81 37.50 29.53 0.9808 high
1421.25 637.03 33.75 25.31 0.9949 high
1417.50 634.92 37.50 27.42 0.9804 high
1413.75 637.03 33.75 25.31 0.9890 high
1406.25 634.92 41.25 27.42 0.9750 high
1402.50 634.92 41.25 27.42 0.9847 high
1402.50 634.92 37.50 25.31 0.9775 high
1398.75 630.70 41.25 27.42 0.9943 high
1398.75 630.70 37.50 27.42 0.9783 high
1398.75 630.70 33.75 25.31 0.9742 high
1391.25 628.59 37.50 27.42 0.9745 high
1391.25 628.59 33.75 27.42 0.9773 high
1406.25 643.36 7.50 6.33 0.6988 high
1391.25 641.25 22.50 12.66 0.9253 high
1395.00 643.36 7.50 4.22 0.8275 high
1390.38 644.11 9.13 4.11 0.0000 coast
1387.90 645.32 6.37 1.71 0.0000 coast
1353.75 626.48 45.00 33.75 0.9802 reinit
1353.75 637.03 30.00 16.88 0.9708 high
1338.75 626.48 37.50 29.53 0.9830 high
1327.50 622.27 37.50 33.75 0.9724 high
1316.25 624.38 37.50 29.53 0.9899 high
1323.75 637.03 18.75 8.44 0.8725 high
-100 -100 -100 -100 0.0000 coast_none
-100 -100 -100 -100 0.0000 coast_none
1271.25 630.70 33.75 23.20 0.9786 reinit
1256.25 626.48 37.50 27.42 0.9766 high
1245.00 628.59 37.50 29.53 0.9848 high
1230.00 630.70 41.25 27.42 0.9963 high
1218.75 628.59 41.25 31.64 0.9916 high
1207.50 632.81 41.25 29.53 0.9911 high
-100 -100 -100 -100 0.0000 coast_none
-100 -100 -100 -100 0.0000 coast_none
-100 -100 -100 -100 0.0000 coast_none
-100 -100 -100 -100 0.0000 coast_none
-100 -100 -100 -100 0.0000 coast_none
-100 -100 -100 -100 0.0000 coast_none
-100 -100 -100 -100 0.0000 coast_none
-100 -100 -100 -100 0.0000 coast_none
1398.75 793.12 7.50 4.22 0.9333 reinit
-100 -100 -100 -100 0.0000 coast_none
-100 -100 -100 -100 0.0000 coast_none
-100 -100 -100 -100 0.0000 coast_none
-100 -100 -100 -100 0.0000 coast_none
-100 -100 -100 -100 0.0000 coast_none
-100 -100 -100 -100 0.0000 coast_none
-100 -100 -100 -100 0.0000 coast_none
-100 -100 -100 -100 0.0000 coast_none
-100 -100 -100 -100 0.0000 coast_none
-100 -100 -100 -100 0.0000 coast_none
-100 -100 -100 -100 0.0000 miss
-100 -100 -100 -100 0.0000 miss
-100 -100 -100 -100 0.0000 miss
-100 -100 -100 -100 0.0000 miss
-100 -100 -100 -100 0.0000 miss
-100 -100 -100 -100 0.0000 miss
-100 -100 -100 -100 0.0000 miss
-100 -100 -100 -100 0.0000 miss
-100 -100 -100 -100 0.0000 miss
-100 -100 -100 -100 0.0000 miss
-100 -100 -100 -100 0.0000 miss
-100 -100 -100 -100 0.0000 miss
-100 -100 -100 -100 0.0000 miss
-100 -100 -100 -100 0.0000 miss
-100 -100 -100 -100 0.0000 miss
-100 -100 -100 -100 0.0000 miss
-100 -100 -100 -100 0.0000 miss
-100 -100 -100 -100 0.0000 miss
-100 -100 -100 -100 0.0000 miss
-100 -100 -100 -100 0.0000 miss
-100 -100 -100 -100 0.0000 lost
-100 -100 -100 -100 0.0000 none
-100 -100 -100 -100 0.0000 none
-100 -100 -100 -100 0.0000 none
-100 -100 -100 -100 0.0000 none
-100 -100 -100 -100 0.0000 none
1170.00 774.14 15.00 8.44 0.9003 init
-100 -100 -100 -100 0.0000 coast_none
1170.00 774.14 15.00 8.44 0.0000 coast
-100 -100 -100 -100 0.0000 coast_none
-100 -100 -100 -100 0.0000 coast_none
-100 -100 -100 -100 0.0000 coast_none
1233.75 778.36 22.50 12.66 0.9611 reinit
1233.75 778.36 22.50 12.66 0.0000 coast
1233.75 778.36 22.50 12.66 0.0000 coast
-100 -100 -100 -100 0.0000 coast_none
-100 -100 -100 -100 0.0000 coast_none
1305.00 772.03 37.50 23.20 0.9889 reinit
1316.25 765.70 45.00 31.64 0.9758 high
1317.09 765.23 45.56 32.27 0.0000 coast
1319.41 763.92 47.11 34.01 0.0000 coast
1368.75 763.59 41.25 33.75 0.9893 reinit
1368.75 763.59 41.25 33.75 0.0000 coast
1368.75 763.59 41.25 33.75 0.0000 coast
1425.00 765.70 41.25 33.75 0.9882 reinit
1425.00 765.70 41.25 33.75 0.0000 coast
1425.00 765.70 41.25 33.75 0.0000 coast
1481.25 767.81 48.75 35.86 0.9883 reinit
1500.00 767.81 48.75 35.86 0.9924 high
1501.39 767.81 48.75 35.86 0.0000 coast
1505.27 767.81 48.75 35.86 0.0000 coast
1563.75 769.92 48.75 37.97 0.9939 reinit
1563.75 769.92 48.75 37.97 0.0000 coast
1563.75 769.92 48.75 37.97 0.0000 coast
1631.25 769.92 45.00 35.86 0.9959 reinit
1631.25 769.92 45.00 35.86 0.0000 coast
1631.25 769.92 45.00 35.86 0.0000 coast
1698.75 763.59 52.50 33.75 0.9910 reinit
1698.75 763.59 52.50 33.75 0.0000 coast
1698.75 763.59 52.50 33.75 0.0000 coast
1773.75 748.83 48.75 31.64 0.9951 reinit
1773.75 748.83 48.75 31.64 0.0000 coast
1773.75 748.83 48.75 31.64 0.0000 coast
1837.50 715.08 52.50 44.30 0.9909 reinit
1860.00 710.86 48.75 37.97 0.9929 high
1878.75 704.53 33.75 29.53 0.9652 high
-100 -100 -100 -100 0.0000 coast_none
-100 -100 -100 -100 0.0000 coast_none
-100 -100 -100 -100 0.0000 coast_none
-100 -100 -100 -100 0.0000 coast_none
-100 -100 -100 -100 0.0000 coast_none
-100 -100 -100 -100 0.0000 coast_none
-100 -100 -100 -100 0.0000 coast_none
-100 -100 -100 -100 0.0000 coast_none
-100 -100 -100 -100 0.0000 coast_none
-100 -100 -100 -100 0.0000 coast_none
-100 -100 -100 -100 0.0000 miss
-100 -100 -100 -100 0.0000 miss
-100 -100 -100 -100 0.0000 miss
978.75 881.72 3.75 4.22 0.9667 reinit
975.00 881.72 7.50 4.22 0.9333 high
975.00 881.72 11.25 4.22 0.7941 high
-100 -100 -100 -100 0.0000 coast_none
-100 -100 -100 -100 0.0000 coast_none
-100 -100 -100 -100 0.0000 coast_none
-100 -100 -100 -100 0.0000 coast_none
-100 -100 -100 -100 0.0000 coast_none
-100 -100 -100 -100 0.0000 coast_none
-100 -100 -100 -100 0.0000 coast_none
-100 -100 -100 -100 0.0000 coast_none
-100 -100 -100 -100 0.0000 coast_none
-100 -100 -100 -100 0.0000 coast_none
-100 -100 -100 -100 0.0000 miss
-100 -100 -100 -100 0.0000 miss
-100 -100 -100 -100 0.0000 miss
-100 -100 -100 -100 0.0000 miss
-100 -100 -100 -100 0.0000 miss
-100 -100 -100 -100 0.0000 miss
-100 -100 -100 -100 0.0000 miss
-100 -100 -100 -100 0.0000 miss
-100 -100 -100 -100 0.0000 miss
-100 -100 -100 -100 0.0000 miss
-100 -100 -100 -100 0.0000 miss
-100 -100 -100 -100 0.0000 miss
-100 -100 -100 -100 0.0000 miss
-100 -100 -100 -100 0.0000 miss
-100 -100 -100 -100 0.0000 miss
-100 -100 -100 -100 0.0000 miss
-100 -100 -100 -100 0.0000 miss
-100 -100 -100 -100 0.0000 miss
-100 -100 -100 -100 0.0000 miss
-100 -100 -100 -100 0.0000 miss
-100 -100 -100 -100 0.0000 lost
-100 -100 -100 -100 0.0000 none
-100 -100 -100 -100 0.0000 none
-100 -100 -100 -100 0.0000 none
-100 -100 -100 -100 0.0000 none
-100 -100 -100 -100 0.0000 none
-100 -100 -100 -100 0.0000 none
-100 -100 -100 -100 0.0000 none
-100 -100 -100 -100 0.0000 none
-100 -100 -100 -100 0.0000 none
-100 -100 -100 -100 0.0000 none
-100 -100 -100 -100 0.0000 none
-100 -100 -100 -100 0.0000 none
-100 -100 -100 -100 0.0000 none
-100 -100 -100 -100 0.0000 none
1398.75 791.02 3.75 4.22 0.9706 init
1395.00 788.91 11.25 6.33 0.7561 high
1398.75 791.02 7.50 4.22 0.8131 high
1398.75 791.02 3.75 4.22 0.6863 high
1395.00 791.02 7.50 4.22 0.8458 high
-100 -100 -100 -100 0.0000 coast_none
1391.25 786.80 15.00 10.55 0.9712 high
1391.25 786.80 15.00 10.55 0.9819 high
-100 -100 -100 -100 0.0000 coast_none
-100 -100 -100 -100 0.0000 coast_none
-100 -100 -100 -100 0.0000 coast_none
-100 -100 -100 -100 0.0000 coast_none
-100 -100 -100 -100 0.0000 coast_none
-100 -100 -100 -100 0.0000 coast_none
-100 -100 -100 -100 0.0000 coast_none
-100 -100 -100 -100 0.0000 coast_none
-100 -100 -100 -100 0.0000 coast_none
-100 -100 -100 -100 0.0000 coast_none
-100 -100 -100 -100 0.0000 miss
-100 -100 -100 -100 0.0000 miss
-100 -100 -100 -100 0.0000 miss
-100 -100 -100 -100 0.0000 miss
-100 -100 -100 -100 0.0000 miss
-100 -100 -100 -100 0.0000 miss
-100 -100 -100 -100 0.0000 miss
1395.00 791.02 7.50 4.22 0.9346 high
-100 -100 -100 -100 0.0000 coast_none
-100 -100 -100 -100 0.0000 coast_none
-100 -100 -100 -100 0.0000 coast_none
-100 -100 -100 -100 0.0000 coast_none
-100 -100 -100 -100 0.0000 coast_none
-100 -100 -100 -100 0.0000 coast_none
-100 -100 -100 -100 0.0000 coast_none
1878.75 447.19 37.50 29.53 0.9859 reinit
1878.75 447.19 37.50 29.53 0.0000 coast
1878.75 447.19 37.50 29.53 0.0000 coast
1822.50 466.17 48.75 35.86 0.9788 reinit
1822.50 466.17 48.75 35.86 0.0000 coast
1822.50 466.17 48.75 35.86 0.0000 coast
1762.50 499.92 56.25 31.64 0.9883 reinit
1751.25 508.36 48.75 35.86 0.9902 high
1750.41 508.99 48.19 36.17 0.0000 coast
1748.09 510.73 46.64 37.04 0.0000 coast
1698.75 537.89 48.75 37.97 0.9945 reinit
1683.75 550.55 48.75 35.86 0.9923 high
1682.63 551.49 48.75 35.70 0.0000 coast
1679.54 554.10 48.75 35.27 0.0000 coast
1642.50 584.30 45.00 37.97 0.9959 reinit
1642.50 584.30 45.00 37.97 0.0000 coast
1642.50 584.30 45.00 37.97 0.0000 coast
1605.00 624.38 45.00 35.86 0.9878 reinit
1590.00 637.03 48.75 33.75 0.9876 high
1588.88 637.97 49.03 33.59 0.0000 coast
1585.79 640.59 49.80 33.16 0.0000 coast
1560.00 675.00 45.00 31.64 0.9942 reinit
1552.50 687.66 45.00 29.53 0.9936 high
1551.94 688.60 45.00 29.37 0.0000 coast
1550.39 691.21 45.00 28.94 0.0000 coast
1522.50 715.08 45.00 31.64 0.9879 reinit
1515.00 725.62 41.25 29.53 0.9952 high
1503.75 731.95 45.00 31.64 0.9964 high
1496.25 738.28 45.00 33.75 0.9969 high
1488.75 742.50 45.00 35.86 0.9900 high
1485.00 748.83 45.00 35.86 0.9873 high
1477.50 750.94 45.00 37.97 0.9879 high
1473.75 755.16 41.25 37.97 0.9905 high
1496.25 782.58 3.75 2.11 0.6157 high
1473.75 778.36 30.00 16.88 0.9806 high
1462.50 776.25 41.25 25.31 0.9788 high
1458.75 774.14 41.25 29.53 0.9871 high
1451.25 774.14 45.00 29.53 0.9893 high
1447.50 774.14 41.25 31.64 0.9898 high
1443.75 774.14 41.25 31.64 0.9987 high
1436.25 774.14 45.00 33.75 0.9792 high
1432.50 774.14 41.25 33.75 0.9849 high
1425.00 776.25 41.25 31.64 0.9838 high
1417.50 774.14 41.25 33.75 0.9874 high
1398.75 774.14 52.50 31.64 0.9893 high
1395.00 774.14 48.75 31.64 0.9951 high
1398.75 774.14 37.50 27.42 0.9795 high
1402.50 778.36 22.50 21.09 0.9636 high
1383.75 772.03 33.75 25.31 0.9725 high
1368.75 767.81 41.25 31.64 0.9781 high
1361.25 767.81 48.75 31.64 0.9896 high
1353.75 765.70 52.50 31.64 0.9875 high
1350.00 765.70 33.75 25.31 0.9822 high
1342.50 767.81 33.75 18.98 0.9695 high
1331.25 757.27 41.25 25.31 0.9874 high
1320.00 753.05 45.00 25.31 0.9806 high
1323.75 748.83 33.75 23.20 0.9899 high
-100 -100 -100 -100 0.0000 coast_none
1304.82 746.77 38.65 23.80 0.0000 coast
-100 -100 -100 -100 0.0000 coast_none
-100 -100 -100 -100 0.0000 coast_none
-100 -100 -100 -100 0.0000 coast_none
-100 -100 -100 -100 0.0000 coast_none
-100 -100 -100 -100 0.0000 coast_none
-100 -100 -100 -100 0.0000 coast_none
-100 -100 -100 -100 0.0000 coast_none
-100 -100 -100 -100 0.0000 coast_none
-100 -100 -100 -100 0.0000 miss
-100 -100 -100 -100 0.0000 miss
-100 -100 -100 -100 0.0000 miss
1275.00 666.56 37.50 27.42 0.9588 reinit
1271.25 664.45 41.25 27.42 0.9701 high
1271.25 664.45 41.25 29.53 0.9761 high
1271.25 664.45 33.75 25.31 0.9545 high
-100 -100 -100 -100 0.0000 coast_none
1278.75 666.56 30.00 18.98 0.9481 high
1267.50 658.12 45.00 27.42 0.9926 high
1267.50 656.02 48.75 29.53 0.9833 high
1263.75 656.02 48.75 29.53 0.9855 high
1267.50 656.02 45.00 29.53 0.9913 high
1271.25 658.12 41.25 25.31 0.9981 high
1267.50 656.02 48.75 27.42 0.9792 high
1267.50 656.02 48.75 27.42 0.9832 high
1271.25 656.02 45.00 29.53 0.9805 high
1267.50 653.91 48.75 31.64 0.9895 high
1271.25 656.02 45.00 29.53 0.9743 high
1275.00 658.12 41.25 27.42 0.9852 high
1271.25 658.12 45.00 25.31 0.9751 high
1271.25 658.12 45.00 27.42 0.9693 high
1278.75 660.23 33.75 23.20 0.9704 high
1278.75 662.34 30.00 21.09 0.9366 high
1278.75 660.23 37.50 25.31 0.9716 high
1282.50 662.34 33.75 23.20 0.8699 high
1282.50 660.23 33.75 25.31 0.9816 high
1297.50 675.00 11.25 10.55 0.8748 high
1301.25 683.44 3.75 2.11 0.7529 high
1301.25 683.44 7.50 2.11 0.9196 high
-100 -100 -100 -100 0.0000 coast_none
-100 -100 -100 -100 0.0000 coast_none
1290.00 660.23 41.25 27.42 0.9680 reinit
1293.75 664.45 7.50 4.22 0.7284 high
-100 -100 -100 -100 0.0000 coast_none
1293.31 663.99 1.00 1.00 0.0000 coast
1301.25 668.67 3.75 2.11 0.4510 low
-100 -100 -100 -100 0.0000 coast_none
-100 -100 -100 -100 0.0000 coast_none
-100 -100 -100 -100 0.0000 coast_none
1323.75 677.11 15.00 10.55 0.9794 reinit
1320.00 677.11 18.75 16.88 0.9559 high
1323.75 679.22 15.00 14.77 0.9096 high
-100 -100 -100 -100 0.0000 coast_none
-100 -100 -100 -100 0.0000 coast_none
-100 -100 -100 -100 0.0000 coast_none
-100 -100 -100 -100 0.0000 coast_none
1331.25 687.66 11.25 6.33 0.6824 high
1331.25 681.33 15.00 14.77 0.9492 high
1332.55 682.77 14.23 13.66 0.0000 coast
1333.70 683.06 14.12 13.93 0.0000 coast
1327.50 675.00 26.25 21.09 0.9539 high
1327.50 677.11 26.25 18.98 0.9754 high
1335.00 679.22 18.75 12.66 0.9172 high
1327.50 675.00 30.00 21.09 0.9752 high
1327.50 675.00 30.00 23.20 0.9825 high
1327.50 677.11 30.00 21.09 0.9712 high
1331.25 679.22 26.25 16.88 0.9610 high
1331.25 681.33 26.25 14.77 0.9885 high
1331.25 681.33 26.25 14.77 0.9519 high
1331.25 679.22 30.00 16.88 0.9596 high
1331.25 681.33 30.00 14.77 0.9697 high
1335.00 681.33 26.25 14.77 0.9523 high
1338.75 681.33 18.75 10.55 0.8728 high
-100 -100 -100 -100 0.0000 coast_none
1342.50 683.44 11.25 4.22 0.6931 high
-100 -100 -100 -100 0.0000 coast_none
-100 -100 -100 -100 0.0000 coast_none
1342.50 681.33 18.75 12.66 0.8749 high
1338.75 679.22 22.50 16.88 0.9825 high
1342.50 681.33 18.75 12.66 0.9585 high
1342.50 681.33 18.75 12.66 0.9349 high
1342.50 683.44 15.00 10.55 0.9213 high
1342.50 681.33 18.75 12.66 0.9108 high
1342.50 683.44 18.75 10.55 0.9369 high
1338.75 681.33 22.50 12.66 0.9729 high
1338.75 679.22 22.50 14.77 0.9753 high
1335.00 679.22 30.00 14.77 0.9605 high
1335.00 677.11 30.00 16.88 0.9728 high
1331.25 670.78 33.75 23.20 0.9792 high
1331.25 670.78 37.50 23.20 0.9851 high
1331.25 670.78 33.75 23.20 0.9770 high
1331.25 675.00 37.50 18.98 0.9696 high
1331.25 679.22 33.75 14.77 0.9754 high
1331.25 679.22 37.50 16.88 0.9808 high
1338.75 679.22 26.25 16.88 0.9810 high
1338.75 681.33 30.00 14.77 0.9554 high
1346.25 683.44 22.50 10.55 0.9763 high
1335.00 675.00 37.50 21.09 0.9852 high
1335.00 677.11 41.25 21.09 0.9772 high
1346.25 681.33 33.75 14.77 0.9851 high
1353.75 681.33 30.00 14.77 0.9578 high
1353.75 675.00 41.25 23.20 0.9695 high
1361.25 670.78 41.25 27.42 0.9720 high
1365.00 668.67 41.25 31.64 0.9820 high
1372.50 666.56 41.25 31.64 0.9824 high
1383.75 670.78 37.50 23.20 0.9913 high
1391.25 668.67 37.50 25.31 0.9723 high
1398.75 666.56 37.50 29.53 0.9851 high
1406.25 662.34 45.00 31.64 0.9798 high
1417.50 662.34 41.25 31.64 0.9885 high
1428.75 660.23 45.00 33.75 0.9860 high
1440.00 660.23 41.25 33.75 0.9905 high
1451.25 660.23 41.25 33.75 0.9937 high
1462.50 656.02 45.00 37.97 0.9921 high
1473.75 653.91 45.00 37.97 0.9902 high
1485.00 656.02 41.25 33.75 0.9890 high
1500.00 658.12 41.25 31.64 0.9934 high
1511.25 656.02 45.00 33.75 0.9863 high
1526.25 656.02 45.00 33.75 0.9909 high
1537.50 656.02 45.00 31.64 0.9868 high
1552.50 656.02 45.00 31.64 0.9923 high
1563.75 656.02 45.00 31.64 0.9927 high
1575.00 656.02 45.00 31.64 0.9873 high
1586.25 653.91 48.75 33.75 0.9936 high
1605.00 651.80 41.25 37.97 0.9887 high
1612.50 653.91 45.00 35.86 0.9925 high
1623.75 651.80 45.00 37.97 0.9868 high
1635.00 656.02 45.00 35.86 0.9927 high
1646.25 656.02 45.00 33.75 0.9946 high
1657.50 658.12 41.25 35.86 0.9917 high
1665.00 660.23 45.00 35.86 0.9932 high
1672.50 662.34 45.00 35.86 0.9849 high
1680.00 664.45 48.75 37.97 0.9853 high
1691.25 670.78 41.25 35.86 0.9917 high
1695.00 675.00 48.75 35.86 0.9867 high
1706.25 679.22 41.25 33.75 0.9939 high
1710.00 683.44 48.75 33.75 0.9927 high
1717.50 689.77 48.75 29.53 0.9849 high
1725.00 693.98 45.00 29.53 0.9935 high
1728.75 696.09 45.00 29.53 0.9943 high
1736.25 698.20 45.00 29.53 0.9904 high
1740.00 698.20 45.00 33.75 0.9947 high
1743.75 702.42 48.75 29.53 0.9943 high
1747.50 702.42 48.75 31.64 0.9900 high
1755.00 704.53 45.00 31.64 0.9876 high
1758.75 704.53 48.75 29.53 0.9957 high
1766.25 704.53 45.00 29.53 0.9913 high
1766.25 704.53 48.75 31.64 0.9862 high
1770.00 704.53 52.50 29.53 0.9851 high
1777.50 702.42 48.75 31.64 0.9860 high
1781.25 704.53 48.75 27.42 0.9877 high
1788.75 702.42 48.75 29.53 0.9950 high
1788.75 700.31 48.75 29.53 0.9839 high
1796.25 698.20 48.75 29.53 0.9942 high
1800.00 696.09 52.50 29.53 0.9895 high
1807.50 693.98 52.50 31.64 0.9890 high
1807.50 691.88 60.00 31.64 0.9857 high
1815.00 687.66 52.50 33.75 0.9947 high
1818.75 683.44 56.25 37.97 0.9867 high
1822.50 679.22 56.25 40.08 0.9902 high
1830.00 675.00 52.50 42.19 0.9937 high
1833.75 675.00 52.50 40.08 0.9894 high
1841.25 672.89 52.50 42.19 0.9902 high
1848.75 670.78 48.75 42.19 0.9888 high
1856.25 670.78 56.25 40.08 0.9860 high
1863.75 668.67 48.75 40.08 0.9945 high
1875.00 666.56 41.25 37.97 0.9862 high
1882.50 664.45 33.75 33.75 0.9825 high
-100 -100 -100 -100 0.0000 coast_none
-100 -100 -100 -100 0.0000 coast_none
-100 -100 -100 -100 0.0000 coast_none
-100 -100 -100 -100 0.0000 coast_none
-100 -100 -100 -100 0.0000 coast_none
-100 -100 -100 -100 0.0000 coast_none
-100 -100 -100 -100 0.0000 coast_none
-100 -100 -100 -100 0.0000 coast_none
-100 -100 -100 -100 0.0000 coast_none
-100 -100 -100 -100 0.0000 coast_none
-100 -100 -100 -100 0.0000 miss
-100 -100 -100 -100 0.0000 miss
-100 -100 -100 -100 0.0000 miss
-100 -100 -100 -100 0.0000 miss
-100 -100 -100 -100 0.0000 miss
-100 -100 -100 -100 0.0000 miss
-100 -100 -100 -100 0.0000 miss
-100 -100 -100 -100 0.0000 miss
-100 -100 -100 -100 0.0000 miss
-100 -100 -100 -100 0.0000 miss
-100 -100 -100 -100 0.0000 miss
-100 -100 -100 -100 0.0000 miss
-100 -100 -100 -100 0.0000 miss
-100 -100 -100 -100 0.0000 miss
-100 -100 -100 -100 0.0000 miss
-100 -100 -100 -100 0.0000 miss
-100 -100 -100 -100 0.0000 miss
-100 -100 -100 -100 0.0000 miss
-100 -100 -100 -100 0.0000 miss
-100 -100 -100 -100 0.0000 miss
-100 -100 -100 -100 0.0000 lost
-100 -100 -100 -100 0.0000 none
-100 -100 -100 -100 0.0000 none
-100 -100 -100 -100 0.0000 none
-100 -100 -100 -100 0.0000 none
-100 -100 -100 -100 0.0000 none
-100 -100 -100 -100 0.0000 none
-100 -100 -100 -100 0.0000 none
-100 -100 -100 -100 0.0000 none
-100 -100 -100 -100 0.0000 none
146.25 603.28 15.00 8.44 0.9882 init
-100 -100 -100 -100 0.0000 coast_none
-100 -100 -100 -100 0.0000 coast_none
-100 -100 -100 -100 0.0000 coast_none
-100 -100 -100 -100 0.0000 coast_none
303.75 609.61 15.00 8.44 0.9107 reinit
-100 -100 -100 -100 0.0000 coast_none
-100 -100 -100 -100 0.0000 coast_none
397.50 615.94 15.00 8.44 0.9919 reinit
-100 -100 -100 -100 0.0000 coast_none
-100 -100 -100 -100 0.0000 coast_none
-100 -100 -100 -100 0.0000 coast_none
-100 -100 -100 -100 0.0000 coast_none
-100 -100 -100 -100 0.0000 coast_none
-100 -100 -100 -100 0.0000 coast_none
-100 -100 -100 -100 0.0000 coast_none
-100 -100 -100 -100 0.0000 coast_none
-100 -100 -100 -100 0.0000 coast_none
-100 -100 -100 -100 0.0000 coast_none
-100 -100 -100 -100 0.0000 miss
-100 -100 -100 -100 0.0000 miss
-100 -100 -100 -100 0.0000 miss
-100 -100 -100 -100 0.0000 miss
1886.25 601.17 26.25 18.98 0.9668 reinit
1886.25 601.17 26.25 18.98 0.0000 coast
1886.25 601.17 26.25 18.98 0.0000 coast
1818.75 609.61 75.00 46.41 0.9937 reinit
1803.75 613.83 71.25 52.73 0.9899 high
1785.00 626.48 63.75 48.52 0.9904 high
1770.00 634.92 63.75 52.73 0.9950 high
1743.75 643.36 67.50 54.84 0.9936 high
1725.00 656.02 71.25 54.84 0.9918 high
1713.75 666.56 60.00 54.84 0.9921 high
1698.75 683.44 63.75 50.62 0.9877 high
1680.00 689.77 67.50 56.95 0.9941 high
1668.75 704.53 63.75 52.73 0.9905 high
1650.00 712.97 67.50 56.95 0.9877 high
1638.75 725.62 63.75 54.84 0.9921 high
1631.25 738.28 63.75 52.73 0.9931 high
1620.00 748.83 60.00 50.62 0.9907 high
1616.25 757.27 56.25 52.73 0.9946 high
1608.75 765.70 63.75 52.73 0.9930 high
1601.25 772.03 63.75 52.73 0.9901 high
1597.50 782.58 63.75 46.41 0.9836 high
1590.00 786.80 71.25 46.41 0.9891 high
1586.25 788.91 71.25 46.41 0.9931 high
1586.25 791.02 60.00 46.41 0.9883 high
1572.79 802.80 63.86 45.67 0.0000 coast
1563.89 811.01 63.80 45.14 0.0000 coast
1575.00 793.12 71.25 42.19 0.9887 reinit
1578.75 788.91 67.50 44.30 0.9936 high
1575.00 784.69 71.25 42.19 0.9930 high
