918.75 542.11 33.75 37.97 0.9813 init
911.25 546.33 33.75 37.97 0.9718 high
907.50 552.66 33.75 42.19 0.9892 high
907.50 561.09 37.50 37.97 0.9738 high
911.25 552.66 33.75 40.08 0.9664 high
911.25 552.66 33.75 40.08 0.9848 high
907.50 563.20 33.75 40.08 0.9802 high
907.50 567.42 30.00 40.08 0.9792 high
907.50 569.53 33.75 42.19 0.9866 high
911.25 573.75 30.00 42.19 0.9727 high
911.25 577.97 33.75 42.19 0.9735 high
911.25 580.08 30.00 42.19 0.9796 high
907.50 588.52 33.75 44.30 0.9762 high
908.33 590.40 32.58 44.24 0.0000 coast
908.00 593.98 32.50 44.72 0.0000 coast
926.25 609.61 30.00 44.30 0.9884 reinit
930.00 622.27 30.00 46.41 0.9709 high
930.00 620.16 30.00 46.41 0.9847 high
937.50 622.27 30.00 44.30 0.9894 high
941.25 626.48 30.00 42.19 0.9883 high
933.75 628.59 33.75 46.41 0.9879 high
933.75 628.59 33.75 46.41 0.9816 high
937.50 630.70 33.75 46.41 0.9754 high
937.50 632.81 33.75 46.41 0.9731 high
937.50 626.48 33.75 44.30 0.9823 high
937.50 618.05 33.75 46.41 0.9855 high
937.50 628.59 33.75 46.41 0.9856 high
941.25 630.70 33.75 44.30 0.9821 high
948.75 630.70 37.50 44.30 0.9800 high
952.50 639.14 37.50 46.41 0.9895 high
952.80 638.15 37.95 45.79 0.0000 coast
954.68 639.68 38.56 45.84 0.0000 coast
967.50 660.23 45.00 44.30 0.9770 reinit
975.00 664.45 41.25 46.41 0.9717 high
982.50 668.67 45.00 46.41 0.9792 high
982.50 677.11 45.00 46.41 0.9841 high
982.50 687.66 45.00 48.52 0.9811 high
978.75 683.44 48.75 48.52 0.9786 high
986.25 681.33 45.00 50.62 0.9769 high
986.85 687.40 46.67 50.96 0.0000 coast
988.70 690.72 47.17 51.74 0.0000 coast
1005.00 670.78 41.25 46.41 0.9805 reinit
1012.50 656.02 41.25 44.30 0.9814 high
1023.75 645.47 37.50 48.52 0.9847 high
1031.25 649.69 41.25 44.30 0.9824 high
1031.25 641.25 45.00 48.52 0.9874 high
1035.00 639.14 45.00 46.41 0.9890 high
1038.75 634.92 48.75 48.52 0.9870 high
1046.25 639.14 45.00 48.52 0.9908 high
1046.25 643.36 52.50 46.41 0.9837 high
1053.75 645.47 48.75 50.62 0.9847 high
1057.50 647.58 52.50 52.73 0.9765 high
1062.11 644.51 53.23 52.51 0.0000 coast
1066.65 643.53 54.44 53.21 0.0000 coast
1061.25 691.88 48.75 52.73 0.9783 reinit
1072.50 691.88 41.25 52.73 0.9842 high
1072.50 685.55 45.00 50.62 0.9932 high
1074.74 684.90 43.89 50.41 0.0000 coast
1076.79 682.86 43.73 49.73 0.0000 coast
1012.50 632.81 56.25 71.72 0.9924 reinit
1005.00 613.83 67.50 63.28 0.9962 high
1004.44 612.42 68.34 62.65 0.0000 coast
1002.89 608.49 70.66 60.91 0.0000 coast
971.25 575.86 93.75 54.84 0.9930 high
963.75 561.09 97.50 54.84 0.9908 high
952.50 556.88 101.25 63.28 0.9902 high
952.50 558.98 97.50 63.28 0.9917 high
952.50 563.20 93.75 61.17 0.9914 high
948.75 569.53 90.00 61.17 0.9884 high
939.25 555.58 98.16 59.92 0.0000 coast
932.37 548.94 101.81 59.10 0.0000 coast
941.25 590.62 90.00 59.06 0.9905 reinit
945.00 605.39 90.00 63.28 0.9927 high
952.50 605.39 93.75 61.17 0.9916 high
963.75 605.39 97.50 59.06 0.9909 high
967.50 603.28 97.50 61.17 0.9901 high
971.25 603.28 97.50 63.28 0.9916 high
990.00 590.62 93.75 69.61 0.9910 high
1001.25 586.41 97.50 69.61 0.9914 high
1005.00 580.08 97.50 69.61 0.9885 high
1012.50 558.98 93.75 71.72 0.9935 high
1016.25 542.11 93.75 78.05 0.9912 high
1016.25 542.11 97.50 80.16 0.9916 high
1008.75 531.56 93.75 84.38 0.9908 high
1019.65 526.30 95.05 85.48 0.0000 coast
1024.82 519.63 95.25 87.61 0.0000 coast
986.25 527.34 90.00 94.92 0.9925 reinit
975.00 525.23 90.00 94.92 0.9878 high
967.50 535.78 93.75 97.03 0.9910 high
997.50 542.11 60.00 59.06 0.9933 high
993.75 533.67 56.25 61.17 0.9912 high
990.00 531.56 56.25 59.06 0.9952 high
990.00 533.67 60.00 59.06 0.9951 high
993.75 533.67 60.00 61.17 0.9952 high
993.75 529.45 60.00 59.06 0.9933 high
995.51 530.28 56.45 55.06 0.0000 coast
993.75 516.80 60.00 61.17 0.9941 high
986.25 521.02 63.75 59.06 0.9931 high
986.25 510.47 60.00 61.17 0.9911 high
990.00 514.69 60.00 61.17 0.9942 high
986.25 516.80 63.75 61.17 0.9913 high
987.09 513.43 61.69 59.65 0.0000 coast
986.97 511.85 61.21 58.75 0.0000 coast
941.25 540.00 93.75 107.58 0.9893 reinit
933.75 554.77 97.50 107.58 0.9885 high
926.25 563.20 97.50 109.69 0.9888 high
922.50 580.08 93.75 109.69 0.9895 high
915.00 594.84 93.75 109.69 0.9904 high
911.25 603.28 97.50 109.69 0.9833 high
907.50 609.61 97.50 109.69 0.9892 high
900.00 601.17 97.50 109.69 0.9883 high
895.74 615.15 97.70 110.08 0.0000 coast
890.73 622.93 97.93 110.33 0.0000 coast
915.00 533.67 93.75 107.58 0.9910 reinit
918.75 504.14 97.50 107.58 0.9914 high
930.00 472.50 97.50 107.58 0.9898 high
937.50 455.62 97.50 109.69 0.9899 high
948.75 442.97 97.50 111.80 0.9912 high
960.00 421.88 97.50 113.91 0.9886 high
971.25 415.55 93.75 116.02 0.9910 high
971.25 419.77 97.50 118.12 0.9900 high
982.50 419.77 90.00 118.12 0.9919 high
982.50 428.20 93.75 120.23 0.9902 high
986.25 436.64 97.50 120.23 0.9889 high
990.00 447.19 93.75 122.34 0.9834 high
1008.75 459.84 71.25 65.39 0.9946 high
1012.36 448.00 77.19 82.21 0.0000 coast
1019.58 445.19 75.25 79.13 0.0000 coast
986.25 491.48 97.50 124.45 0.9884 reinit
1012.50 499.92 71.25 65.39 0.9923 high
1005.00 514.69 67.50 67.50 0.9931 high
993.75 537.89 71.25 67.50 0.9954 high
991.01 550.83 67.86 61.12 0.0000 coast
963.75 548.44 97.50 126.56 0.9866 high
963.75 554.77 93.75 124.45 0.9894 high
952.50 554.77 97.50 122.34 0.9876 high
945.00 554.77 101.25 120.23 0.9926 high
937.50 546.33 101.25 118.12 0.9930 high
930.00 542.11 101.25 122.34 0.9900 high
926.25 540.00 101.25 122.34 0.9890 high
926.25 535.78 97.50 118.12 0.9906 high
918.75 531.56 97.50 120.23 0.9886 high
911.25 533.67 101.25 118.12 0.9896 high
903.75 531.56 105.00 111.80 0.9946 high
900.00 527.34 105.00 116.02 0.9924 high
900.00 512.58 101.25 109.69 0.9886 high
896.25 510.47 97.50 116.02 0.9898 high
888.75 504.14 97.50 109.69 0.9913 high
885.00 491.48 101.25 116.02 0.9898 high
888.75 489.38 101.25 107.58 0.9908 high
888.75 487.27 93.75 113.91 0.9893 high
885.00 491.48 93.75 107.58 0.9890 high
881.25 495.70 101.25 105.47 0.9903 high
885.00 491.48 101.25 107.58 0.9925 high
885.00 497.81 105.00 105.47 0.9945 high
885.00 510.47 105.00 101.25 0.9935 high
896.25 518.91 93.75 105.47 0.9936 high
907.50 521.02 93.75 107.58 0.9911 high
911.25 521.02 97.50 105.47 0.9883 high
915.00 525.23 97.50 103.36 0.9935 high
915.00 525.23 105.00 107.58 0.9924 high
918.75 525.23 97.50 109.69 0.9913 high
918.75 527.34 97.50 107.58 0.9894 high
907.50 525.23 105.00 103.36 0.9940 high
911.25 518.91 101.25 103.36 0.9912 high
918.75 510.47 97.50 107.58 0.9925 high
911.25 506.25 108.75 107.58 0.9908 high
918.75 499.92 101.25 107.58 0.9913 high
918.75 491.48 101.25 109.69 0.9920 high
907.50 491.48 105.00 111.80 0.9924 high
903.75 491.48 101.25 116.02 0.9921 high
896.25 491.48 105.00 116.02 0.9905 high
900.00 487.27 105.00 116.02 0.9905 high
907.50 493.59 97.50 111.80 0.9933 high
896.25 495.70 105.00 118.12 0.9936 high
900.00 508.36 105.00 122.34 0.9919 high
907.50 506.25 97.50 122.34 0.9917 high
896.25 521.02 105.00 120.23 0.9928 high
892.50 537.89 105.00 116.02 0.9925 high
903.75 542.11 97.50 116.02 0.9904 high
896.25 550.55 108.75 118.12 0.9934 high
892.50 567.42 105.00 122.34 0.9900 high
900.00 577.97 97.50 122.34 0.9918 high
888.75 584.30 105.00 122.34 0.9918 high
885.00 584.30 97.50 122.34 0.9921 high
881.25 582.19 93.75 122.34 0.9916 high
873.75 582.19 101.25 124.45 0.9902 high
873.75 573.75 101.25 124.45 0.9907 high
870.00 561.09 101.25 122.34 0.9912 high
866.25 542.11 101.25 126.56 0.9894 high
877.50 533.67 93.75 130.78 0.9905 high
873.75 516.80 97.50 132.89 0.9900 high
881.25 489.38 90.00 132.89 0.9914 high
877.05 495.74 91.46 134.09 0.0000 coast
876.27 490.83 90.64 135.23 0.0000 coast
903.75 415.55 93.75 130.78 0.9903 reinit
915.00 383.91 101.25 137.11 0.9920 high
926.25 345.94 93.75 137.11 0.9871 high
930.00 310.08 101.25 137.11 0.9911 high
933.75 295.31 93.75 137.11 0.9917 high
933.75 284.77 101.25 139.22 0.9907 high
930.00 291.09 93.75 147.66 0.9901 high
936.13 264.06 95.23 147.07 0.0000 coast
939.26 246.77 94.85 148.92 0.0000 coast
915.00 352.27 105.00 156.09 0.9844 reinit
903.75 371.25 116.25 153.98 0.9870 high
900.00 398.67 116.25 158.20 0.9860 high
885.00 426.09 123.75 164.53 0.9896 high
881.25 521.02 93.75 75.94 0.9812 high
866.25 535.78 105.00 73.83 0.9812 high
866.25 544.22 93.75 71.72 0.9799 high
847.50 556.88 93.75 65.39 0.9784 high
840.94 587.70 90.29 49.70 0.0000 coast
831.95 612.66 87.11 37.06 0.0000 coast
900.00 434.53 86.25 73.83 0.9939 reinit
915.00 430.31 82.50 73.83 0.9937 high
926.25 428.20 82.50 73.83 0.9953 high
937.50 419.77 86.25 71.72 0.9927 high
948.75 407.11 86.25 71.72 0.9927 high
960.00 409.22 82.50 71.72 0.9883 high
963.75 409.22 86.25 69.61 0.9909 high
967.50 398.67 86.25 69.61 0.9866 high
975.00 402.89 86.25 65.39 0.9911 high
975.00 396.56 86.25 67.50 0.9901 high
967.50 402.89 86.25 63.28 0.9961 high
963.75 409.22 90.00 65.39 0.9909 high
960.00 402.89 93.75 63.28 0.9914 high
956.25 400.78 90.00 63.28 0.9938 high
948.75 407.11 93.75 63.28 0.9933 high
945.00 419.77 97.50 61.17 0.9911 high
937.50 428.20 97.50 61.17 0.9910 high
930.00 434.53 97.50 59.06 0.9909 high
930.00 438.75 97.50 59.06 0.9890 high
933.75 438.75 93.75 56.95 0.9925 high
930.00 434.53 97.50 54.84 0.9887 high
918.75 430.31 101.25 54.84 0.9923 high
911.25 426.09 101.25 54.84 0.9887 high
907.50 405.00 101.25 54.84 0.9939 high
906.49 412.29 102.42 53.55 0.0000 coast
903.82 411.12 103.31 52.72 0.0000 coast
918.75 333.28 101.25 52.73 0.9888 reinit
930.00 303.75 97.50 52.73 0.9800 high
945.00 276.33 101.25 54.84 0.9918 high
956.25 251.02 67.50 50.62 0.9534 high
952.50 232.03 97.50 52.73 0.9753 high
963.75 217.27 101.25 50.62 0.9929 high
971.25 196.17 71.25 54.84 0.9516 high
971.25 187.73 97.50 56.95 0.9862 high
963.75 183.52 101.25 59.06 0.9918 high
973.20 161.97 99.85 59.12 0.0000 coast
977.53 145.96 101.23 59.98 0.0000 coast
930.00 196.17 105.00 61.17 0.9945 reinit
918.75 206.72 101.25 61.17 0.9910 high
915.00 219.38 101.25 63.28 0.9738 high
907.50 227.81 105.00 65.39 0.9905 high
896.25 240.47 108.75 63.28 0.9938 high
892.50 257.34 105.00 63.28 0.9878 high
892.50 267.89 105.00 65.39 0.9918 high
892.50 272.11 105.00 65.39 0.9858 high
885.00 288.98 108.75 67.50 0.9777 high
885.00 297.42 105.00 67.50 0.9886 high
885.00 299.53 108.75 67.50 0.9952 high
885.00 303.75 108.75 67.50 0.9930 high
888.75 312.19 105.00 67.50 0.9802 high
885.00 307.97 112.50 69.61 0.9886 high
885.00 312.19 108.75 69.61 0.9878 high
881.25 314.30 108.75 67.50 0.9751 high
877.50 307.97 105.00 67.50 0.9534 high
877.50 312.19 108.75 69.61 0.9820 high
881.25 312.19 116.25 71.72 0.9855 high
881.25 310.08 112.50 71.72 0.9893 high
885.00 316.41 82.50 42.19 0.9667 high
873.75 329.06 120.00 71.72 0.9906 high
873.75 329.06 120.00 73.83 0.9932 high
877.50 333.28 120.00 73.83 0.9760 high
873.75 331.17 123.75 75.94 0.9873 high
873.75 329.06 116.25 78.05 0.9424 high
918.75 369.14 3.75 2.11 0.6157 high
904.50 363.17 37.22 24.46 0.0000 coast
906.23 368.73 30.81 20.65 0.0000 coast
843.75 320.62 127.50 78.05 0.9892 high
836.25 324.84 127.50 80.16 0.9946 high
836.25 329.06 123.75 82.27 0.9643 high
828.75 343.83 123.75 82.27 0.9685 high
817.01 331.91 142.20 92.67 0.0000 coast
821.25 360.70 120.00 82.27 0.9423 high
821.25 369.14 93.75 52.73 0.9769 high
821.25 379.69 71.25 37.97 0.9489 high
810.23 375.08 89.04 49.64 0.0000 coast
817.50 377.58 108.75 52.73 0.9614 high
821.25 375.47 101.25 50.62 0.9462 high
825.00 352.27 131.25 88.59 0.9686 high
825.00 333.28 131.25 88.59 0.9590 high
836.25 337.50 131.25 90.70 0.9518 high
840.00 324.84 135.00 90.70 0.9879 high
847.50 307.97 135.00 90.70 0.9671 high
855.00 310.08 135.00 90.70 0.9413 high
866.25 318.52 108.75 88.59 0.9651 high
918.75 356.48 3.75 2.11 0.6549 high
905.31 341.49 36.55 28.25 0.0000 coast
881.25 322.73 101.25 56.95 0.9289 high
873.75 326.95 123.75 63.28 0.9591 high
876.16 319.78 125.17 64.32 0.0000 coast
881.25 324.84 101.25 50.62 0.9365 high
858.75 301.64 150.00 94.92 0.9810 high
851.25 303.75 150.00 99.14 0.9475 high
836.25 307.97 153.75 99.14 0.9735 high
828.75 307.97 153.75 101.25 0.9451 high
825.00 286.88 153.75 103.36 0.9839 high
825.00 291.09 153.75 103.36 0.9632 high
825.00 299.53 153.75 103.36 0.9410 high
821.25 303.75 157.50 103.36 0.9809 high
825.00 318.52 157.50 103.36 0.9672 high
825.00 329.06 157.50 107.58 0.9836 high
825.00 341.72 157.50 107.58 0.9601 high
836.25 345.94 157.50 109.69 0.9909 high
843.75 369.14 157.50 109.69 0.9958 high
843.75 379.69 161.25 111.80 0.9950 high
840.00 386.02 161.25 109.69 0.9823 high
832.50 388.12 157.50 113.91 0.9902 high
832.50 402.89 165.00 113.91 0.9916 high
836.25 400.78 161.25 111.80 0.9838 high
836.25 405.00 161.25 111.80 0.9915 high
836.25 411.33 161.25 109.69 0.9914 high
832.50 396.56 165.00 107.58 0.9850 high
825.00 390.23 161.25 105.47 0.9680 high
836.25 390.23 153.75 103.36 0.9582 high
836.25 362.81 153.75 103.36 0.9400 high
836.25 352.27 168.75 99.14 0.9690 high
843.75 331.17 172.50 97.03 0.9901 high
963.75 388.12 3.75 6.33 0.7739 high
960.00 367.03 33.75 10.55 0.7862 high
971.30 366.41 22.67 2.05 0.0000 coast
985.23 360.94 9.88 1.00 0.0000 coast
881.25 299.53 183.75 90.70 0.9876 high
888.75 318.52 176.25 92.81 0.9847 high
881.25 335.39 176.25 92.81 0.9820 high
881.25 352.27 172.50 90.70 0.9758 high
877.50 371.25 180.00 88.59 0.9831 high
870.00 373.36 183.75 90.70 0.9809 high
870.00 381.80 187.50 90.70 0.9856 high
