265.00 268.59 100.00 37.97 0.9890 init
270.00 261.56 105.00 39.38 0.9859 high
287.50 262.97 97.50 37.97 0.9920 high
292.50 262.97 100.00 35.16 0.9881 high
290.00 258.75 102.50 37.97 0.9876 high
290.00 255.94 100.00 35.16 0.9891 high
295.00 254.53 100.00 35.16 0.9886 high
300.00 253.12 102.50 37.97 0.9881 high
307.50 248.91 100.00 36.56 0.9897 high
307.50 246.09 100.00 37.97 0.9886 high
310.00 243.28 100.00 37.97 0.9919 high
315.00 243.28 100.00 36.56 0.9864 high
307.50 241.88 102.50 37.97 0.9898 high
307.50 240.47 100.00 35.16 0.9926 high
302.50 237.66 100.00 36.56 0.9889 high
295.00 237.66 102.50 36.56 0.9895 high
295.00 236.25 100.00 35.16 0.9888 high
287.50 236.25 100.00 37.97 0.9887 high
275.00 239.06 102.50 36.56 0.9897 high
270.00 234.84 100.00 35.16 0.9903 high
265.00 230.62 100.00 36.56 0.9874 high
260.00 226.41 102.50 36.56 0.9870 high
265.00 227.81 105.00 35.16 0.9856 high
265.00 225.00 100.00 36.56 0.9913 high
267.50 223.59 100.00 36.56 0.9866 high
270.00 227.81 100.00 35.16 0.9892 high
267.50 232.03 100.00 35.16 0.9865 high
250.00 233.44 102.50 36.56 0.9900 high
242.50 237.66 102.50 36.56 0.9863 high
242.50 237.66 102.50 36.56 0.9863 high
242.50 251.72 110.00 37.97 0.9848 high
245.00 258.75 102.50 36.56 0.9876 high
245.00 258.75 102.50 36.56 0.9870 high
222.50 268.59 102.50 37.97 0.9901 high
217.50 271.41 102.50 36.56 0.9915 high
217.50 271.41 105.00 36.56 0.9902 high
217.50 260.16 105.00 37.97 0.9856 high
212.30 266.92 105.06 37.63 0.0000 coast
242.50 264.38 102.50 35.16 0.9894 high
233.99 266.72 103.16 35.62 0.0000 coast
233.04 268.10 103.19 35.51 0.0000 coast
285.00 248.91 102.50 35.16 0.9872 reinit
300.00 241.88 105.00 36.56 0.9905 high
317.50 240.47 107.50 36.56 0.9872 high
317.50 239.06 107.50 37.97 0.9888 high
335.00 240.47 102.50 36.56 0.9906 high
335.00 241.88 100.00 37.97 0.9869 high
337.50 253.12 105.00 37.97 0.9873 high
337.50 253.12 105.00 37.97 0.9868 high
332.50 254.53 105.00 36.56 0.9895 high
341.17 255.99 104.94 37.22 0.0000 coast
345.50 257.63 105.02 37.31 0.0000 coast
315.00 244.69 100.00 39.38 0.9880 high
320.66 246.88 100.27 39.38 0.0000 coast
350.00 244.69 100.00 37.97 0.9883 high
347.50 244.69 102.50 37.97 0.9863 high
355.00 247.50 107.50 37.97 0.9862 high
355.00 247.50 107.50 37.97 0.9853 high
357.50 251.72 105.00 37.97 0.9889 high
345.00 257.34 102.50 36.56 0.9901 high
345.00 257.34 102.50 36.56 0.9912 high
342.50 255.94 102.50 37.97 0.9875 high
345.00 265.78 107.50 36.56 0.9878 high
345.00 265.78 107.50 36.56 0.9869 high
352.50 261.56 102.50 36.56 0.9913 high
342.50 258.75 105.00 36.56 0.9872 high
340.00 258.75 110.00 37.97 0.9862 high
340.00 258.75 110.00 37.97 0.9872 high
340.00 264.38 105.00 36.56 0.9862 high
342.50 264.38 105.00 35.16 0.9872 high
342.50 264.38 105.00 35.16 0.9872 high
342.50 261.56 102.50 36.56 0.9881 high
352.50 260.16 105.00 36.56 0.9852 high
352.50 260.16 105.00 36.56 0.9866 high
362.50 257.34 105.00 36.56 0.9876 high
377.50 254.53 107.50 35.16 0.9868 high
377.50 254.53 107.50 35.16 0.9853 high
387.50 250.31 112.50 36.56 0.9848 high
397.50 247.50 105.00 35.16 0.9924 high
397.50 247.50 105.00 35.16 0.9925 high
402.20 246.62 105.80 35.11 0.0000 coast
406.48 245.65 105.79 35.00 0.0000 coast
372.50 220.78 112.50 37.97 0.9888 reinit
395.00 220.78 107.50 35.16 0.9902 high
377.50 215.16 112.50 35.16 0.9846 high
377.50 208.12 107.50 35.16 0.9896 high
365.00 192.66 107.50 35.16 0.9866 high
350.00 175.78 105.00 33.75 0.9925 high
342.50 168.75 105.00 35.16 0.9848 high
352.50 163.12 115.00 36.56 0.9839 high
342.16 153.55 112.15 35.99 0.0000 coast
336.74 144.83 112.63 36.04 0.0000 coast
420.00 142.03 107.50 35.16 0.9846 reinit
425.00 140.62 110.00 36.56 0.9862 high
432.50 133.59 110.00 36.56 0.9857 high
427.50 119.53 107.50 37.97 0.9862 high
422.50 123.75 110.00 37.97 0.9873 high
427.50 135.00 107.50 37.97 0.9871 high
437.50 139.22 110.00 39.38 0.9804 high
442.50 146.25 110.00 37.97 0.9853 high
440.00 149.06 110.00 36.56 0.9845 high
425.00 150.47 117.50 37.97 0.9809 high
417.50 160.31 110.00 37.97 0.9858 high
425.00 171.56 110.00 36.56 0.9857 high
420.00 172.97 117.50 37.97 0.9851 high
415.00 175.78 112.50 37.97 0.9877 high
397.50 175.78 110.00 36.56 0.9878 high
392.50 170.16 115.00 37.97 0.9824 high
412.50 171.56 115.00 37.97 0.9808 high
425.00 164.53 110.00 37.97 0.9811 high
417.50 153.28 112.50 40.78 0.9875 high
422.50 151.88 110.00 39.38 0.9864 high
447.50 147.66 112.50 39.38 0.9789 high
440.90 148.91 111.98 39.74 0.0000 coast
443.15 148.08 112.04 39.93 0.0000 coast
490.00 142.03 112.50 40.78 0.9824 reinit
492.50 136.41 117.50 42.19 0.9887 high
505.00 135.00 112.50 40.78 0.9884 high
517.50 137.81 115.00 42.19 0.9837 high
525.00 137.81 112.50 42.19 0.9809 high
525.00 136.41 115.00 40.78 0.9814 high
517.50 133.59 112.50 43.59 0.9838 high
527.50 136.41 115.00 42.19 0.9854 high
545.00 140.62 112.50 42.19 0.9802 high
547.50 140.62 122.50 43.59 0.9803 high
550.00 144.84 112.50 42.19 0.9803 high
547.50 149.06 112.50 40.78 0.9868 high
547.50 149.06 115.00 42.19 0.9815 high
552.50 151.88 115.00 40.78 0.9854 high
555.00 151.88 112.50 42.19 0.9862 high
555.00 156.09 115.00 43.59 0.9813 high
565.00 163.12 115.00 42.19 0.9819 high
572.50 167.34 117.50 42.19 0.9806 high
577.50 165.94 115.00 42.19 0.9837 high
587.50 165.94 115.00 43.59 0.9853 high
592.50 170.16 115.00 43.59 0.9858 high
597.50 174.38 115.00 43.59 0.9856 high
595.00 180.00 115.00 42.19 0.9855 high
595.00 180.00 115.00 43.59 0.9867 high
600.00 182.81 115.00 42.19 0.9823 high
602.50 184.22 117.50 42.19 0.9861 high
600.00 185.62 122.50 43.59 0.9817 high
605.00 188.44 115.00 43.59 0.9836 high
605.00 189.84 115.00 42.19 0.9858 high
600.00 187.03 115.00 45.00 0.9826 high
600.00 189.84 115.00 45.00 0.9829 high
600.00 192.66 117.50 42.19 0.9825 high
590.00 189.84 117.50 45.00 0.9803 high
585.00 191.25 115.00 43.59 0.9799 high
575.00 189.84 117.50 43.59 0.9802 high
557.50 180.00 125.00 45.00 0.9819 high
547.50 180.00 117.50 43.59 0.9847 high
547.50 175.78 117.50 45.00 0.9860 high
545.00 175.78 122.50 45.00 0.9847 high
545.00 174.38 117.50 43.59 0.9818 high
532.50 168.75 115.00 43.59 0.9836 high
515.00 158.91 122.50 45.00 0.9839 high
507.50 153.28 122.50 43.59 0.9804 high
500.00 153.28 117.50 45.00 0.9836 high
497.50 146.25 120.00 45.00 0.9842 high
492.50 139.22 117.50 45.00 0.9838 high
485.00 133.59 120.00 46.41 0.9844 high
487.50 130.78 120.00 45.00 0.9830 high
482.50 129.38 120.00 46.41 0.9812 high
462.50 129.38 125.00 46.41 0.9841 high
465.00 130.78 125.00 46.41 0.9830 high
455.00 132.19 120.00 46.41 0.9829 high
432.50 133.59 125.00 46.41 0.9813 high
431.17 129.78 124.44 46.63 0.0000 coast
423.94 127.92 124.88 46.77 0.0000 coast
510.00 130.78 120.00 39.38 0.9727 reinit
477.50 129.38 117.50 49.22 0.9806 high
490.00 144.84 125.00 45.00 0.9746 high
520.00 140.62 122.50 46.41 0.9826 high
527.50 143.44 120.00 49.22 0.9834 high
534.02 146.93 121.58 49.45 0.0000 coast
-100 -100 -100 -100 0.0000 coast_none
547.50 234.84 117.50 45.00 0.9856 reinit
-100 -100 -100 -100 0.0000 coast_none
-100 -100 -100 -100 0.0000 coast_none
425.00 192.66 122.50 47.81 0.9816 reinit
462.50 172.97 122.50 33.75 0.9732 high
465.29 171.50 122.50 32.70 0.0000 coast
473.04 167.44 122.50 29.80 0.0000 coast
542.50 182.81 132.50 50.62 0.9814 high
572.50 212.34 127.50 47.81 0.9774 high
612.50 215.16 125.00 46.41 0.9766 high
642.50 232.03 130.00 47.81 0.9807 high
682.50 209.53 122.50 43.59 0.9810 high
706.33 222.47 125.06 46.12 0.0000 coast
735.26 227.08 125.17 46.74 0.0000 coast
685.00 196.88 122.50 46.41 0.9838 reinit
672.50 216.56 122.50 47.81 0.9826 high
667.50 201.09 122.50 45.00 0.9826 high
685.00 205.31 122.50 47.81 0.9806 high
667.50 208.12 125.00 45.00 0.9863 high
669.86 207.00 124.86 45.23 0.0000 coast
-100 -100 -100 -100 0.0000 coast_none
637.50 147.66 122.50 43.59 0.9769 reinit
592.50 164.53 122.50 46.41 0.9824 high
572.50 147.66 125.00 46.41 0.9788 high
537.50 132.19 132.50 46.41 0.9783 high
527.50 139.22 127.50 47.81 0.9804 high
507.50 146.25 127.50 42.19 0.9680 high
487.36 139.31 129.50 43.51 0.0000 coast
467.62 136.64 130.56 43.13 0.0000 coast
407.50 185.62 127.50 46.41 0.9793 reinit
380.00 150.47 130.00 47.81 0.9706 high
350.00 164.53 135.00 52.03 0.9789 high
350.00 184.22 132.50 49.22 0.9822 high
337.50 163.12 132.50 46.41 0.9751 high
297.50 158.91 137.50 50.62 0.9831 high
305.00 175.78 140.00 49.22 0.9838 high
285.66 172.13 140.96 49.73 0.0000 coast
271.30 173.13 142.60 49.97 0.0000 coast
330.00 185.62 145.00 47.81 0.9753 reinit
390.00 188.44 130.00 47.81 0.9770 high
375.00 185.62 130.00 49.22 0.9816 high
385.00 206.72 145.00 49.22 0.9751 high
425.00 205.31 130.00 49.22 0.9806 high
410.00 212.34 130.00 52.03 0.9776 high
415.00 247.50 140.00 46.41 0.9788 high
425.94 248.58 137.79 47.96 0.0000 coast
434.16 258.34 138.40 47.85 0.0000 coast
465.00 261.56 130.00 49.22 0.9802 high
457.50 278.44 142.50 52.03 0.9814 high
450.00 293.91 135.00 49.22 0.9848 high
462.50 322.03 130.00 50.62 0.9834 high
480.00 336.09 135.00 47.81 0.9832 high
485.15 346.00 134.00 48.70 0.0000 coast
493.33 358.77 133.97 48.66 0.0000 coast
540.00 320.62 130.00 47.81 0.9818 reinit
550.00 324.84 147.50 49.22 0.9841 high
567.50 329.06 137.50 47.81 0.9852 high
560.00 330.47 130.00 47.81 0.9843 high
552.50 319.22 140.00 49.22 0.9838 high
557.36 321.79 137.33 48.96 0.0000 coast
558.72 321.10 137.05 49.08 0.0000 coast
600.00 278.44 137.50 47.81 0.9866 high
622.50 254.53 132.50 49.22 0.9850 high
622.50 229.22 130.00 46.41 0.9832 high
612.50 217.97 142.50 47.81 0.9860 high
630.00 226.41 132.50 50.62 0.9851 high
650.00 219.38 132.50 47.81 0.9810 high
650.00 201.09 142.50 49.22 0.9835 high
640.00 192.66 142.50 50.62 0.9833 high
653.41 182.60 142.07 50.26 0.0000 coast
660.10 172.49 142.64 50.45 0.0000 coast
595.00 199.69 132.50 52.03 0.9846 reinit
587.50 202.50 145.00 53.44 0.9836 high
560.00 208.12 150.00 52.03 0.9826 high
547.50 219.38 142.50 53.44 0.9830 high
527.50 229.22 140.00 52.03 0.9847 high
490.00 232.03 147.50 52.03 0.9828 high
455.00 220.78 140.00 49.22 0.9751 high
407.50 209.53 147.50 50.62 0.9841 high
412.50 201.09 135.00 52.03 0.9870 high
407.50 201.09 147.50 53.44 0.9839 high
400.00 223.59 152.50 53.44 0.9790 high
395.00 241.88 142.50 49.22 0.9847 high
382.50 212.34 137.50 49.22 0.9827 high
362.41 221.43 140.01 49.31 0.0000 coast
346.21 222.54 139.75 49.00 0.0000 coast
407.50 178.59 140.00 52.03 0.9840 reinit
405.00 156.09 150.00 54.84 0.9829 high
422.50 149.06 150.00 56.25 0.9813 high
412.50 153.28 140.00 54.84 0.9876 high
395.00 146.25 157.50 53.44 0.9823 high
377.50 115.31 142.50 52.03 0.9781 high
355.00 85.78 142.50 53.44 0.9756 high
353.14 82.23 143.26 52.91 0.0000 coast
447.50 88.59 2.50 1.41 0.3569 low
432.65 75.26 10.41 4.28 0.0000 coast
420.00 50.62 2.50 1.41 0.5176 high
413.08 34.48 1.00 1.00 0.0000 coast
-100 -100 -100 -100 0.0000 coast_none
397.50 1.41 17.50 9.84 0.9504 high
-100 -100 -100 -100 0.0000 coast_none
-100 -100 -100 -100 0.0000 coast_none
1167.50 144.84 20.00 12.66 0.9512 reinit
-100 -100 -100 -100 0.0000 coast_none
-100 -100 -100 -100 0.0000 coast_none
772.50 146.25 57.50 35.16 0.9557 reinit
-100 -100 -100 -100 0.0000 coast_none
-100 -100 -100 -100 0.0000 coast_none
327.50 52.03 147.50 64.69 0.9527 reinit
352.50 98.44 145.00 60.47 0.9541 high
395.00 97.03 150.00 56.25 0.9595 high
425.00 98.44 152.50 60.47 0.9663 high
447.50 137.81 147.50 57.66 0.9687 high
460.00 135.00 145.00 54.84 0.9715 high
482.50 119.53 155.00 56.25 0.9545 high
612.50 158.91 5.00 5.62 0.6876 high
612.65 161.19 36.76 14.86 0.0000 coast
-100 -100 -100 -100 0.0000 coast_none
620.00 87.19 157.50 57.66 0.9523 reinit
670.00 75.94 150.00 57.66 0.9500 high
705.00 49.22 160.00 60.47 0.9612 high
730.00 57.66 150.00 61.88 0.9567 high
820.00 91.41 2.50 1.41 0.6078 high
-100 -100 -100 -100 0.0000 coast_none
-100 -100 -100 -100 0.0000 coast_none
175.00 223.59 62.50 30.94 0.9659 reinit
175.00 223.59 62.50 30.94 0.0000 coast
-100 -100 -100 -100 0.0000 coast_none
195.00 108.28 122.50 68.91 0.9399 reinit
230.00 151.88 7.50 2.81 0.5595 high
-100 -100 -100 -100 0.0000 coast_none
-100 -100 -100 -100 0.0000 coast_none
160.00 157.50 5.00 2.81 0.5111 high
139.57 160.73 1.00 1.00 0.0000 coast
117.12 163.05 1.00 1.00 0.0000 coast
387.50 46.41 132.50 64.69 0.9090 reinit
365.00 23.91 150.00 71.72 0.9419 high
363.33 22.23 151.30 72.24 0.0000 coast
407.50 81.56 7.50 4.22 0.6799 high
-100 -100 -100 -100 0.0000 coast_none
-100 -100 -100 -100 0.0000 coast_none
260.00 142.03 117.50 59.06 0.9564 reinit
277.50 140.62 112.50 63.28 0.9622 high
302.50 160.31 37.50 16.88 0.9249 high
-100 -100 -100 -100 0.0000 coast_none
-100 -100 -100 -100 0.0000 coast_none
107.50 180.00 112.50 66.09 0.9643 reinit
-100 -100 -100 -100 0.0000 coast_none
-100 -100 -100 -100 0.0000 coast_none
770.00 144.84 20.00 9.84 0.9199 reinit
-100 -100 -100 -100 0.0000 coast_none
-100 -100 -100 -100 0.0000 coast_none
1137.50 108.28 12.50 7.03 0.9290 reinit
-100 -100 -100 -100 0.0000 coast_none
-100 -100 -100 -100 0.0000 coast_none
-100 -100 -100 -100 0.0000 coast_none
-100 -100 -100 -100 0.0000 coast_none
-100 -100 -100 -100 0.0000 coast_none
940.00 101.25 17.50 14.06 0.9651 reinit
-100 -100 -100 -100 0.0000 coast_none
-100 -100 -100 -100 0.0000 coast_none
1025.00 160.31 17.50 22.50 0.9868 reinit
1025.00 160.31 17.50 22.50 0.0000 coast
-100 -100 -100 -100 0.0000 coast_none
542.50 50.62 160.00 75.94 0.9466 reinit
547.50 63.28 155.00 78.75 0.9548 high
552.50 84.38 152.50 80.16 0.9529 high
605.00 154.69 12.50 5.62 0.7647 high
517.50 125.16 150.00 70.31 0.9648 high
530.00 136.41 155.00 78.75 0.9715 high
522.50 140.62 147.50 74.53 0.9698 high
495.00 144.84 162.50 81.56 0.9721 high
492.50 161.72 157.50 81.56 0.9751 high
487.50 168.75 150.00 75.94 0.9736 high
465.00 164.53 162.50 80.16 0.9750 high
455.00 170.16 157.50 78.75 0.9750 high
462.50 164.53 147.50 75.94 0.9720 high
447.50 150.47 175.00 80.16 0.9737 high
425.00 161.72 152.50 77.34 0.9730 high
415.00 160.31 157.50 78.75 0.9772 high
417.50 149.06 167.50 80.16 0.9746 high
405.00 146.25 157.50 75.94 0.9743 high
382.50 133.59 162.50 78.75 0.9736 high
382.50 126.56 157.50 78.75 0.9742 high
367.50 119.53 165.00 82.97 0.9721 high
335.00 125.16 195.00 82.97 0.9714 high
340.00 142.03 175.00 80.16 0.9788 high
365.00 146.25 175.00 81.56 0.9767 high
367.50 149.06 182.50 82.97 0.9797 high
382.50 158.91 172.50 82.97 0.9817 high
390.00 177.19 170.00 80.16 0.9819 high
382.50 184.22 167.50 81.56 0.9812 high
392.50 182.81 170.00 87.19 0.9797 high
402.50 187.03 185.00 87.19 0.9847 high
407.50 192.66 187.50 87.19 0.9809 high
420.00 213.75 180.00 84.38 0.9829 high
417.50 223.59 180.00 84.38 0.9803 high
425.00 217.97 190.00 88.59 0.9809 high
427.50 227.81 197.50 90.00 0.9777 high
437.50 241.88 192.50 82.97 0.9788 high
442.50 244.69 190.00 82.97 0.9787 high
445.00 260.16 190.00 88.59 0.9855 high
452.50 264.38 195.00 85.78 0.9831 high
452.50 260.16 210.00 85.78 0.9779 high
447.50 278.44 207.50 85.78 0.9780 high
450.00 285.47 200.00 80.16 0.9768 high
450.00 275.62 200.00 81.56 0.9751 high
442.50 277.03 202.50 84.38 0.9760 high
432.50 282.66 210.00 84.38 0.9779 high
442.50 277.03 217.50 82.97 0.9805 high
432.50 279.84 220.00 84.38 0.9724 high
432.50 285.47 217.50 84.38 0.9793 high
442.50 268.59 210.00 82.97 0.9756 high
437.50 262.97 210.00 87.19 0.9752 high
427.50 270.00 207.50 84.38 0.9769 high
437.50 255.94 207.50 85.78 0.9787 high
430.00 253.12 212.50 87.19 0.9742 high
430.00 253.12 217.50 87.19 0.9759 high
440.00 241.88 222.50 87.19 0.9745 high
447.50 229.22 217.50 84.38 0.9770 high
447.50 219.38 207.50 88.59 0.9780 high
442.50 219.38 205.00 87.19 0.9800 high
450.00 206.72 205.00 88.59 0.9789 high
462.50 196.88 212.50 85.78 0.9756 high
455.00 189.84 217.50 91.41 0.9799 high
455.00 192.66 212.50 85.78 0.9759 high
467.50 175.78 197.50 92.81 0.9833 high
475.00 177.19 192.50 87.19 0.9815 high
457.50 168.75 190.00 91.41 0.9786 high
452.50 178.59 200.00 85.78 0.9784 high
467.50 163.12 185.00 88.59 0.9784 high
472.50 147.66 180.00 84.38 0.9798 high
442.50 153.28 172.50 94.22 0.9819 high
432.50 158.91 172.50 81.56 0.9778 high
445.00 123.75 182.50 84.38 0.9822 high
432.50 108.28 175.00 84.38 0.9788 high
495.00 158.91 2.50 1.41 0.6902 high
477.43 138.09 43.15 21.49 0.0000 coast
-100 -100 -100 -100 0.0000 coast_none
312.50 23.91 170.00 88.59 0.9681 reinit
395.00 88.59 7.50 7.03 0.8310 high
372.50 73.12 2.50 2.81 0.6373 high
360.00 49.22 10.00 14.06 0.9218 high
-100 -100 -100 -100 0.0000 coast_none
-100 -100 -100 -100 0.0000 coast_none
582.50 115.31 80.00 52.03 0.9654 reinit
572.50 99.84 92.50 57.66 0.9627 high
550.00 99.84 92.50 56.25 0.9559 high
552.50 111.09 57.50 37.97 0.9607 high
544.15 107.78 60.96 39.21 0.0000 coast
537.11 108.25 54.59 35.37 0.0000 coast
587.50 122.34 10.00 7.03 0.7992 high
-100 -100 -100 -100 0.0000 coast_none
585.83 122.96 1.00 1.00 0.0000 coast
425.00 61.88 177.50 78.75 0.9463 reinit
457.50 53.44 155.00 71.72 0.9433 high
527.50 49.22 15.00 22.50 0.8325 high
492.50 49.22 110.00 53.44 0.8863 high
480.00 29.53 122.50 82.97 0.9428 high
552.50 63.28 22.50 19.69 0.8792 high
552.50 63.28 22.50 19.69 0.8774 high
567.28 65.39 5.66 13.84 0.0000 coast
-100 -100 -100 -100 0.0000 coast_none
582.50 64.69 10.00 7.03 0.7793 high
-100 -100 -100 -100 0.0000 coast_none
-100 -100 -100 -100 0.0000 coast_none
542.50 563.91 20.00 8.44 0.9763 reinit
-100 -100 -100 -100 0.0000 coast_none
-100 -100 -100 -100 0.0000 coast_none
612.50 35.16 65.00 33.75 0.9647 reinit
612.50 35.16 65.00 33.75 0.0000 coast
645.00 56.25 10.00 8.44 0.8002 high
650.24 59.65 1.12 4.35 0.0000 coast
-100 -100 -100 -100 0.0000 coast_none
1102.50 565.31 35.00 36.56 0.9474 reinit
1102.50 565.31 35.00 36.56 0.0000 coast
1102.50 565.31 35.00 36.56 0.0000 coast
1090.00 537.19 65.00 56.25 0.9309 high
-100 -100 -100 -100 0.0000 coast_none
1085.22 526.43 76.47 63.78 0.0000 coast
847.50 84.38 197.50 158.91 0.9564 reinit
900.00 163.12 12.50 11.25 0.7183 high
862.50 160.31 5.00 4.22 0.5588 high
847.50 171.56 5.00 1.41 0.5902 high
834.22 181.39 1.00 1.00 0.0000 coast
-100 -100 -100 -100 0.0000 coast_none
870.00 53.44 187.50 156.09 0.9550 reinit
825.00 90.00 272.50 156.09 0.9374 high
935.00 202.50 50.00 28.12 0.8388 high
-100 -100 -100 -100 0.0000 coast_none
-100 -100 -100 -100 0.0000 coast_none
705.00 1.41 140.00 109.69 0.9466 reinit
780.00 0.00 62.50 36.56 0.9446 high
745.00 1.41 112.50 49.22 0.9163 high
740.00 1.41 75.00 42.19 0.8925 high
722.50 1.41 137.50 64.69 0.9513 high
732.50 1.41 115.00 54.84 0.9494 high
777.50 2.81 7.50 4.22 0.7163 high
758.27 2.75 43.21 16.77 0.0000 coast
758.13 3.06 37.51 11.58 0.0000 coast
695.00 592.03 15.00 9.84 0.9502 reinit
-100 -100 -100 -100 0.0000 coast_none
695.00 592.03 15.00 9.84 0.0000 coast
737.50 348.75 22.50 11.25 0.9688 reinit
735.00 343.12 27.50 14.06 0.9725 high
734.81 342.71 27.87 14.27 0.0000 coast
-100 -100 -100 -100 0.0000 coast_none
682.50 316.41 27.50 12.66 0.9563 reinit
682.50 316.41 27.50 12.66 0.0000 coast
-100 -100 -100 -100 0.0000 coast_none
915.00 243.28 25.00 11.25 0.9581 reinit
907.50 237.66 25.00 11.25 0.9615 high
906.94 237.24 25.00 11.25 0.0000 coast
-100 -100 -100 -100 0.0000 coast_none
587.50 306.56 35.00 16.88 0.9799 reinit
590.00 298.12 32.50 15.47 0.9772 high
592.50 291.09 32.50 15.47 0.9844 high
593.35 288.44 32.01 15.19 0.0000 coast
594.66 284.50 31.56 14.94 0.0000 coast
615.00 291.09 5.00 2.81 0.8065 high
-100 -100 -100 -100 0.0000 coast_none
-100 -100 -100 -100 0.0000 coast_none
617.50 258.75 35.00 16.88 0.9860 reinit
-100 -100 -100 -100 0.0000 coast_none
-100 -100 -100 -100 0.0000 coast_none
542.50 440.16 25.00 15.47 0.9632 reinit
-100 -100 -100 -100 0.0000 coast_none
-100 -100 -100 -100 0.0000 coast_none
447.50 558.28 35.00 18.28 0.9227 reinit
-100 -100 -100 -100 0.0000 coast_none
-100 -100 -100 -100 0.0000 coast_none
155.00 585.00 62.50 59.06 0.9282 reinit
185.00 610.31 5.00 2.81 0.8366 high
-100 -100 -100 -100 0.0000 coast_none
-100 -100 -100 -100 0.0000 coast_none
165.00 590.62 10.00 9.84 0.8955 high
-100 -100 -100 -100 0.0000 coast_none
-100 -100 -100 -100 0.0000 coast_none
377.50 331.88 17.50 11.25 0.9767 reinit
-100 -100 -100 -100 0.0000 coast_none
-100 -100 -100 -100 0.0000 coast_none
502.50 500.62 10.00 8.44 0.9783 reinit
-100 -100 -100 -100 0.0000 coast_none
-100 -100 -100 -100 0.0000 coast_none
1160.00 424.69 20.00 14.06 0.9564 reinit
1160.00 424.69 20.00 14.06 0.0000 coast
1160.00 424.69 20.00 14.06 0.0000 coast
1025.00 507.66 155.00 95.62 0.9651 reinit
990.00 530.16 162.50 101.25 0.9517 high
1052.50 556.88 2.50 4.22 0.7137 high
1000.00 525.94 132.50 82.97 0.9367 high
991.03 521.09 147.39 93.26 0.0000 coast
1007.50 523.12 130.00 53.44 0.9010 high
1072.50 549.84 5.00 2.81 0.6340 high
1082.50 537.19 2.50 1.41 0.6039 high
1080.00 518.91 22.50 12.66 0.8247 high
1100.00 511.88 5.00 1.41 0.3961 low
1109.61 501.25 1.00 1.00 0.0000 coast
1118.20 489.92 1.00 1.00 0.0000 coast
920.00 157.50 190.00 97.03 0.9612 reinit
1010.00 216.56 7.50 8.44 0.7405 high
957.50 227.81 127.50 71.72 0.9382 high
944.42 243.92 161.78 93.18 0.0000 coast
1065.00 296.72 12.50 8.44 0.8885 high
1080.00 303.75 2.50 4.22 0.6915 high
-100 -100 -100 -100 0.0000 coast_none
-100 -100 -100 -100 0.0000 coast_none
475.00 40.78 35.00 16.88 0.9903 reinit
475.00 40.78 35.00 16.88 0.0000 coast
-100 -100 -100 -100 0.0000 coast_none
580.00 32.34 32.50 15.47 0.9864 reinit
580.00 32.34 32.50 15.47 0.0000 coast
580.00 39.38 40.00 14.06 0.9919 high
590.00 42.19 40.00 14.06 0.9778 high
589.02 43.69 41.89 13.71 0.0000 coast
591.06 45.70 43.42 13.42 0.0000 coast
442.50 386.72 57.50 32.34 0.9725 reinit
452.50 400.78 27.50 26.72 0.9772 high
453.24 401.83 25.27 26.30 0.0000 coast
-100 -100 -100 -100 0.0000 coast_none
445.00 400.78 22.50 18.28 0.8679 high
443.77 401.86 18.87 15.60 0.0000 coast
-100 -100 -100 -100 0.0000 coast_none
830.00 438.75 50.00 40.78 0.9552 reinit
-100 -100 -100 -100 0.0000 coast_none
-100 -100 -100 -100 0.0000 coast_none
670.00 307.97 22.50 9.84 0.9815 reinit
670.00 307.97 22.50 9.84 0.0000 coast
670.00 307.97 22.50 9.84 0.0000 coast
897.50 594.84 30.00 21.09 0.9775 reinit
-100 -100 -100 -100 0.0000 coast_none
-100 -100 -100 -100 0.0000 coast_none
1225.00 213.75 22.50 16.88 0.9690 reinit
-100 -100 -100 -100 0.0000 coast_none
-100 -100 -100 -100 0.0000 coast_none
1192.50 101.25 25.00 21.09 0.9225 reinit
-100 -100 -100 -100 0.0000 coast_none
-100 -100 -100 -100 0.0000 coast_none
700.00 111.09 57.50 30.94 0.9484 reinit
-100 -100 -100 -100 0.0000 coast_none
-100 -100 -100 -100 0.0000 coast_none
962.50 43.59 105.00 71.72 0.9725 reinit
962.50 43.59 105.00 71.72 0.0000 coast
-100 -100 -100 -100 0.0000 coast_none
870.00 275.62 50.00 33.75 0.9498 reinit
870.00 275.62 50.00 33.75 0.0000 coast
892.50 274.22 27.50 29.53 0.8556 high
896.13 273.99 23.87 28.85 0.0000 coast
-100 -100 -100 -100 0.0000 coast_none
112.50 201.09 107.50 46.41 0.9651 reinit
147.50 246.09 12.50 8.44 0.9001 high
-100 -100 -100 -100 0.0000 coast_none
-100 -100 -100 -100 0.0000 coast_none
592.50 112.50 177.50 66.09 0.9666 reinit
607.50 172.97 115.00 56.25 0.9758 high
597.50 217.97 137.50 67.50 0.9625 high
582.50 233.44 185.00 50.62 0.9766 high
587.50 272.81 110.00 73.12 0.9680 high
585.00 323.44 137.50 53.44 0.9794 high
579.71 350.73 139.65 54.72 0.0000 coast
575.66 384.03 141.36 52.97 0.0000 coast
605.00 298.12 185.00 68.91 0.9705 reinit
642.50 289.69 190.00 70.31 0.9743 high
650.00 277.03 187.50 67.50 0.9778 high
652.50 247.50 187.50 67.50 0.9727 high
637.50 247.50 210.00 73.12 0.9725 high
660.00 267.19 202.50 73.12 0.9793 high
667.50 277.03 192.50 70.31 0.9782 high
662.50 272.81 195.00 70.31 0.9756 high
655.00 260.16 202.50 68.91 0.9783 high
660.00 250.31 192.50 68.91 0.9771 high
657.50 251.72 207.50 74.53 0.9751 high
637.50 268.59 212.50 75.94 0.9777 high
672.50 251.72 192.50 67.50 0.9814 high
665.67 251.62 200.24 70.37 0.0000 coast
-100 -100 -100 -100 0.0000 coast_none
722.50 139.22 197.50 74.53 0.9782 reinit
755.00 113.91 215.00 73.12 0.9754 high
870.00 158.91 2.50 1.41 0.6863 high
879.58 154.33 1.00 1.00 0.0000 coast
742.50 84.38 220.00 75.94 0.9741 high
742.50 78.75 202.50 73.12 0.9796 high
812.50 115.31 2.50 1.41 0.5059 high
817.50 104.06 5.00 7.03 0.9127 high
-100 -100 -100 -100 0.0000 coast_none
-100 -100 -100 -100 0.0000 coast_none
695.00 127.97 220.00 75.94 0.9730 reinit
697.50 112.50 217.50 74.53 0.9761 high
725.00 109.69 205.00 80.16 0.9757 high
757.50 142.03 227.50 81.56 0.9769 high
768.82 140.65 224.58 83.21 0.0000 coast
786.43 147.00 226.94 85.09 0.0000 coast
655.00 188.44 205.00 84.38 0.9774 reinit
645.00 175.78 217.50 75.94 0.9783 high
627.50 125.16 207.50 81.56 0.9744 high
625.00 98.44 215.00 80.16 0.9777 high
615.00 70.31 237.50 82.97 0.9788 high
607.50 39.38 212.50 84.38 0.9731 high
587.50 14.06 212.50 88.59 0.9673 high
630.00 0.00 187.50 91.41 0.9737 high
727.50 5.62 2.50 1.41 0.5137 high
-100 -100 -100 -100 0.0000 coast_none
-100 -100 -100 -100 0.0000 coast_none
635.00 53.44 215.00 82.97 0.9815 reinit
655.00 40.78 212.50 85.78 0.9763 high
777.50 73.12 5.00 5.62 0.8438 high
770.00 113.91 5.00 2.81 0.9242 high
670.00 105.47 212.50 81.56 0.9747 high
685.00 85.78 220.00 87.19 0.9768 high
680.00 90.00 232.50 85.78 0.9791 high
747.50 167.34 2.50 1.41 0.5608 high
740.00 149.06 2.50 5.62 0.6794 high
600.36 147.50 320.18 125.49 0.0000 coast
-100 -100 -100 -100 0.0000 coast_none
737.50 1.41 220.00 78.75 0.9744 reinit
890.00 1.41 2.50 1.41 0.6078 high
-100 -100 -100 -100 0.0000 coast_none
832.50 1.41 2.50 1.41 0.6431 high
-100 -100 -100 -100 0.0000 coast_none
-100 -100 -100 -100 0.0000 coast_none
117.50 139.22 40.00 18.28 0.9694 reinit
110.00 132.19 60.00 29.53 0.9628 high
109.44 131.66 61.49 30.37 0.0000 coast
107.89 130.21 65.62 32.69 0.0000 coast
1115.00 42.19 92.50 80.16 0.9714 reinit
1160.00 47.81 12.50 9.84 0.9350 high
1163.35 48.23 6.55 4.61 0.0000 coast
1167.15 43.94 1.00 1.00 0.0000 coast
1092.50 23.91 90.00 52.03 0.9686 high
1087.50 29.53 90.00 52.03 0.9567 high
1087.50 18.28 72.50 46.41 0.9643 high
1027.50 0.00 167.50 92.81 0.9470 high
-100 -100 -100 -100 0.0000 coast_none
1013.66 -1.42 165.24 82.65 0.0000 coast
1127.50 63.28 2.50 1.41 0.5765 high
-100 -100 -100 -100 0.0000 coast_none
1074.77 42.78 59.71 22.69 0.0000 coast
75.00 201.09 17.50 9.84 0.9556 reinit
77.50 201.09 17.50 8.44 0.9444 high
-100 -100 -100 -100 0.0000 coast_none
-100 -100 -100 -100 0.0000 coast_none
507.50 274.22 50.00 25.31 0.9690 reinit
507.50 274.22 50.00 25.31 0.0000 coast
-100 -100 -100 -100 0.0000 coast_none
612.50 208.12 42.50 21.09 0.9670 reinit
612.50 208.12 42.50 21.09 0.0000 coast
612.50 208.12 42.50 21.09 0.0000 coast
755.00 105.47 65.00 28.12 0.9685 reinit
752.50 102.66 52.50 22.50 0.9356 high
780.00 118.12 15.00 9.84 0.9197 high
-100 -100 -100 -100 0.0000 coast_none
-100 -100 -100 -100 0.0000 coast_none
200.00 194.06 80.00 37.97 0.9795 reinit
-100 -100 -100 -100 0.0000 coast_none
-100 -100 -100 -100 0.0000 coast_none
792.50 33.75 232.50 92.81 0.9583 reinit
770.00 52.03 230.00 90.00 0.9638 high
752.50 77.34 232.50 81.56 0.9565 high
717.50 84.38 232.50 87.19 0.9683 high
705.00 88.59 230.00 88.59 0.9691 high
687.50 87.19 232.50 87.19 0.9663 high
665.00 74.53 235.00 85.78 0.9652 high
662.50 66.09 232.50 85.78 0.9677 high
660.00 78.75 235.00 88.59 0.9666 high
637.50 74.53 237.50 85.78 0.9663 high
617.50 60.47 242.50 88.59 0.9688 high
617.50 87.19 240.00 90.00 0.9669 high
617.50 102.66 235.00 90.00 0.9687 high
612.50 102.66 235.00 91.41 0.9724 high
612.50 115.31 242.50 95.62 0.9723 high
605.00 123.75 240.00 92.81 0.9689 high
592.50 130.78 250.00 97.03 0.9721 high
587.50 154.69 255.00 97.03 0.9717 high
592.50 165.94 242.50 91.41 0.9699 high
572.50 167.34 237.50 91.41 0.9727 high
562.50 163.12 235.00 91.41 0.9722 high
587.50 139.22 235.00 88.59 0.9659 high
570.07 154.84 235.28 89.48 0.0000 coast
563.59 158.85 234.94 89.30 0.0000 coast
645.00 70.31 250.00 99.84 0.9724 reinit
627.50 63.28 237.50 95.62 0.9732 high
615.00 59.06 247.50 106.88 0.9689 high
597.50 74.53 252.50 99.84 0.9645 high
720.00 113.91 2.50 1.41 0.5216 high
585.00 59.06 247.50 104.06 0.9654 high
587.50 80.16 257.50 98.44 0.9718 high
577.50 87.19 237.50 88.59 0.9734 high
572.50 87.19 237.50 104.06 0.9692 high
575.00 102.66 235.00 106.88 0.9714 high
577.50 112.50 250.00 102.66 0.9722 high
575.00 102.66 242.50 105.47 0.9701 high
587.50 92.81 235.00 102.66 0.9688 high
600.00 84.38 235.00 105.47 0.9710 high
597.50 70.31 240.00 109.69 0.9687 high
592.50 52.03 240.00 105.47 0.9699 high
590.00 39.38 235.00 104.06 0.9655 high
592.50 25.31 240.00 112.50 0.9691 high
715.00 70.31 2.50 1.41 0.5294 high
612.50 14.06 192.50 97.03 0.9626 high
615.00 15.47 170.00 87.19 0.9624 high
617.50 1.41 157.50 90.00 0.9711 high
625.00 2.81 187.50 102.66 0.9598 high
616.28 -8.93 188.97 106.17 0.0000 coast
685.00 68.91 2.50 1.41 0.5725 high
670.76 47.75 37.22 22.90 0.0000 coast
-100 -100 -100 -100 0.0000 coast_none
657.50 77.34 240.00 116.72 0.9681 reinit
665.00 85.78 247.50 113.91 0.9686 high
697.50 88.59 232.50 104.06 0.9730 high
712.50 73.12 235.00 104.06 0.9697 high
712.50 47.81 240.00 111.09 0.9728 high
735.00 47.81 250.00 109.69 0.9622 high
770.00 59.06 232.50 101.25 0.9700 high
787.50 46.41 237.50 104.06 0.9658 high
905.00 99.84 5.00 1.41 0.7490 high
785.00 71.72 252.50 109.69 0.9715 high
802.50 80.16 250.00 102.66 0.9744 high
812.50 78.75 242.50 99.84 0.9760 high
807.50 90.00 235.00 101.25 0.9692 high
802.50 91.41 232.50 105.47 0.9710 high
810.00 95.62 242.50 109.69 0.9720 high
820.00 106.88 250.00 108.28 0.9732 high
810.00 112.50 237.50 101.25 0.9766 high
785.00 119.53 232.50 102.66 0.9764 high
767.50 146.25 230.00 106.88 0.9724 high
747.50 171.56 235.00 109.69 0.9741 high
730.00 184.22 242.50 106.88 0.9750 high
717.50 198.28 245.00 101.25 0.9748 high
710.00 199.69 227.50 97.03 0.9771 high
707.50 198.28 227.50 97.03 0.9790 high
712.50 191.25 222.50 98.44 0.9763 high
712.50 171.56 232.50 97.03 0.9779 high
842.50 222.19 10.00 19.69 0.9436 high
799.97 216.46 72.56 41.52 0.0000 coast
832.50 222.19 5.00 7.03 0.8898 high
-100 -100 -100 -100 0.0000 coast_none
815.00 230.62 5.00 2.81 0.3686 low
809.77 233.99 1.00 1.00 0.0000 coast
802.50 236.46 1.00 1.00 0.0000 coast
732.50 178.59 222.50 98.44 0.9747 reinit
745.00 206.72 220.00 97.03 0.9750 high
737.50 208.12 217.50 87.19 0.9760 high
732.50 196.88 215.00 101.25 0.9778 high
760.00 212.34 225.00 104.06 0.9743 high
780.00 219.38 227.50 97.03 0.9787 high
792.50 202.50 235.00 94.22 0.9794 high
797.50 195.47 232.50 84.38 0.9783 high
785.00 189.84 220.00 88.59 0.9774 high
780.00 177.19 212.50 90.00 0.9774 high
792.50 175.78 212.50 88.59 0.9799 high
800.00 175.78 222.50 85.78 0.9755 high
807.50 167.34 235.00 92.81 0.9777 high
825.00 165.94 235.00 90.00 0.9796 high
847.50 160.31 217.50 88.59 0.9786 high
855.00 140.62 210.00 90.00 0.9778 high
840.00 130.78 210.00 95.62 0.9810 high
825.00 129.38 227.50 88.59 0.9754 high
822.50 125.16 230.00 85.78 0.9757 high
830.00 125.16 242.50 92.81 0.9797 high
845.00 137.81 227.50 90.00 0.9796 high
835.00 149.06 217.50 90.00 0.9834 high
942.50 191.25 5.00 4.22 0.7137 high
822.50 158.91 205.00 90.00 0.9819 high
820.00 158.91 220.00 85.78 0.9794 high
925.00 213.75 7.50 4.22 0.6635 high
795.00 189.84 232.50 88.59 0.9787 high
797.50 195.47 215.00 85.78 0.9789 high
792.50 206.72 210.00 88.59 0.9821 high
795.00 208.12 202.50 87.19 0.9793 high
792.50 201.09 225.00 90.00 0.9796 high
785.00 209.53 227.50 85.78 0.9800 high
797.50 219.38 197.50 87.19 0.9824 high
795.00 217.97 210.00 92.81 0.9819 high
787.50 225.00 220.00 88.59 0.9802 high
765.00 223.59 212.50 82.97 0.9811 high
750.00 198.28 195.00 85.78 0.9818 high
747.50 184.22 217.50 90.00 0.9790 high
745.00 180.00 215.00 84.38 0.9794 high
735.00 165.94 197.50 84.38 0.9811 high
745.00 151.88 190.00 91.41 0.9797 high
837.50 189.84 2.50 4.22 0.7268 high
804.79 176.40 53.24 27.72 0.0000 coast
762.50 127.97 190.00 85.78 0.9820 high
765.00 132.19 187.50 87.19 0.9778 high
747.50 129.38 197.50 91.41 0.9838 high
742.50 119.53 215.00 87.19 0.9802 high
765.00 119.53 207.50 87.19 0.9833 high
765.00 122.34 195.00 84.38 0.9811 high
742.50 125.16 195.00 84.38 0.9824 high
737.50 132.19 192.50 87.19 0.9838 high
750.00 140.62 182.50 88.59 0.9819 high
747.50 143.44 200.00 85.78 0.9839 high
725.00 144.84 222.50 82.97 0.9813 high
735.00 146.25 197.50 80.16 0.9814 high
740.00 130.78 175.00 81.56 0.9817 high
727.50 122.34 190.00 85.78 0.9767 high
735.00 122.34 200.00 84.38 0.9824 high
740.00 119.53 197.50 82.97 0.9774 high
715.00 118.12 212.50 81.56 0.9765 high
717.50 125.16 202.50 75.94 0.9791 high
732.50 119.53 170.00 80.16 0.9799 high
715.00 113.91 185.00 80.16 0.9790 high
717.50 116.72 185.00 82.97 0.9804 high
737.50 113.91 180.00 82.97 0.9805 high
732.50 111.09 192.50 81.56 0.9793 high
725.00 116.72 210.00 81.56 0.9797 high
750.00 119.53 182.50 78.75 0.9774 high
742.50 119.53 177.50 78.75 0.9808 high
715.00 127.97 190.00 78.75 0.9774 high
735.00 130.78 165.00 80.16 0.9831 high
737.50 125.16 162.50 81.56 0.9829 high
717.50 125.16 190.00 81.56 0.9806 high
737.50 122.34 182.50 80.16 0.9769 high
750.00 119.53 180.00 78.75 0.9819 high
735.00 123.75 195.00 77.34 0.9843 high
740.00 126.56 175.00 77.34 0.9804 high
740.00 127.97 162.50 77.34 0.9802 high
727.50 132.19 177.50 78.75 0.9830 high
737.50 136.41 170.00 78.75 0.9855 high
750.00 130.78 160.00 80.16 0.9854 high
732.50 130.78 182.50 78.75 0.9806 high
745.00 133.59 180.00 78.75 0.9799 high
742.50 133.59 170.00 75.94 0.9783 high
725.00 130.78 180.00 75.94 0.9732 high
742.50 137.81 162.50 75.94 0.9858 high
745.00 136.41 162.50 75.94 0.9777 high
740.00 135.00 172.50 75.94 0.9841 high
760.00 137.81 160.00 77.34 0.9837 high
755.00 137.81 167.50 77.34 0.9779 high
760.00 136.41 180.00 75.94 0.9841 high
770.00 142.03 172.50 74.53 0.9830 high
755.00 146.25 177.50 71.72 0.9830 high
747.50 149.06 172.50 70.31 0.9800 high
760.00 156.09 160.00 70.31 0.9826 high
745.00 156.09 177.50 68.91 0.9828 high
745.00 154.69 172.50 68.91 0.9829 high
755.00 160.31 157.50 68.91 0.9838 high
737.50 158.91 167.50 68.91 0.9854 high
737.50 153.28 165.00 70.31 0.9840 high
745.00 158.91 167.50 70.31 0.9841 high
732.50 163.12 182.50 68.91 0.9815 high
740.00 161.72 170.00 67.50 0.9832 high
742.50 167.34 162.50 67.50 0.9805 high
722.50 165.94 175.00 66.09 0.9825 high
735.00 158.91 157.50 66.09 0.9868 high
742.50 157.50 157.50 66.09 0.9859 high
737.50 154.69 175.00 66.09 0.9838 high
750.00 147.66 155.00 67.50 0.9865 high
735.00 149.06 165.00 70.31 0.9821 high
735.00 154.69 170.00 67.50 0.9849 high
745.00 147.66 162.50 67.50 0.9842 high
732.50 147.66 175.00 66.09 0.9850 high
740.00 153.28 170.00 66.09 0.9818 high
747.50 154.69 152.50 66.09 0.9803 high
727.50 154.69 167.50 64.69 0.9858 high
727.50 163.12 165.00 64.69 0.9846 high
732.50 165.94 155.00 64.69 0.9859 high
717.50 163.12 167.50 64.69 0.9845 high
725.00 165.94 162.50 66.09 0.9834 high
730.00 164.53 155.00 64.69 0.9838 high
715.00 154.69 167.50 66.09 0.9805 high
732.50 154.69 155.00 66.09 0.9826 high
737.50 156.09 155.00 64.69 0.9824 high
720.00 151.88 170.00 64.69 0.9816 high
727.50 156.09 152.50 63.28 0.9826 high
715.00 157.50 160.00 63.28 0.9831 high
712.50 154.69 157.50 61.88 0.9854 high
720.00 154.69 150.00 64.69 0.9856 high
702.50 154.69 167.50 64.69 0.9845 high
715.00 153.28 150.00 66.09 0.9808 high
700.00 156.09 160.00 64.69 0.9830 high
692.50 158.91 160.00 64.69 0.9839 high
695.00 158.91 150.00 61.88 0.9829 high
677.50 154.69 165.00 63.28 0.9809 high
687.50 160.31 150.00 60.47 0.9829 high
685.00 158.91 150.00 61.88 0.9824 high
665.00 160.31 162.50 60.47 0.9867 high
675.00 163.12 150.00 60.47 0.9849 high
675.00 160.31 150.00 61.88 0.9845 high
657.50 157.50 160.00 61.88 0.9848 high
657.50 161.72 150.00 63.28 0.9854 high
647.50 165.94 147.50 63.28 0.9828 high
637.50 164.53 152.50 61.88 0.9829 high
645.00 163.12 147.50 60.47 0.9838 high
642.50 161.72 145.00 60.47 0.9814 high
625.00 156.09 157.50 59.06 0.9846 high
632.50 149.06 145.00 59.06 0.9821 high
620.00 147.66 152.50 57.66 0.9847 high
605.00 147.66 157.50 57.66 0.9849 high
607.50 143.44 145.00 57.66 0.9848 high
597.50 135.00 155.00 59.06 0.9829 high
605.00 130.78 147.50 59.06 0.9859 high
602.50 132.19 145.00 59.06 0.9818 high
587.50 127.97 155.00 59.06 0.9833 high
592.50 122.34 145.00 59.06 0.9828 high
585.00 120.94 150.00 59.06 0.9823 high
587.50 119.53 145.00 56.25 0.9829 high
585.00 115.31 142.50 56.25 0.9797 high
575.00 118.12 152.50 57.66 0.9811 high
587.50 120.94 142.50 57.66 0.9811 high
582.50 118.12 145.00 57.66 0.9851 high
575.00 119.53 150.00 59.06 0.9834 high
575.00 130.78 142.50 57.66 0.9818 high
560.00 132.19 147.50 59.06 0.9831 high
555.00 137.81 145.00 57.66 0.9820 high
555.00 140.62 140.00 57.66 0.9806 high
552.50 143.44 147.50 56.25 0.9830 high
562.50 144.84 142.50 56.25 0.9829 high
570.00 143.44 142.50 56.25 0.9821 high
577.50 137.81 147.50 59.06 0.9779 high
597.50 139.22 140.00 57.66 0.9802 high
595.00 136.41 142.50 56.25 0.9801 high
595.00 143.44 145.00 56.25 0.9813 high
607.50 150.47 137.50 56.25 0.9846 high
615.00 144.84 142.50 56.25 0.9781 high
630.00 147.66 145.00 57.66 0.9750 high
650.00 153.28 140.00 56.25 0.9818 high
655.00 153.28 145.00 54.84 0.9838 high
667.50 151.88 137.50 54.84 0.9825 high
677.50 156.09 137.50 53.44 0.9805 high
680.00 154.69 147.50 54.84 0.9824 high
697.50 150.47 137.50 54.84 0.9784 high
705.00 149.06 140.00 54.84 0.9820 high
717.50 143.44 140.00 54.84 0.9821 high
730.00 136.41 137.50 53.44 0.9785 high
730.00 137.81 147.50 54.84 0.9822 high
747.50 143.44 142.50 54.84 0.9823 high
755.00 143.44 135.00 54.84 0.9820 high
745.00 147.66 145.00 56.25 0.9811 high
760.00 153.28 135.00 54.84 0.9837 high
767.50 150.47 135.00 54.84 0.9816 high
765.00 150.47 142.50 53.44 0.9805 high
775.00 154.69 135.00 54.84 0.9812 high
777.50 157.50 135.00 53.44 0.9823 high
772.50 156.09 140.00 53.44 0.9834 high
785.00 156.09 132.50 56.25 0.9820 high
787.50 156.09 132.50 56.25 0.9820 high
780.00 156.09 142.50 56.25 0.9826 high
787.50 161.72 132.50 53.44 0.9833 high
787.50 163.12 135.00 52.03 0.9771 high
787.50 156.09 137.50 52.03 0.9841 high
797.50 154.69 132.50 53.44 0.9825 high
797.50 156.09 135.00 54.84 0.9811 high
787.50 150.47 135.00 53.44 0.9844 high
782.50 147.66 130.00 53.44 0.9812 high
775.00 149.06 135.00 52.03 0.9829 high
772.50 146.25 132.50 52.03 0.9819 high
767.50 143.44 132.50 53.44 0.9812 high
760.00 142.03 137.50 54.84 0.9814 high
760.00 143.44 132.50 53.44 0.9812 high
757.50 144.84 130.00 53.44 0.9816 high
750.00 144.84 137.50 50.62 0.9835 high
750.00 143.44 135.00 50.62 0.9802 high
747.50 143.44 127.50 52.03 0.9787 high
730.00 144.84 140.00 50.62 0.9790 high
730.00 143.44 132.50 52.03 0.9841 high
725.00 142.03 130.00 52.03 0.9776 high
715.00 142.03 135.00 50.62 0.9791 high
710.00 143.44 132.50 49.22 0.9801 high
702.50 146.25 130.00 49.22 0.9834 high
687.50 146.25 135.00 49.22 0.9786 high
690.00 142.03 130.00 50.62 0.9762 high
692.50 139.22 130.00 49.22 0.9817 high
682.50 136.41 137.50 50.62 0.9776 high
685.00 137.81 127.50 49.22 0.9808 high
677.50 140.62 127.50 49.22 0.9818 high
672.50 140.62 132.50 49.22 0.9815 high
677.50 144.84 127.50 47.81 0.9843 high
672.50 144.84 130.00 49.22 0.9837 high
670.00 143.44 130.00 49.22 0.9795 high
670.00 143.44 130.00 49.22 0.9798 high
670.00 142.03 130.00 47.81 0.9816 high
677.50 139.22 125.00 47.81 0.9826 high
682.50 136.41 127.50 47.81 0.9827 high
675.00 135.00 135.00 47.81 0.9832 high
680.00 136.41 127.50 47.81 0.9808 high
677.50 133.59 125.00 47.81 0.9822 high
670.00 133.59 132.50 47.81 0.9788 high
677.50 135.00 125.00 49.22 0.9838 high
675.00 139.22 127.50 46.41 0.9807 high
675.00 143.44 130.00 46.41 0.9805 high
680.00 144.84 125.00 46.41 0.9771 high
672.50 146.25 125.00 45.00 0.9832 high
662.50 144.84 130.00 47.81 0.9793 high
662.50 150.47 122.50 46.41 0.9811 high
662.50 156.09 122.50 46.41 0.9804 high
662.50 161.72 127.50 46.41 0.9788 high
675.00 160.31 120.00 46.41 0.9795 high
675.00 157.50 122.50 45.00 0.9820 high
667.50 154.69 130.00 46.41 0.9842 high
670.00 157.50 120.00 45.00 0.9846 high
662.50 158.91 120.00 43.59 0.9730 high
650.00 158.91 125.00 45.00 0.9777 high
652.50 156.09 120.00 45.00 0.9816 high
652.50 153.28 120.00 46.41 0.9795 high
647.50 153.28 125.00 43.59 0.9828 high
650.00 153.28 120.00 45.00 0.9826 high
647.50 153.28 120.00 45.00 0.9849 high
645.00 153.28 122.50 46.41 0.9846 high
655.00 157.50 120.00 45.00 0.9795 high
657.50 160.31 120.00 45.00 0.9800 high
652.50 163.12 120.00 43.59 0.9780 high
645.00 164.53 122.50 42.19 0.9805 high
642.50 168.75 120.00 45.00 0.9849 high
640.00 165.94 120.00 43.59 0.9813 high
640.00 164.53 117.50 42.19 0.9799 high
637.50 165.94 120.00 43.59 0.9816 high
632.50 167.34 120.00 42.19 0.9779 high
627.50 165.94 120.00 40.78 0.9815 high
625.00 164.53 120.00 40.78 0.9766 high
617.50 164.53 122.50 39.38 0.9809 high
612.50 163.12 122.50 39.38 0.9800 high
607.50 163.12 122.50 39.38 0.9787 high
602.50 164.53 125.00 39.38 0.9795 high
597.50 168.75 122.50 40.78 0.9793 high
590.00 168.75 122.50 39.38 0.9787 high
582.50 164.53 125.00 40.78 0.9782 high
580.00 167.34 125.00 40.78 0.9836 high
575.00 165.94 127.50 40.78 0.9803 high
575.00 160.31 125.00 42.19 0.9791 high
575.00 153.28 127.50 43.59 0.9790 high
572.50 153.28 130.00 43.59 0.9783 high
570.00 153.28 125.00 43.59 0.9839 high
562.50 153.28 125.00 40.78 0.9798 high
555.00 149.06 125.00 42.19 0.9789 high
547.50 149.06 125.00 42.19 0.9759 high
545.00 144.84 125.00 43.59 0.9787 high
540.00 137.81 127.50 43.59 0.9765 high
530.00 137.81 125.00 45.00 0.9760 high
517.50 139.22 127.50 43.59 0.9823 high
510.00 133.59 125.00 43.59 0.9754 high
507.50 126.56 125.00 42.19 0.9741 high
497.50 123.75 127.50 33.75 0.9774 high
490.00 120.94 122.50 42.19 0.9741 high
475.00 112.50 122.50 46.41 0.9714 high
462.50 106.88 122.50 43.59 0.9738 high
445.00 102.66 120.00 36.56 0.9721 high
427.50 101.25 120.00 42.19 0.9697 high
417.50 97.03 120.00 43.59 0.9735 high
402.50 90.00 117.50 37.97 0.9735 high
377.50 87.19 117.50 39.38 0.9709 high
355.00 78.75 112.50 39.38 0.9697 high
327.50 70.31 112.50 40.78 0.9588 high
310.00 66.09 120.00 46.41 0.9514 high
300.00 60.47 107.50 40.78 0.9645 high
275.00 50.62 100.00 39.38 0.9655 high
255.00 36.56 100.00 43.59 0.9617 high
262.50 43.59 45.00 29.53 0.8351 high
267.50 52.03 17.50 9.84 0.6741 high
252.22 46.27 11.79 9.44 0.0000 coast
-100 -100 -100 -100 0.0000 coast_none
227.50 59.06 2.50 1.41 0.5137 high
212.51 58.89 1.00 1.00 0.0000 coast
196.78 58.58 1.00 1.00 0.0000 coast
730.00 47.81 110.00 68.91 0.9302 reinit
810.00 81.56 7.50 5.62 0.7204 high
-100 -100 -100 -100 0.0000 coast_none
-100 -100 -100 -100 0.0000 coast_none
540.00 7.03 135.00 74.53 0.9382 reinit
502.50 5.62 135.00 71.72 0.9369 high
562.50 50.62 2.50 4.22 0.5961 high
-100 -100 -100 -100 0.0000 coast_none
-100 -100 -100 -100 0.0000 coast_none
357.50 1.41 90.00 32.34 0.9511 reinit
322.50 1.41 97.50 30.94 0.9522 high
287.50 1.41 105.00 32.34 0.9499 high
265.00 1.41 85.00 22.50 0.9414 high
-100 -100 -100 -100 0.0000 coast_none
-100 -100 -100 -100 0.0000 coast_none
240.00 40.78 5.00 4.22 0.5676 high
-100 -100 -100 -100 0.0000 coast_none
-100 -100 -100 -100 0.0000 coast_none
160.00 70.31 110.00 49.22 0.9650 reinit
175.00 49.22 97.50 63.28 0.9484 high
177.50 46.41 105.00 66.09 0.9580 high
160.00 50.62 107.50 64.69 0.9637 high
152.50 64.69 95.00 50.62 0.9525 high
150.00 42.19 107.50 63.28 0.9604 high
160.00 25.31 107.50 67.50 0.9648 high
155.00 19.69 112.50 60.47 0.9661 high
162.50 9.84 107.50 60.47 0.9685 high
165.00 2.81 95.00 54.84 0.9564 high
165.00 2.81 95.00 57.66 0.9586 high
147.50 0.00 82.50 33.75 0.9550 high
135.00 0.00 85.00 28.12 0.9360 high
125.00 1.41 92.50 30.94 0.9464 high
123.55 -4.88 88.42 26.51 0.0000 coast
150.00 1.41 17.50 11.25 0.8572 high
141.93 -3.45 23.73 9.15 0.0000 coast
-100 -100 -100 -100 0.0000 coast_none
1245.00 112.50 20.00 15.47 0.9240 reinit
1242.50 109.69 27.50 18.28 0.9510 high
1242.31 109.48 28.06 18.49 0.0000 coast
1241.80 108.90 29.61 19.07 0.0000 coast
1197.50 85.78 70.00 26.72 0.9444 reinit
1197.50 85.78 70.00 26.72 0.0000 coast
1240.00 73.12 35.00 23.91 0.9391 high
-100 -100 -100 -100 0.0000 coast_none
1245.00 61.88 32.50 21.09 0.9304 high
1251.32 56.93 27.80 19.90 0.0000 coast
-100 -100 -100 -100 0.0000 coast_none
-100 -100 -100 -100 0.0000 coast_none
-100 -100 -100 -100 0.0000 coast_none
1227.50 30.94 27.50 21.09 0.9043 reinit
1210.00 25.31 55.00 25.31 0.9472 high
1225.00 21.09 42.50 22.50 0.9304 high
1216.90 20.98 52.18 24.23 0.0000 coast
1222.50 4.22 50.00 26.72 0.9433 high
1220.00 1.41 52.50 22.50 0.9045 high
1232.50 2.81 37.50 21.09 0.8957 high
1228.96 -2.43 44.59 22.06 0.0000 coast
1220.00 0.00 35.00 11.25 0.8446 high
1221.44 -4.01 36.65 11.92 0.0000 coast
-100 -100 -100 -100 0.0000 coast_none
1205.00 28.12 62.50 25.31 0.9185 reinit
1190.00 21.09 85.00 28.12 0.9421 high
1207.50 25.31 62.50 28.12 0.9364 high
1203.01 23.51 68.95 28.72 0.0000 coast
1204.32 23.17 67.88 29.25 0.0000 coast
1205.62 22.84 66.82 29.78 0.0000 coast
-100 -100 -100 -100 0.0000 coast_none
-100 -100 -100 -100 0.0000 coast_none
-100 -100 -100 -100 0.0000 coast_none
-100 -100 -100 -100 0.0000 coast_none
-100 -100 -100 -100 0.0000 coast_none
452.50 136.41 17.50 16.88 0.9133 reinit
-100 -100 -100 -100 0.0000 coast_none
-100 -100 -100 -100 0.0000 coast_none
-100 -100 -100 -100 0.0000 coast_none
987.50 164.53 32.50 14.06 0.9001 reinit
-100 -100 -100 -100 0.0000 coast_none
-100 -100 -100 -100 0.0000 coast_none
-100 -100 -100 -100 0.0000 coast_none
-100 -100 -100 -100 0.0000 coast_none
-100 -100 -100 -100 0.0000 coast_none
-100 -100 -100 -100 0.0000 coast_none
-100 -100 -100 -100 0.0000 coast_none
840.00 267.19 17.50 8.44 0.9165 reinit
-100 -100 -100 -100 0.0000 coast_none
-100 -100 -100 -100 0.0000 coast_none
-100 -100 -100 -100 0.0000 coast_none
-100 -100 -100 -100 0.0000 coast_none
-100 -100 -100 -100 0.0000 coast_none
-100 -100 -100 -100 0.0000 coast_none
-100 -100 -100 -100 0.0000 coast_none
-100 -100 -100 -100 0.0000 coast_none
-100 -100 -100 -100 0.0000 coast_none
-100 -100 -100 -100 0.0000 coast_none
-100 -100 -100 -100 0.0000 miss
-100 -100 -100 -100 0.0000 miss
-100 -100 -100 -100 0.0000 miss
-100 -100 -100 -100 0.0000 miss
-100 -100 -100 -100 0.0000 miss
-100 -100 -100 -100 0.0000 miss
-100 -100 -100 -100 0.0000 miss
-100 -100 -100 -100 0.0000 miss
-100 -100 -100 -100 0.0000 miss
-100 -100 -100 -100 0.0000 miss
-100 -100 -100 -100 0.0000 miss
-100 -100 -100 -100 0.0000 miss
-100 -100 -100 -100 0.0000 miss
-100 -100 -100 -100 0.0000 miss
545.00 175.78 22.50 11.25 0.9635 reinit
545.00 175.78 22.50 11.25 0.0000 coast
545.00 175.78 22.50 11.25 0.0000 coast
962.50 140.62 45.00 22.50 0.9491 reinit
-100 -100 -100 -100 0.0000 coast_none
-100 -100 -100 -100 0.0000 coast_none
-100 -100 -100 -100 0.0000 coast_none
997.50 156.09 15.00 4.22 0.3769 low
1002.97 158.51 10.32 1.36 0.0000 coast
-100 -100 -100 -100 0.0000 coast_none
142.50 139.22 85.00 73.12 0.9344 reinit
155.00 142.03 75.00 74.53 0.9305 high
155.93 142.24 74.26 74.64 0.0000 coast
158.51 142.82 72.19 74.93 0.0000 coast
137.50 109.69 105.00 60.47 0.9454 high
115.00 105.47 130.00 70.31 0.8372 high
170.00 136.41 15.00 25.31 0.6965 high
192.50 137.81 12.50 8.44 0.8567 high
-100 -100 -100 -100 0.0000 coast_none
-100 -100 -100 -100 0.0000 coast_none
715.00 77.34 117.50 70.31 0.9711 reinit
717.50 71.72 115.00 70.31 0.9772 high
717.50 64.69 117.50 70.31 0.9803 high
705.00 63.28 117.50 71.72 0.9762 high
690.00 71.72 115.00 71.72 0.9495 high
675.00 73.12 117.50 70.31 0.9740 high
650.00 84.38 112.50 71.72 0.9322 high
690.00 98.44 12.50 5.62 0.6318 high
612.50 74.53 112.50 67.50 0.9562 high
595.23 73.72 116.20 69.60 0.0000 coast
574.98 71.75 124.10 74.25 0.0000 coast
635.00 14.06 110.00 61.88 0.9497 reinit
640.00 1.41 80.00 52.03 0.9435 high
665.00 2.81 7.50 5.62 0.5878 high
662.50 2.81 2.50 1.41 0.3176 low
-100 -100 -100 -100 0.0000 coast_none
-100 -100 -100 -100 0.0000 coast_none
57.50 1.41 37.50 21.09 0.9253 reinit
82.50 1.41 5.00 4.22 0.3618 low
85.00 2.81 2.50 1.41 0.3137 low
-100 -100 -100 -100 0.0000 coast_none
-100 -100 -100 -100 0.0000 coast_none
682.50 45.00 100.00 73.12 0.9363 reinit
717.50 109.69 25.00 15.47 0.8978 high
722.50 139.22 2.50 2.81 0.3314 low
-100 -100 -100 -100 0.0000 coast_none
-100 -100 -100 -100 0.0000 coast_none
682.50 67.50 112.50 70.31 0.9656 reinit
692.50 68.91 107.50 68.91 0.9519 high
695.00 94.22 72.50 43.59 0.9529 high
697.29 97.71 67.07 40.10 0.0000 coast
715.00 102.66 57.50 40.78 0.9069 high
721.66 110.38 45.69 34.56 0.0000 coast
722.50 115.31 37.50 40.78 0.9404 high
728.30 122.30 26.59 37.63 0.0000 coast
733.80 129.16 15.85 35.05 0.0000 coast
637.50 85.78 115.00 68.91 0.9573 reinit
642.50 81.56 110.00 67.50 0.9587 high
650.00 88.59 75.00 50.62 0.9573 high
651.94 88.65 69.58 48.21 0.0000 coast
695.00 75.94 52.50 45.00 0.9038 high
708.85 73.76 38.71 39.81 0.0000 coast
682.50 70.31 107.50 71.72 0.9441 high
725.00 78.75 30.00 26.72 0.8712 high
767.50 99.84 5.00 4.22 0.3775 low
-100 -100 -100 -100 0.0000 coast_none
772.88 92.23 22.55 14.92 0.0000 coast
790.00 80.16 2.50 1.41 0.5882 high
-100 -100 -100 -100 0.0000 coast_none
-100 -100 -100 -100 0.0000 coast_none
-100 -100 -100 -100 0.0000 coast_none
-100 -100 -100 -100 0.0000 coast_none
197.50 21.09 70.00 63.28 0.9116 reinit
225.00 50.62 50.00 37.97 0.8538 high
227.05 52.82 48.51 36.09 0.0000 coast
232.50 49.22 80.00 59.06 0.9314 high
238.12 52.56 86.00 61.85 0.0000 coast
243.72 55.42 93.75 66.03 0.0000 coast
325.00 95.62 7.50 2.81 0.5765 high
325.00 95.62 7.50 2.81 0.3420 low
-100 -100 -100 -100 0.0000 coast_none
-100 -100 -100 -100 0.0000 coast_none
865.00 64.69 112.50 70.31 0.9619 reinit
875.00 67.50 110.00 71.72 0.9675 high
877.50 70.31 107.50 70.31 0.9465 high
875.00 68.91 110.00 70.31 0.9525 high
870.00 68.91 102.50 68.91 0.9484 high
857.50 70.31 110.00 70.31 0.9485 high
855.00 71.72 102.50 68.91 0.9381 high
857.50 71.72 92.50 68.91 0.9468 high
850.00 71.72 82.50 68.91 0.9363 high
850.00 74.53 95.00 68.91 0.9427 high
845.00 68.91 110.00 68.91 0.9615 high
842.50 60.47 112.50 68.91 0.9554 high
845.00 50.62 110.00 70.31 0.9456 high
840.00 42.19 112.50 74.53 0.9594 high
835.00 39.38 115.00 75.94 0.9562 high
840.00 36.56 110.00 70.31 0.9540 high
897.50 70.31 5.00 4.22 0.5890 high
840.00 39.38 107.50 73.12 0.9557 high
835.00 36.56 117.50 77.34 0.9576 high
837.50 36.56 117.50 77.34 0.9577 high
835.00 40.78 117.50 75.94 0.9607 high
837.50 42.19 115.00 75.94 0.9574 high
837.50 45.00 112.50 73.12 0.9550 high
847.50 47.81 92.50 70.31 0.9338 high
820.00 45.00 112.50 74.53 0.9560 high
892.50 57.66 2.50 1.41 0.5569 high
880.00 43.59 20.00 32.34 0.7878 high
897.50 53.44 2.50 2.81 0.6255 high
892.50 47.81 5.00 8.44 0.6723 high
-100 -100 -100 -100 0.0000 coast_none
894.95 44.64 1.00 1.00 0.0000 coast
-100 -100 -100 -100 0.0000 coast_none
-100 -100 -100 -100 0.0000 coast_none
-100 -100 -100 -100 0.0000 coast_none
232.50 78.75 37.50 26.72 0.9280 reinit
222.50 77.34 47.50 29.53 0.9437 high
242.50 99.84 2.50 1.41 0.5098 high
-100 -100 -100 -100 0.0000 coast_none
-100 -100 -100 -100 0.0000 coast_none
175.00 87.19 35.00 33.75 0.9122 reinit
175.00 87.19 35.00 33.75 0.0000 coast
175.00 87.19 35.00 33.75 0.0000 coast
-100 -100 -100 -100 0.0000 coast_none
-100 -100 -100 -100 0.0000 coast_none
645.00 43.59 97.50 71.72 0.9467 reinit
642.50 42.19 102.50 71.72 0.9361 high
702.50 64.69 2.50 2.81 0.6451 high
-100 -100 -100 -100 0.0000 coast_none
-100 -100 -100 -100 0.0000 coast_none
22.50 129.38 25.00 16.88 0.9435 reinit
-100 -100 -100 -100 0.0000 coast_none
-100 -100 -100 -100 0.0000 coast_none
537.50 120.94 50.00 39.38 0.9572 reinit
530.00 102.66 87.50 68.91 0.9504 high
512.50 105.47 115.00 70.31 0.9577 high
505.00 105.47 92.50 66.09 0.9360 high
487.50 108.28 97.50 70.31 0.9473 high
532.50 146.25 15.00 7.03 0.6570 high
513.83 134.17 45.86 28.21 0.0000 coast
511.13 136.45 44.42 25.86 0.0000 coast
440.00 113.91 110.00 68.91 0.9478 reinit
435.00 112.50 115.00 70.31 0.9521 high
427.50 109.69 112.50 70.31 0.9612 high
425.00 127.97 75.00 50.62 0.9609 high
412.50 106.88 112.50 67.50 0.9403 high
405.00 102.66 110.00 67.50 0.9473 high
395.00 95.62 115.00 71.72 0.9679 high
390.00 92.81 110.00 70.31 0.9441 high
382.50 87.19 110.00 70.31 0.9509 high
375.00 82.97 110.00 70.31 0.9449 high
375.00 81.56 112.50 68.91 0.9619 high
377.50 78.75 115.00 70.31 0.9419 high
372.50 78.75 117.50 68.91 0.9618 high
367.50 75.94 115.00 70.31 0.9633 high
367.50 77.34 112.50 70.31 0.9639 high
365.00 75.94 117.50 70.31 0.9720 high
362.50 71.72 112.50 70.31 0.9732 high
367.50 71.72 112.50 70.31 0.9648 high
372.50 70.31 112.50 68.91 0.9551 high
367.50 67.50 115.00 70.31 0.9642 high
365.00 67.50 112.50 68.91 0.9636 high
367.50 64.69 115.00 70.31 0.9594 high
372.50 63.28 117.50 70.31 0.9587 high
377.50 63.28 105.00 70.31 0.9514 high
382.50 66.09 112.50 68.91 0.9589 high
390.00 70.31 112.50 70.31 0.9364 high
397.50 70.31 112.50 71.72 0.9654 high
400.00 80.16 110.00 68.91 0.9543 high
397.50 85.78 115.00 71.72 0.9650 high
390.00 92.81 110.00 71.72 0.9498 high
390.00 101.25 115.00 68.91 0.9560 high
402.50 104.06 107.50 71.72 0.9510 high
407.50 109.69 90.00 68.91 0.9670 high
410.00 119.53 100.00 67.50 0.9442 high
415.00 143.44 105.00 53.44 0.9673 high
417.50 149.06 70.00 52.03 0.9629 high
410.00 151.88 117.50 54.84 0.9629 high
410.00 140.62 110.00 68.91 0.9376 high
412.50 154.69 100.00 54.84 0.9590 high
412.50 153.28 115.00 61.88 0.9654 high
417.50 164.53 95.00 54.84 0.9598 high
410.00 164.53 85.00 52.03 0.9627 high
412.50 154.69 80.00 68.91 0.9643 high
412.50 175.78 105.00 54.84 0.9568 high
420.00 188.44 97.50 46.41 0.9362 high
418.74 189.65 98.25 48.95 0.0000 coast
422.50 216.56 50.00 43.59 0.9548 high
-100 -100 -100 -100 0.0000 coast_none
427.50 244.69 27.50 14.06 0.8710 high
428.93 252.48 23.26 11.67 0.0000 coast
-100 -100 -100 -100 0.0000 coast_none
105.00 97.03 157.50 52.03 0.9689 reinit
112.50 99.84 157.50 52.03 0.9738 high
117.50 102.66 157.50 52.03 0.9741 high
125.00 102.66 157.50 52.03 0.9706 high
132.50 101.25 160.00 53.44 0.9681 high
142.50 102.66 157.50 53.44 0.9695 high
142.50 102.66 160.00 52.03 0.9652 high
142.50 102.66 157.50 53.44 0.9684 high
145.00 102.66 160.00 53.44 0.9725 high
152.50 104.06 162.50 53.44 0.9719 high
157.50 102.66 160.00 54.84 0.9740 high
147.50 104.06 167.50 54.84 0.9732 high
152.50 105.47 162.50 53.44 0.9708 high
155.00 102.66 175.00 53.44 0.9661 high
157.50 99.84 167.50 54.84 0.9731 high
165.00 102.66 162.50 53.44 0.9711 high
152.50 105.47 172.50 56.25 0.9736 high
157.50 105.47 177.50 56.25 0.9712 high
157.50 106.88 165.00 56.25 0.9732 high
152.50 111.09 170.00 56.25 0.9742 high
157.50 112.50 165.00 54.84 0.9735 high
152.50 112.50 177.50 56.25 0.9741 high
152.50 111.09 167.50 56.25 0.9768 high
140.00 108.28 175.00 56.25 0.9752 high
142.50 106.88 172.50 54.84 0.9739 high
135.00 106.88 175.00 56.25 0.9747 high
142.50 108.28 170.00 56.25 0.9761 high
135.00 108.28 185.00 57.66 0.9757 high
142.50 112.50 172.50 56.25 0.9750 high
142.50 109.69 172.50 57.66 0.9759 high
137.50 108.28 175.00 57.66 0.9777 high
142.50 108.28 172.50 57.66 0.9745 high
142.50 108.28 192.50 59.06 0.9777 high
160.00 112.50 172.50 59.06 0.9754 high
150.00 115.31 185.00 59.06 0.9741 high
162.50 116.72 182.50 57.66 0.9755 high
152.50 116.72 187.50 57.66 0.9795 high
162.50 118.12 175.00 57.66 0.9753 high
150.00 118.12 200.00 59.06 0.9752 high
162.50 116.72 177.50 59.06 0.9780 high
162.50 112.50 187.50 60.47 0.9738 high
172.50 109.69 182.50 59.06 0.9757 high
170.00 105.47 180.00 60.47 0.9779 high
170.00 105.47 180.00 60.47 0.9715 high
167.50 99.84 187.50 63.28 0.9761 high
172.50 97.03 180.00 61.88 0.9761 high
172.50 97.03 182.50 63.28 0.9764 high
177.50 95.62 180.00 61.88 0.9776 high
180.00 87.19 182.50 63.28 0.9757 high
185.00 88.59 190.00 63.28 0.9758 high
175.00 90.00 190.00 66.09 0.9748 high
177.50 92.81 182.50 63.28 0.9699 high
172.50 90.00 197.50 64.69 0.9723 high
172.50 88.59 185.00 64.69 0.9768 high
162.50 88.59 192.50 66.09 0.9722 high
165.00 88.59 202.50 64.69 0.9772 high
160.00 80.16 187.50 64.69 0.9765 high
162.50 74.53 187.50 64.69 0.9750 high
152.50 71.72 200.00 67.50 0.9770 high
160.00 74.53 190.00 67.50 0.9759 high
160.00 73.12 202.50 67.50 0.9769 high
147.50 78.75 202.50 67.50 0.9753 high
155.00 81.56 190.00 67.50 0.9752 high
137.50 81.56 215.00 68.91 0.9754 high
145.00 85.78 190.00 68.91 0.9767 high
132.50 88.59 207.50 70.31 0.9719 high
150.00 90.00 205.00 68.91 0.9728 high
140.00 91.41 202.50 70.31 0.9741 high
152.50 101.25 195.00 68.91 0.9749 high
150.00 102.66 217.50 71.72 0.9752 high
150.00 106.88 197.50 70.31 0.9764 high
152.50 113.91 195.00 71.72 0.9781 high
142.50 120.94 212.50 70.31 0.9757 high
152.50 122.34 200.00 70.31 0.9782 high
137.50 119.53 210.00 71.72 0.9785 high
152.50 122.34 197.50 71.72 0.9758 high
140.00 123.75 230.00 73.12 0.9781 high
152.50 125.16 200.00 71.72 0.9788 high
145.00 120.94 215.00 74.53 0.9774 high
160.00 120.94 215.00 71.72 0.9800 high
147.50 116.72 220.00 74.53 0.9721 high
167.50 118.12 210.00 73.12 0.9781 high
157.50 118.12 220.00 73.12 0.9739 high
170.00 120.94 200.00 73.12 0.9772 high
152.50 120.94 240.00 74.53 0.9764 high
170.00 122.34 212.50 73.12 0.9779 high
152.50 122.34 237.50 74.53 0.9787 high
167.50 122.34 215.00 74.53 0.9778 high
147.50 122.34 225.00 75.94 0.9751 high
170.00 123.75 227.50 74.53 0.9812 high
160.00 115.31 220.00 77.34 0.9771 high
175.00 112.50 220.00 77.34 0.9811 high
160.00 109.69 237.50 78.75 0.9771 high
180.00 115.31 205.00 78.75 0.9834 high
165.00 112.50 235.00 81.56 0.9774 high
187.50 119.53 217.50 78.75 0.9791 high
182.50 119.53 230.00 81.56 0.9766 high
182.50 122.34 237.50 78.75 0.9796 high
200.00 123.75 225.00 81.56 0.9788 high
180.00 127.97 227.50 80.16 0.9791 high
197.50 133.59 232.50 80.16 0.9787 high
175.00 133.59 232.50 80.16 0.9808 high
197.50 132.19 227.50 80.16 0.9828 high
182.50 129.38 250.00 82.97 0.9790 high
200.00 132.19 230.00 81.56 0.9768 high
185.00 127.97 245.00 84.38 0.9753 high
212.50 130.78 227.50 81.56 0.9761 high
205.00 125.16 222.50 85.78 0.9742 high
220.00 127.97 242.50 82.97 0.9763 high
217.50 122.34 222.50 87.19 0.9756 high
230.00 122.34 237.50 82.97 0.9753 high
210.00 116.72 260.00 87.19 0.9724 high
247.50 113.91 235.00 87.19 0.9752 high
260.00 115.31 220.00 85.78 0.9785 high
250.00 109.69 225.00 91.41 0.9749 high
255.00 105.47 242.50 95.62 0.9743 high
282.50 108.28 222.50 95.62 0.9793 high
287.50 106.88 205.00 102.66 0.9809 high
290.00 109.69 230.00 102.66 0.9846 high
292.50 105.47 212.50 101.25 0.9784 high
295.00 95.62 237.50 94.22 0.9783 high
290.00 101.25 237.50 98.44 0.9795 high
295.00 91.41 230.00 105.47 0.9792 high
300.00 90.00 252.50 109.69 0.9826 high
297.50 99.84 247.50 104.06 0.9817 high
435.00 142.03 5.00 2.81 0.6314 high
287.50 92.81 257.50 98.44 0.9742 high
285.00 95.62 267.50 105.47 0.9723 high
277.50 97.03 265.00 105.47 0.9776 high
270.00 99.84 260.00 104.06 0.9786 high
265.00 94.22 265.00 111.09 0.9753 high
260.00 97.03 282.50 108.28 0.9773 high
255.00 99.84 275.00 106.88 0.9788 high
247.50 98.44 277.50 113.91 0.9782 high
242.50 102.66 282.50 109.69 0.9764 high
240.00 98.44 295.00 111.09 0.9739 high
245.00 91.41 285.00 115.31 0.9759 high
240.00 94.22 290.00 112.50 0.9723 high
235.00 91.41 305.00 113.91 0.9668 high
230.00 90.00 302.50 113.91 0.9658 high
227.50 85.78 297.50 118.12 0.9683 high
230.00 85.78 307.50 115.31 0.9720 high
232.50 84.38 307.50 118.12 0.9711 high
235.00 82.97 300.00 119.53 0.9621 high
242.50 81.56 300.00 119.53 0.9685 high
247.50 77.34 312.50 119.53 0.9713 high
257.50 75.94 302.50 119.53 0.9704 high
265.00 77.34 297.50 120.94 0.9681 high
272.50 74.53 302.50 120.94 0.9724 high
280.00 75.94 312.50 122.34 0.9715 high
292.50 74.53 295.00 125.16 0.9755 high
297.50 81.56 295.00 123.75 0.9727 high
300.00 82.97 300.00 122.34 0.9743 high
310.00 78.75 295.00 116.72 0.9748 high
322.50 80.16 285.00 125.16 0.9778 high
327.50 82.97 282.50 123.75 0.9757 high
327.50 81.56 300.00 119.53 0.9773 high
332.50 90.00 292.50 123.75 0.9720 high
345.00 94.22 277.50 112.50 0.9762 high
355.00 90.00 265.00 129.38 0.9790 high
362.50 92.81 272.50 112.50 0.9741 high
370.00 92.81 275.00 122.34 0.9760 high
380.00 88.59 247.50 126.56 0.9732 high
385.00 90.00 240.00 115.31 0.9757 high
392.50 91.41 262.50 109.69 0.9675 high
407.50 90.00 247.50 123.75 0.9727 high
395.00 91.41 255.00 108.28 0.9686 high
417.50 88.59 240.00 115.31 0.9703 high
405.00 88.59 265.00 111.09 0.9696 high
420.00 84.38 257.50 111.09 0.9692 high
412.50 82.97 275.00 104.06 0.9695 high
430.00 82.97 267.50 105.47 0.9635 high
432.50 74.53 275.00 109.69 0.9704 high
412.50 81.56 302.50 105.47 0.9723 high
452.50 82.97 265.00 97.03 0.9612 high
415.00 77.34 310.00 112.50 0.9690 high
440.00 74.53 297.50 119.53 0.9729 high
430.00 70.31 317.50 115.31 0.9659 high
447.50 67.50 305.00 101.25 0.9699 high
455.00 66.09 307.50 118.12 0.9653 high
460.00 56.25 320.00 126.56 0.9685 high
475.00 56.25 315.00 125.16 0.9689 high
472.50 63.28 327.50 118.12 0.9683 high
485.00 57.66 322.50 122.34 0.9654 high
475.00 61.88 337.50 118.12 0.9690 high
500.00 59.06 322.50 122.34 0.9668 high
492.50 61.88 337.50 116.72 0.9679 high
510.00 49.22 322.50 126.56 0.9613 high
497.50 54.84 342.50 120.94 0.9673 high
522.50 50.62 325.00 122.34 0.9676 high
522.50 47.81 332.50 116.72 0.9657 high
545.00 32.34 320.00 127.97 0.9626 high
552.50 28.12 320.00 125.16 0.9649 high
545.00 30.94 332.50 119.53 0.9668 high
557.50 23.91 320.00 123.75 0.9671 high
567.50 18.28 315.00 123.75 0.9679 high
572.50 18.28 315.00 123.75 0.9693 high
570.00 19.69 325.00 123.75 0.9705 high
735.00 74.53 2.50 2.81 0.8118 high
595.00 19.69 315.00 122.34 0.9693 high
605.00 18.28 305.00 129.38 0.9748 high
605.00 23.91 305.00 127.97 0.9729 high
610.00 22.50 302.50 130.78 0.9711 high
612.50 22.50 302.50 136.41 0.9720 high
612.50 30.94 300.00 132.19 0.9721 high
612.50 33.75 300.00 127.97 0.9692 high
615.00 22.50 302.50 133.59 0.9740 high
612.50 14.06 305.00 137.81 0.9660 high
610.00 32.34 307.50 118.12 0.9700 high
607.50 25.31 307.50 125.16 0.9688 high
607.50 26.72 307.50 120.94 0.9700 high
610.00 16.88 300.00 126.56 0.9720 high
610.00 16.88 297.50 123.75 0.9706 high
610.00 21.09 297.50 118.12 0.9710 high
615.00 19.69 297.50 122.34 0.9652 high
615.00 18.28 300.00 125.16 0.9675 high
610.00 26.72 300.00 118.12 0.9699 high
600.00 28.12 302.50 115.31 0.9744 high
592.50 21.09 310.00 122.34 0.9688 high
605.00 32.34 302.50 113.91 0.9692 high
610.00 29.53 297.50 120.94 0.9707 high
610.00 36.56 297.50 120.94 0.9718 high
612.50 26.72 295.00 132.19 0.9676 high
615.00 30.94 310.00 123.75 0.9737 high
777.50 81.56 2.50 1.41 0.6157 high
652.50 29.53 297.50 118.12 0.9741 high
645.00 23.91 295.00 118.12 0.9706 high
620.00 21.09 307.50 118.12 0.9685 high
602.50 29.53 302.50 111.09 0.9665 high
582.50 29.53 295.00 115.31 0.9738 high
570.00 19.69 295.00 126.56 0.9731 high
575.00 32.34 302.50 119.53 0.9720 high
605.00 39.38 292.50 113.91 0.9707 high
610.00 39.38 292.50 111.09 0.9736 high
605.00 30.94 297.50 115.31 0.9705 high
605.00 23.91 290.00 109.69 0.9662 high
575.00 19.69 300.00 111.09 0.9650 high
562.50 33.75 295.00 109.69 0.9656 high
710.00 91.41 2.50 1.41 0.5686 high
697.50 94.22 2.50 1.41 0.5451 high
697.50 105.47 2.50 1.41 0.7451 high
692.50 113.91 2.50 1.41 0.3020 low
688.44 122.46 1.00 1.00 0.0000 coast
683.58 130.83 1.00 1.00 0.0000 coast
560.00 77.34 290.00 105.47 0.9693 reinit
567.50 70.31 285.00 109.69 0.9695 high
567.50 71.72 287.50 92.81 0.9634 high
575.00 68.91 280.00 113.91 0.9690 high
557.50 74.53 290.00 111.09 0.9720 high
567.50 68.91 282.50 115.31 0.9735 high
697.50 120.94 7.50 8.44 0.6963 high
582.50 71.72 280.00 111.09 0.9707 high
577.50 81.56 285.00 111.09 0.9697 high
577.50 99.84 275.00 106.88 0.9710 high
565.00 99.84 275.00 111.09 0.9716 high
537.50 108.28 285.00 108.28 0.9707 high
535.00 118.12 272.50 105.47 0.9714 high
522.50 115.31 277.50 104.06 0.9732 high
525.00 101.25 272.50 104.06 0.9724 high
517.50 90.00 272.50 101.25 0.9719 high
512.50 71.72 272.50 102.66 0.9702 high
512.50 57.66 272.50 104.06 0.9711 high
512.50 45.00 270.00 109.69 0.9706 high
515.00 45.00 270.00 105.47 0.9631 high
505.00 49.22 282.50 102.66 0.9672 high
645.00 102.66 2.50 1.41 0.6745 high
492.50 63.28 272.50 94.22 0.9672 high
497.50 61.88 267.50 99.84 0.9675 high
625.00 113.91 5.00 1.41 0.7529 high
522.50 75.94 262.50 99.84 0.9678 high
520.00 78.75 272.50 95.62 0.9656 high
545.00 84.38 257.50 92.81 0.9700 high
552.50 91.41 255.00 88.59 0.9663 high
517.50 99.84 277.50 87.19 0.9644 high
610.00 97.03 175.00 71.72 0.9585 high
540.00 94.22 247.50 66.09 0.9630 high
532.50 81.56 267.50 82.97 0.9679 high
662.50 126.56 2.50 1.41 0.7451 high
677.50 135.00 5.00 2.81 0.6892 high
-100 -100 -100 -100 0.0000 coast_none
672.50 126.56 12.50 18.28 0.8631 high
679.09 127.43 1.00 17.83 0.0000 coast
677.50 119.53 20.00 15.47 0.9373 high
685.46 117.09 11.07 14.31 0.0000 coast
693.31 114.25 3.00 13.07 0.0000 coast
592.50 32.34 250.00 68.91 0.9659 reinit
615.00 16.88 160.00 70.31 0.9542 high
630.00 35.16 25.00 14.06 0.9432 high
647.50 18.28 10.00 7.03 0.9682 high
-100 -100 -100 -100 0.0000 coast_none
-100 -100 -100 -100 0.0000 coast_none
770.00 156.09 20.00 9.84 0.9671 reinit
-100 -100 -100 -100 0.0000 coast_none
770.00 156.09 20.00 9.84 0.0000 coast
620.00 165.94 30.00 14.06 0.9834 reinit
620.00 165.94 30.00 14.06 0.0000 coast
-100 -100 -100 -100 0.0000 coast_none
657.50 185.62 32.50 42.19 0.9525 reinit
665.00 198.28 5.00 4.22 0.6144 high
-100 -100 -100 -100 0.0000 coast_none
-100 -100 -100 -100 0.0000 coast_none
682.50 182.81 35.00 28.12 0.9576 reinit
672.50 194.06 35.00 26.72 0.9679 high
671.76 194.90 35.00 26.61 0.0000 coast
-100 -100 -100 -100 0.0000 coast_none
700.00 240.47 20.00 15.47 0.9622 reinit
700.00 240.47 20.00 15.47 0.0000 coast
-100 -100 -100 -100 0.0000 coast_none
760.00 188.44 25.00 23.91 0.9622 reinit
760.00 188.44 25.00 23.91 0.0000 coast
-100 -100 -100 -100 0.0000 coast_none
815.00 171.56 22.50 19.69 0.9687 reinit
815.00 171.56 22.50 19.69 0.0000 coast
-100 -100 -100 -100 0.0000 coast_none
897.50 164.53 35.00 29.53 0.9737 reinit
897.50 164.53 35.00 29.53 0.0000 coast
-100 -100 -100 -100 0.0000 coast_none
952.50 185.62 30.00 25.31 0.9781 reinit
957.50 192.66 27.50 22.50 0.9589 high
957.87 193.18 27.31 22.29 0.0000 coast
958.90 194.63 26.80 21.71 0.0000 coast
982.50 203.91 30.00 25.31 0.9680 reinit
987.50 208.12 20.00 16.88 0.9668 high
987.87 208.44 19.26 16.25 0.0000 coast
-100 -100 -100 -100 0.0000 coast_none
1037.50 185.62 35.00 26.72 0.9808 reinit
1037.50 185.62 35.00 26.72 0.0000 coast
1037.50 185.62 35.00 26.72 0.0000 coast
1062.50 199.69 22.50 14.06 0.9614 high
1060.00 192.66 27.50 21.09 0.9735 high
1064.20 194.05 26.04 19.96 0.0000 coast
1067.56 194.29 25.46 19.95 0.0000 coast
1087.50 158.91 32.50 22.50 0.9691 reinit
1087.50 158.91 32.50 22.50 0.0000 coast
-100 -100 -100 -100 0.0000 coast_none
362.50 98.44 62.50 42.19 0.9499 reinit
387.50 120.94 35.00 25.31 0.9245 high
397.50 122.34 12.50 9.84 0.8584 high
400.00 119.53 2.50 2.81 0.5706 high
-100 -100 -100 -100 0.0000 coast_none
-100 -100 -100 -100 0.0000 coast_none
1262.50 87.19 12.50 12.66 0.9598 reinit
-100 -100 -100 -100 0.0000 coast_none
-100 -100 -100 -100 0.0000 coast_none
832.50 153.28 32.50 8.44 0.9475 reinit
-100 -100 -100 -100 0.0000 coast_none
-100 -100 -100 -100 0.0000 coast_none
132.50 136.41 120.00 53.44 0.9621 reinit
152.50 115.31 117.50 68.91 0.9559 high
167.50 111.09 110.00 70.31 0.9633 high
175.00 115.31 105.00 66.09 0.9539 high
182.50 113.91 105.00 67.50 0.9670 high
177.50 130.78 105.00 54.84 0.9639 high
187.50 125.16 120.00 66.09 0.9647 high
197.50 123.75 112.50 64.69 0.9639 high
210.00 123.75 105.00 66.09 0.9384 high
220.00 140.62 110.00 56.25 0.9655 high
227.50 135.00 97.50 66.09 0.9622 high
237.50 139.22 107.50 67.50 0.9555 high
242.50 139.22 107.50 64.69 0.9658 high
245.00 135.00 90.00 67.50 0.9591 high
240.00 139.22 97.50 67.50 0.9644 high
247.50 143.44 105.00 66.09 0.9505 high
250.00 146.25 102.50 63.28 0.9462 high
262.50 139.22 82.50 63.28 0.9648 high
262.50 136.41 90.00 67.50 0.9598 high
265.00 143.44 107.50 61.88 0.9714 high
260.00 154.69 110.00 54.84 0.9528 high
257.50 151.88 105.00 63.28 0.9604 high
280.00 156.09 107.50 61.88 0.9734 high
292.50 153.28 100.00 60.47 0.9708 high
292.50 153.28 97.50 56.25 0.9478 high
297.50 142.03 97.50 68.91 0.9591 high
307.50 150.47 107.50 61.88 0.9653 high
307.50 156.09 107.50 56.25 0.9692 high
307.50 161.72 110.00 56.25 0.9685 high
312.50 154.69 105.00 63.28 0.9706 high
300.00 156.09 115.00 61.88 0.9731 high
315.00 157.50 107.50 60.47 0.9763 high
322.50 154.69 110.00 63.28 0.9723 high
317.50 151.88 117.50 67.50 0.9658 high
325.00 153.28 105.00 67.50 0.9570 high
327.50 154.69 90.00 68.91 0.9650 high
330.00 154.69 97.50 66.09 0.9465 high
340.00 164.53 107.50 54.84 0.9652 high
355.00 154.69 107.50 63.28 0.9735 high
362.50 151.88 105.00 63.28 0.9693 high
362.50 160.31 105.00 54.84 0.9661 high
367.50 149.06 107.50 63.28 0.9636 high
372.50 147.66 110.00 63.28 0.9535 high
385.00 151.88 100.00 64.69 0.9662 high
392.50 158.91 95.00 57.66 0.9706 high
402.50 151.88 112.50 66.09 0.9728 high
410.00 153.28 107.50 67.50 0.9564 high
450.00 180.00 37.50 15.47 0.9074 high
422.50 180.00 92.50 52.03 0.9670 high
435.00 188.44 80.00 52.03 0.9730 high
442.50 181.41 90.00 64.69 0.9616 high
-100 -100 -100 -100 0.0000 coast_none
452.50 185.62 90.00 63.28 0.9648 high
458.89 188.85 90.18 64.70 0.0000 coast
465.00 222.19 57.50 42.19 0.9653 high
482.50 237.66 35.00 22.50 0.9554 high
-100 -100 -100 -100 0.0000 coast_none
-100 -100 -100 -100 0.0000 coast_none
625.00 40.78 145.00 64.69 0.9709 reinit
625.00 43.59 150.00 66.09 0.9719 high
632.50 46.41 145.00 66.09 0.9740 high
632.50 49.22 150.00 66.09 0.9724 high
637.50 53.44 147.50 66.09 0.9723 high
637.50 56.25 147.50 64.69 0.9775 high
635.00 64.69 145.00 64.69 0.9764 high
630.00 75.94 145.00 64.69 0.9730 high
627.50 78.75 147.50 63.28 0.9763 high
632.50 78.75 145.00 63.28 0.9792 high
627.50 80.16 147.50 63.28 0.9752 high
627.50 81.56 145.00 64.69 0.9750 high
627.50 82.97 145.00 61.88 0.9769 high
617.50 84.38 147.50 63.28 0.9726 high
615.00 85.78 145.00 60.47 0.9768 high
610.00 87.19 147.50 60.47 0.9782 high
617.50 90.00 142.50 60.47 0.9780 high
615.00 95.62 142.50 61.88 0.9781 high
607.50 102.66 142.50 61.88 0.9754 high
602.50 106.88 142.50 61.88 0.9771 high
595.00 113.91 150.00 60.47 0.9757 high
600.00 113.91 142.50 60.47 0.9784 high
592.50 113.91 142.50 60.47 0.9733 high
587.50 116.72 142.50 60.47 0.9796 high
587.50 123.75 142.50 60.47 0.9778 high
580.00 125.16 145.00 59.06 0.9775 high
577.50 126.56 142.50 57.66 0.9800 high
570.00 130.78 147.50 57.66 0.9798 high
577.50 127.97 140.00 57.66 0.9843 high
575.00 126.56 137.50 57.66 0.9797 high
565.00 127.97 142.50 57.66 0.9814 high
565.00 127.97 140.00 57.66 0.9781 high
560.00 125.16 142.50 57.66 0.9750 high
562.50 125.16 137.50 59.06 0.9804 high
555.00 126.56 140.00 59.06 0.9809 high
557.50 125.16 137.50 57.66 0.9797 high
555.00 125.16 137.50 57.66 0.9810 high
555.00 125.16 140.00 57.66 0.9784 high
555.00 122.34 135.00 56.25 0.9777 high
547.50 118.12 140.00 57.66 0.9800 high
547.50 118.12 135.00 57.66 0.9823 high
537.50 119.53 137.50 56.25 0.9816 high
537.50 115.31 135.00 56.25 0.9768 high
535.00 111.09 137.50 56.25 0.9800 high
537.50 112.50 135.00 54.84 0.9811 high
530.00 112.50 140.00 56.25 0.9806 high
535.00 111.09 135.00 57.66 0.9768 high
525.00 113.91 140.00 56.25 0.9787 high
527.50 119.53 132.50 56.25 0.9809 high
520.00 122.34 135.00 54.84 0.9796 high
520.00 120.94 132.50 54.84 0.9783 high
515.00 118.12 135.00 54.84 0.9808 high
517.50 115.31 132.50 57.66 0.9804 high
507.50 119.53 137.50 54.84 0.9826 high
510.00 118.12 130.00 54.84 0.9826 high
507.50 118.12 135.00 54.84 0.9780 high
515.00 116.72 130.00 53.44 0.9811 high
507.50 118.12 132.50 54.84 0.9775 high
495.00 119.53 135.00 54.84 0.9793 high
497.50 120.94 130.00 53.44 0.9806 high
490.00 120.94 135.00 52.03 0.9839 high
497.50 120.94 127.50 52.03 0.9826 high
492.50 122.34 132.50 52.03 0.9842 high
490.00 122.34 132.50 53.44 0.9817 high
495.00 122.34 127.50 53.44 0.9848 high
487.50 123.75 132.50 53.44 0.9848 high
490.00 127.97 130.00 50.62 0.9790 high
487.50 129.38 127.50 50.62 0.9809 high
482.50 129.38 132.50 49.22 0.9850 high
487.50 127.97 127.50 52.03 0.9824 high
487.50 127.97 130.00 50.62 0.9790 high
492.50 125.16 125.00 52.03 0.9821 high
490.00 126.56 127.50 50.62 0.9817 high
487.50 129.38 130.00 49.22 0.9810 high
492.50 129.38 125.00 47.81 0.9827 high
485.00 130.78 130.00 47.81 0.9824 high
487.50 133.59 125.00 49.22 0.9807 high
482.50 132.19 127.50 49.22 0.9844 high
490.00 130.78 125.00 49.22 0.9817 high
490.00 133.59 127.50 52.03 0.9818 high
487.50 137.81 127.50 50.62 0.9809 high
487.50 139.22 125.00 50.62 0.9814 high
482.50 142.03 130.00 49.22 0.9826 high
490.00 143.44 122.50 49.22 0.9845 high
490.00 146.25 122.50 49.22 0.9854 high
485.00 150.47 127.50 49.22 0.9828 high
490.00 151.88 120.00 49.22 0.9847 high
485.00 154.69 127.50 50.62 0.9824 high
485.00 160.31 125.00 49.22 0.9795 high
485.00 161.72 120.00 50.62 0.9827 high
485.00 161.72 125.00 50.62 0.9828 high
492.50 161.72 122.50 49.22 0.9822 high
490.00 163.12 120.00 49.22 0.9857 high
485.00 164.53 125.00 47.81 0.9809 high
487.50 167.34 120.00 47.81 0.9847 high
482.50 170.16 125.00 46.41 0.9827 high
487.50 168.75 120.00 47.81 0.9851 high
487.50 167.34 122.50 47.81 0.9829 high
495.00 168.75 117.50 47.81 0.9818 high
490.00 171.56 122.50 47.81 0.9853 high
495.00 174.38 120.00 46.41 0.9823 high
497.50 177.19 122.50 43.59 0.9825 high
510.00 177.19 117.50 45.00 0.9830 high
507.50 177.19 122.50 45.00 0.9817 high
515.00 175.78 117.50 43.59 0.9875 high
517.50 177.19 120.00 42.19 0.9869 high
522.50 175.78 115.00 43.59 0.9828 high
517.50 172.97 122.50 43.59 0.9840 high
530.00 167.34 115.00 42.19 0.9804 high
535.00 157.50 117.50 43.59 0.9846 high
542.50 151.88 115.00 43.59 0.9825 high
540.00 149.06 117.50 43.59 0.9828 high
540.00 149.06 117.50 42.19 0.9837 high
547.50 146.25 115.00 42.19 0.9851 high
547.50 140.62 120.00 43.59 0.9823 high
555.00 136.41 115.00 45.00 0.9818 high
560.00 136.41 112.50 45.00 0.9841 high
557.50 136.41 117.50 45.00 0.9803 high
562.50 137.81 112.50 45.00 0.9829 high
565.00 136.41 115.00 45.00 0.9798 high
567.50 133.59 112.50 43.59 0.9829 high
567.50 129.38 112.50 42.19 0.9840 high
562.50 120.94 115.00 43.59 0.9828 high
565.00 113.91 110.00 45.00 0.9778 high
555.00 112.50 115.00 42.19 0.9850 high
557.50 112.50 112.50 40.78 0.9816 high
555.00 111.09 115.00 40.78 0.9848 high
575.00 109.69 112.50 39.38 0.9785 high
597.50 104.06 112.50 39.38 0.9794 high
615.00 94.22 110.00 40.78 0.9799 high
622.50 91.41 112.50 39.38 0.9805 high
632.50 85.78 112.50 39.38 0.9815 high
645.00 78.75 115.00 39.38 0.9817 high
662.50 73.12 112.50 39.38 0.9683 high
685.00 68.91 110.00 39.38 0.9809 high
692.50 67.50 115.00 40.78 0.9731 high
702.50 68.91 110.00 42.19 0.9786 high
705.00 73.12 115.00 40.78 0.9811 high
722.50 73.12 110.00 40.78 0.9764 high
732.50 71.72 115.00 39.38 0.9743 high
747.50 71.72 112.50 40.78 0.9768 high
755.00 74.53 115.00 37.97 0.9771 high
765.00 77.34 110.00 42.19 0.9781 high
767.50 82.97 110.00 40.78 0.9775 high
777.50 84.38 110.00 37.97 0.9819 high
792.50 82.97 110.00 37.97 0.9767 high
810.00 81.56 107.50 37.97 0.9785 high
812.50 84.38 112.50 36.56 0.9776 high
817.50 84.38 110.00 37.97 0.9787 high
817.50 82.97 110.00 28.12 0.9694 high
872.50 92.81 7.50 5.62 0.8361 high
870.18 90.34 34.43 11.23 0.0000 coast
910.00 78.75 5.00 4.22 0.8337 high
-100 -100 -100 -100 0.0000 coast_none
-100 -100 -100 -100 0.0000 coast_none
782.50 49.22 100.00 18.28 0.9695 reinit
797.50 42.19 10.00 8.44 0.8375 high
-100 -100 -100 -100 0.0000 coast_none
-100 -100 -100 -100 0.0000 coast_none
580.00 132.19 67.50 35.16 0.9077 reinit
582.50 132.19 35.00 22.50 0.8742 high
582.50 132.19 35.00 22.50 0.8727 high
582.94 132.19 29.24 20.26 0.0000 coast
592.50 136.41 5.00 5.62 0.6751 high
592.07 136.98 1.00 1.00 0.0000 coast
-100 -100 -100 -100 0.0000 coast_none
585.00 142.03 5.00 2.81 0.3078 low
584.51 143.63 1.00 1.00 0.0000 coast
-100 -100 -100 -100 0.0000 coast_none
1222.50 101.25 52.50 33.75 0.9590 reinit
1222.50 101.25 52.50 33.75 0.9553 high
1210.00 87.19 67.50 49.22 0.9597 high
1212.50 85.78 62.50 47.81 0.9417 high
1210.00 78.75 67.50 45.00 0.9544 high
1210.00 78.75 67.50 45.00 0.9542 high
1225.00 75.94 52.50 43.59 0.9307 high
1222.50 57.66 55.00 40.78 0.9390 high
1222.50 57.66 55.00 40.78 0.9382 high
1222.37 51.62 55.57 42.23 0.0000 coast
-100 -100 -100 -100 0.0000 coast_none
-100 -100 -100 -100 0.0000 coast_none
-100 -100 -100 -100 0.0000 coast_none
-100 -100 -100 -100 0.0000 coast_none
-100 -100 -100 -100 0.0000 coast_none
-100 -100 -100 -100 0.0000 coast_none
-100 -100 -100 -100 0.0000 coast_none
-100 -100 -100 -100 0.0000 coast_none
1262.50 28.12 10.00 16.88 0.6368 high
-100 -100 -100 -100 0.0000 coast_none
-100 -100 -100 -100 0.0000 coast_none
1262.50 32.34 5.00 1.41 0.5627 high
-100 -100 -100 -100 0.0000 coast_none
-100 -100 -100 -100 0.0000 coast_none
530.00 144.84 17.50 14.06 0.9276 reinit
530.00 144.84 17.50 14.06 0.0000 coast
-100 -100 -100 -100 0.0000 coast_none
565.00 137.81 12.50 7.03 0.9031 reinit
562.50 137.81 17.50 12.66 0.9505 high
-100 -100 -100 -100 0.0000 coast_none
-100 -100 -100 -100 0.0000 coast_none
-100 -100 -100 -100 0.0000 coast_none
417.50 123.75 20.00 16.88 0.9459 reinit
417.50 123.75 20.00 15.47 0.9413 high
-100 -100 -100 -100 0.0000 coast_none
-100 -100 -100 -100 0.0000 coast_none
-100 -100 -100 -100 0.0000 coast_none
-100 -100 -100 -100 0.0000 coast_none
-100 -100 -100 -100 0.0000 coast_none
-100 -100 -100 -100 0.0000 coast_none
-100 -100 -100 -100 0.0000 coast_none
-100 -100 -100 -100 0.0000 coast_none
-100 -100 -100 -100 0.0000 coast_none
-100 -100 -100 -100 0.0000 coast_none
177.50 213.75 15.00 14.06 0.9533 reinit
177.50 213.75 15.00 14.06 0.0000 coast
-100 -100 -100 -100 0.0000 coast_none
-100 -100 -100 -100 0.0000 coast_none
547.50 151.88 35.00 19.69 0.9239 reinit
547.50 157.50 35.00 18.28 0.9346 high
545.00 156.09 27.50 12.66 0.8693 high
545.00 163.12 25.00 8.44 0.7865 high
544.23 164.63 22.32 5.85 0.0000 coast
-100 -100 -100 -100 0.0000 coast_none
402.50 247.50 15.00 8.44 0.9578 reinit
-100 -100 -100 -100 0.0000 coast_none
-100 -100 -100 -100 0.0000 coast_none
560.00 144.84 12.50 7.03 0.9694 reinit
560.00 144.84 12.50 7.03 0.0000 coast
-100 -100 -100 -100 0.0000 coast_none
445.00 278.44 52.50 36.56 0.9588 reinit
452.50 285.47 47.50 35.16 0.9331 high
-100 -100 -100 -100 0.0000 coast_none
462.50 300.94 2.50 1.41 0.5216 high
461.30 301.77 1.00 1.00 0.0000 coast
430.00 274.22 52.50 35.16 0.9326 high
-100 -100 -100 -100 0.0000 coast_none
-100 -100 -100 -100 0.0000 coast_none
417.50 168.75 77.50 19.69 0.9700 reinit
425.00 167.34 82.50 26.72 0.9657 high
445.00 168.75 20.00 9.84 0.9623 high
432.50 163.12 77.50 16.88 0.9742 high
-100 -100 -100 -100 0.0000 coast_none
434.10 158.73 94.03 15.03 0.0000 coast
467.50 168.75 5.00 1.41 0.9196 high
-100 -100 -100 -100 0.0000 coast_none
-100 -100 -100 -100 0.0000 coast_none
467.50 180.00 32.50 12.66 0.9658 high
470.84 182.38 32.44 12.33 0.0000 coast
474.12 184.94 32.53 12.11 0.0000 coast
1110.00 247.50 77.50 50.62 0.9752 reinit
1135.00 271.41 20.00 25.31 0.9250 high
1135.00 271.41 35.00 26.72 0.9525 high
1145.00 279.84 30.00 23.91 0.9596 high
1140.00 275.62 45.00 30.94 0.9727 high
-100 -100 -100 -100 0.0000 coast_none
1147.65 282.35 49.31 30.83 0.0000 coast
480.00 188.44 92.50 28.12 0.9791 reinit
477.50 187.03 95.00 29.53 0.9700 high
477.50 187.03 92.50 29.53 0.9781 high
480.00 194.06 90.00 26.72 0.9801 high
487.50 206.72 87.50 25.31 0.9794 high
492.50 213.75 90.00 26.72 0.9774 high
497.50 213.75 92.50 29.53 0.9735 high
500.00 210.94 95.00 32.34 0.9720 high
505.00 213.75 92.50 29.53 0.9799 high
497.50 213.75 92.50 29.53 0.9780 high
490.00 212.34 92.50 30.94 0.9721 high
495.00 209.53 87.50 29.53 0.9802 high
492.50 209.53 90.00 30.94 0.9784 high
492.50 210.94 87.50 32.34 0.9703 high
492.50 206.72 87.50 23.91 0.9842 high
492.50 202.50 87.50 22.50 0.9813 high
492.50 198.28 87.50 37.97 0.9655 high
487.50 194.06 87.50 23.91 0.9848 high
482.50 196.88 87.50 28.12 0.9704 high
484.28 195.70 87.00 27.58 0.0000 coast
475.00 199.69 85.00 19.69 0.9757 high
477.50 201.09 90.00 23.91 0.9789 high
482.50 203.91 87.50 22.50 0.9796 high
477.50 208.12 87.50 29.53 0.9784 high
477.50 208.12 87.50 28.12 0.9822 high
485.00 201.09 82.50 23.91 0.9878 high
485.00 196.88 87.50 26.72 0.9839 high
487.50 192.66 85.00 28.12 0.9755 high
487.50 191.25 85.00 28.12 0.9833 high
487.50 192.66 87.50 30.94 0.9839 high
485.00 202.50 87.50 26.72 0.9793 high
482.50 209.53 87.50 28.12 0.9817 high
490.00 203.91 85.00 30.94 0.9800 high
500.00 202.50 85.00 29.53 0.9866 high
502.50 199.69 82.50 28.12 0.9830 high
497.50 191.25 85.00 29.53 0.9862 high
500.00 180.00 82.50 29.53 0.9815 high
497.50 170.16 87.50 30.94 0.9822 high
502.50 165.94 85.00 30.94 0.9762 high
505.00 163.12 85.00 30.94 0.9804 high
497.50 158.91 92.50 32.34 0.9795 high
497.50 158.91 82.50 29.53 0.9848 high
497.50 158.91 85.00 30.94 0.9801 high
505.00 158.91 85.00 29.53 0.9792 high
512.50 156.09 85.00 30.94 0.9789 high
512.50 157.50 87.50 32.34 0.9770 high
507.50 161.72 87.50 32.34 0.9808 high
507.50 164.53 85.00 30.94 0.9807 high
515.00 164.53 82.50 32.34 0.9806 high
517.50 164.53 87.50 33.75 0.9807 high
522.50 168.75 87.50 33.75 0.9791 high
522.50 171.56 85.00 35.16 0.9814 high
525.00 168.75 85.00 35.16 0.9802 high
527.50 165.94 87.50 37.97 0.9692 high
530.00 161.72 87.50 35.16 0.9712 high
530.00 153.28 85.00 36.56 0.9708 high
527.50 151.88 87.50 35.16 0.9732 high
525.00 153.28 87.50 33.75 0.9745 high
522.50 151.88 85.00 33.75 0.9804 high
525.00 153.28 90.00 36.56 0.9768 high
532.50 153.28 85.00 36.56 0.9786 high
527.50 157.50 85.00 33.75 0.9846 high
520.00 158.91 90.00 37.97 0.9773 high
520.00 163.12 85.00 35.16 0.9817 high
515.00 157.50 90.00 35.16 0.9835 high
522.50 151.88 85.00 33.75 0.9822 high
525.00 153.28 85.00 33.75 0.9833 high
515.00 153.28 90.00 35.16 0.9860 high
517.50 157.50 90.00 35.16 0.9782 high
517.50 158.91 90.00 36.56 0.9821 high
522.50 161.72 85.00 37.97 0.9838 high
525.00 172.97 85.00 35.16 0.9819 high
520.00 177.19 90.00 39.38 0.9781 high
532.50 181.41 87.50 36.56 0.9815 high
542.50 199.69 87.50 36.56 0.9858 high
540.00 215.16 87.50 36.56 0.9807 high
545.00 232.03 85.00 33.75 0.9818 high
545.93 231.84 85.74 34.66 0.0000 coast
-100 -100 -100 -100 0.0000 coast_none
517.50 343.12 85.00 35.16 0.9865 reinit
510.00 360.00 90.00 32.34 0.9912 high
492.50 378.28 85.00 32.34 0.9877 high
489.77 382.95 85.66 31.78 0.0000 coast
447.50 400.78 87.50 32.34 0.9882 high
436.59 410.56 87.18 31.95 0.0000 coast
-100 -100 -100 -100 0.0000 coast_none
447.50 336.09 90.00 33.75 0.9805 reinit
470.00 340.31 95.00 33.75 0.9872 high
482.50 354.38 87.50 36.56 0.9884 high
472.50 360.00 85.00 33.75 0.9927 high
-100 -100 -100 -100 0.0000 coast_none
517.50 368.44 2.50 1.41 0.5451 high
-100 -100 -100 -100 0.0000 coast_none
-100 -100 -100 -100 0.0000 coast_none
510.00 188.44 87.50 36.56 0.9823 reinit
510.00 188.44 87.50 36.56 0.0000 coast
510.00 188.44 87.50 36.56 0.0000 coast
515.00 226.41 87.50 35.16 0.9852 high
497.50 219.38 90.00 33.75 0.9843 high
487.50 210.94 90.00 33.75 0.9876 high
486.13 218.20 90.50 33.18 0.0000 coast
-100 -100 -100 -100 0.0000 coast_none
445.00 160.31 87.50 35.16 0.9900 reinit
440.00 168.75 90.00 35.16 0.9842 high
445.00 181.41 92.50 35.16 0.9847 high
447.50 181.41 87.50 35.16 0.9875 high
447.50 199.69 92.50 33.75 0.9899 high
455.00 206.72 87.50 33.75 0.9890 high
462.50 189.84 87.50 33.75 0.9891 high
477.50 188.44 90.00 36.56 0.9850 high
487.50 203.91 92.50 36.56 0.9869 high
497.50 206.72 87.50 33.75 0.9894 high
500.00 194.06 92.50 35.16 0.9848 high
507.50 199.69 90.00 33.75 0.9852 high
512.50 205.31 95.00 35.16 0.9840 high
527.50 199.69 90.00 35.16 0.9809 high
530.00 199.69 92.50 35.16 0.9838 high
527.50 199.69 95.00 35.16 0.9817 high
532.50 202.50 92.50 35.16 0.9863 high
542.50 189.84 90.00 35.16 0.9828 high
545.00 178.59 90.00 33.75 0.9876 high
545.00 178.59 90.00 33.75 0.9866 high
552.50 178.99 90.03 33.77 0.0000 coast
557.78 177.82 89.95 33.65 0.0000 coast
502.50 102.66 130.00 50.62 0.9783 reinit
510.00 97.03 125.00 47.81 0.9820 high
510.00 97.03 125.00 47.81 0.9817 high
495.00 81.56 142.50 56.25 0.9777 high
497.50 81.56 137.50 52.03 0.9778 high
497.50 81.56 137.50 52.03 0.9784 high
485.00 70.31 147.50 56.25 0.9692 high
477.50 73.12 147.50 49.22 0.9638 high
472.50 73.12 147.50 59.06 0.9613 high
470.00 95.62 152.50 54.84 0.9614 high
475.00 105.47 147.50 56.25 0.9713 high
480.00 106.88 147.50 56.25 0.9738 high
482.50 112.50 147.50 57.66 0.9758 high
465.00 129.38 155.00 56.25 0.9784 high
475.00 146.25 145.00 57.66 0.9687 high
482.50 150.47 147.50 56.25 0.9775 high
482.50 175.78 150.00 56.25 0.9774 high
487.50 181.41 147.50 54.84 0.9761 high
487.50 174.38 150.00 56.25 0.9698 high
485.00 174.38 147.50 54.84 0.9745 high
485.00 157.50 147.50 53.44 0.9772 high
487.50 143.44 145.00 56.25 0.9685 high
487.50 150.47 152.50 54.84 0.9783 high
497.50 146.25 147.50 56.25 0.9780 high
492.50 133.59 152.50 54.84 0.9726 high
505.00 139.22 147.50 56.25 0.9740 high
517.50 133.59 152.50 54.84 0.9740 high
525.00 129.38 147.50 53.44 0.9626 high
512.50 132.19 157.50 56.25 0.9717 high
520.00 133.59 150.00 56.25 0.9683 high
522.50 129.38 150.00 52.03 0.9698 high
532.50 116.72 152.50 56.25 0.9767 high
527.50 115.31 152.50 54.84 0.9822 high
525.00 115.31 147.50 54.84 0.9763 high
517.50 108.28 150.00 53.44 0.9758 high
520.00 109.69 147.50 53.44 0.9769 high
507.50 109.69 157.50 54.84 0.9696 high
517.50 101.25 150.00 56.25 0.9524 high
522.50 102.66 152.50 56.25 0.9751 high
527.50 102.66 147.50 56.25 0.9717 high
512.50 104.06 155.00 52.03 0.9489 high
527.50 104.06 140.00 40.78 0.9658 high
530.00 101.25 140.00 52.03 0.9558 high
512.50 97.03 150.00 53.44 0.9766 high
500.00 102.66 157.50 57.66 0.9739 high
512.50 99.84 147.50 53.44 0.9755 high
517.50 92.81 150.00 52.03 0.9623 high
512.50 91.41 150.00 52.03 0.9658 high
507.50 88.59 152.50 54.84 0.9687 high
500.00 95.62 152.50 53.44 0.9704 high
495.00 99.84 155.00 52.03 0.9745 high
500.00 87.19 150.00 54.84 0.9794 high
495.00 90.00 157.50 54.84 0.9640 high
507.50 99.84 147.50 53.44 0.9703 high
502.50 97.03 162.50 53.44 0.9643 high
502.50 97.03 162.50 53.44 0.9640 high
497.50 106.88 157.50 53.44 0.9736 high
510.00 104.06 150.00 53.44 0.9670 high
507.50 106.88 157.50 54.84 0.9757 high
517.50 109.69 155.00 53.44 0.9662 high
502.50 112.50 157.50 53.44 0.9749 high
507.50 111.09 155.00 53.44 0.9693 high
497.50 116.72 157.50 53.44 0.9723 high
505.00 120.94 150.00 53.44 0.9681 high
502.50 120.94 152.50 53.44 0.9730 high
505.00 123.75 150.00 53.44 0.9718 high
497.50 126.56 162.50 54.84 0.9764 high
502.50 127.97 150.00 53.44 0.9786 high
500.00 125.16 152.50 53.44 0.9768 high
497.50 120.94 152.50 54.84 0.9775 high
487.50 126.56 157.50 53.44 0.9754 high
495.00 125.16 157.50 53.44 0.9775 high
487.50 125.16 152.50 54.84 0.9778 high
485.00 129.38 152.50 52.03 0.9725 high
485.00 123.75 155.00 53.44 0.9678 high
490.00 122.34 152.50 53.44 0.9741 high
487.50 122.34 165.00 53.44 0.9753 high
495.00 129.38 152.50 53.44 0.9741 high
492.50 129.38 157.50 53.44 0.9718 high
487.50 123.75 152.50 53.44 0.9746 high
472.50 130.78 162.50 50.62 0.9649 high
475.00 129.38 152.50 52.03 0.9681 high
462.50 126.56 165.00 52.03 0.9653 high
480.00 125.16 152.50 53.44 0.9750 high
480.00 125.16 160.00 53.44 0.9741 high
485.00 127.97 152.50 52.03 0.9659 high
467.50 125.16 162.50 53.44 0.9695 high
472.50 122.34 160.00 52.03 0.9712 high
467.50 119.53 162.50 52.03 0.9776 high
482.50 113.91 152.50 53.44 0.9737 high
475.00 119.53 162.50 52.03 0.9750 high
477.50 120.94 152.50 52.03 0.9781 high
472.50 123.75 157.50 50.62 0.9746 high
477.50 123.75 155.00 52.03 0.9658 high
480.00 122.34 152.50 52.03 0.9752 high
480.00 122.34 155.00 50.62 0.9777 high
480.00 116.72 152.50 53.44 0.9772 high
482.50 115.31 157.50 52.03 0.9730 high
482.50 115.31 155.00 52.03 0.9746 high
480.00 119.53 155.00 52.03 0.9749 high
482.50 120.94 152.50 52.03 0.9758 high
482.50 118.12 155.00 50.62 0.9748 high
485.00 116.72 155.00 52.03 0.9733 high
495.00 109.69 155.00 53.44 0.9696 high
495.00 105.47 157.50 53.44 0.9731 high
492.50 106.88 160.00 53.44 0.9709 high
487.50 112.50 155.00 53.44 0.9694 high
487.50 111.09 152.50 53.44 0.9695 high
495.00 111.09 155.00 52.03 0.9696 high
497.50 109.69 155.00 53.44 0.9686 high
497.50 111.09 157.50 53.44 0.9713 high
492.50 118.12 157.50 52.03 0.9686 high
492.50 119.53 157.50 53.44 0.9734 high
487.50 118.12 157.50 52.03 0.9717 high
487.50 118.12 155.00 52.03 0.9770 high
492.50 113.91 162.50 52.03 0.9730 high
497.50 111.09 157.50 53.44 0.9732 high
497.50 111.09 157.50 53.44 0.9744 high
495.00 109.69 157.50 54.84 0.9675 high
500.00 108.28 155.00 57.66 0.9692 high
500.00 105.47 160.00 57.66 0.9658 high
505.00 102.66 155.00 54.84 0.9664 high
580.00 137.81 2.50 1.41 0.5373 high
517.50 101.25 157.50 59.06 0.9750 high
515.00 101.25 157.50 57.66 0.9714 high
510.00 99.84 162.50 57.66 0.9703 high
517.50 98.44 157.50 57.66 0.9689 high
522.50 101.25 167.50 59.06 0.9680 high
525.00 98.44 157.50 57.66 0.9682 high
522.50 97.03 160.00 57.66 0.9701 high
517.50 104.06 160.00 59.06 0.9688 high
517.50 108.28 157.50 57.66 0.9695 high
515.00 105.47 165.00 59.06 0.9691 high
510.00 112.50 157.50 59.06 0.9714 high
507.50 112.50 160.00 59.06 0.9667 high
505.00 108.28 162.50 59.06 0.9645 high
497.50 115.31 157.50 59.06 0.9746 high
487.50 123.75 170.00 57.66 0.9704 high
482.50 123.75 160.00 57.66 0.9648 high
480.00 125.16 160.00 57.66 0.9711 high
480.00 125.16 162.50 59.06 0.9678 high
487.50 123.75 160.00 57.66 0.9710 high
485.00 120.94 167.50 57.66 0.9725 high
480.00 125.16 162.50 59.06 0.9710 high
472.50 129.38 162.50 57.66 0.9698 high
472.50 123.75 160.00 57.66 0.9714 high
482.50 122.34 160.00 57.66 0.9694 high
492.50 116.72 162.50 57.66 0.9705 high
497.50 109.69 160.00 60.47 0.9684 high
492.50 112.50 170.00 59.06 0.9711 high
495.00 112.50 162.50 57.66 0.9708 high
500.00 109.69 170.00 56.25 0.9612 high
505.00 111.09 162.50 59.06 0.9693 high
505.00 108.28 162.50 57.66 0.9653 high
510.00 105.47 167.50 57.66 0.9656 high
510.00 101.25 170.00 57.66 0.9664 high
520.00 99.84 165.00 57.66 0.9669 high
512.50 102.66 180.00 57.66 0.9620 high
517.50 99.84 165.00 56.25 0.9617 high
512.50 101.25 167.50 56.25 0.9688 high
517.50 97.03 167.50 56.25 0.9699 high
520.00 90.00 165.00 57.66 0.9660 high
512.50 88.59 172.50 56.25 0.9631 high
512.50 92.81 170.00 54.84 0.9694 high
512.50 80.16 167.50 56.25 0.9658 high
502.50 66.09 172.50 57.66 0.9520 high
465.00 54.84 175.00 57.66 0.9438 high
577.50 101.25 2.50 1.41 0.4980 low
546.25 84.43 50.70 16.94 0.0000 coast
-100 -100 -100 -100 0.0000 coast_none
375.00 168.75 37.50 18.28 0.9664 reinit
-100 -100 -100 -100 0.0000 coast_none
-100 -100 -100 -100 0.0000 coast_none
280.00 203.91 170.00 57.66 0.9688 reinit
267.50 205.31 177.50 56.25 0.9760 high
255.00 203.91 172.50 56.25 0.9719 high
242.50 195.47 177.50 56.25 0.9706 high
230.00 187.03 172.50 57.66 0.9776 high
242.50 188.44 170.00 57.66 0.9763 high
255.00 181.41 170.00 56.25 0.9710 high
245.00 181.41 170.00 59.06 0.9780 high
245.00 188.44 177.50 57.66 0.9773 high
252.50 185.62 172.50 57.66 0.9739 high
262.50 170.16 170.00 57.66 0.9712 high
265.00 164.53 182.50 59.06 0.9771 high
290.00 156.09 170.00 59.06 0.9752 high
290.00 153.28 180.00 52.03 0.9624 high
300.00 164.53 180.00 59.06 0.9759 high
310.00 157.50 170.00 57.66 0.9729 high
312.50 149.06 180.00 57.66 0.9690 high
317.50 147.66 177.50 59.06 0.9684 high
310.00 136.41 172.50 59.06 0.9725 high
417.50 170.16 2.50 1.41 0.5490 high
427.50 161.72 5.00 4.22 0.8024 high
435.75 159.72 1.00 1.00 0.0000 coast
442.70 156.02 1.00 1.00 0.0000 coast
307.50 90.00 172.50 60.47 0.9673 reinit
285.00 85.78 192.50 61.88 0.9645 high
275.00 88.59 172.50 61.88 0.9712 high
257.50 84.38 187.50 60.47 0.9641 high
282.50 66.09 180.00 63.28 0.9662 high
272.50 63.28 185.00 64.69 0.9623 high
257.50 63.28 192.50 61.88 0.9557 high
242.50 63.28 185.00 64.69 0.9630 high
255.00 61.88 177.50 63.28 0.9610 high
245.00 60.47 187.50 61.88 0.9521 high
242.50 56.25 180.00 64.69 0.9597 high
322.50 71.72 7.50 2.81 0.5608 high
297.36 64.26 48.89 17.72 0.0000 coast
322.50 73.12 2.50 1.41 0.5804 high
-100 -100 -100 -100 0.0000 coast_none
-100 -100 -100 -100 0.0000 coast_none
237.50 74.53 180.00 63.28 0.9633 reinit
227.50 78.75 192.50 64.69 0.9632 high
225.00 98.44 182.50 63.28 0.9600 high
205.00 105.47 195.00 63.28 0.9653 high
207.50 99.84 187.50 63.28 0.9616 high
197.50 95.62 192.50 64.69 0.9637 high
212.50 94.22 192.50 63.28 0.9616 high
202.50 88.59 190.00 60.47 0.9534 high
207.50 85.78 185.00 64.69 0.9589 high
195.00 82.97 200.00 64.69 0.9566 high
207.50 85.78 185.00 64.69 0.9584 high
197.50 87.19 202.50 66.09 0.9575 high
207.50 87.19 185.00 64.69 0.9577 high
200.00 84.38 195.00 66.09 0.9599 high
205.00 80.16 195.00 66.09 0.9584 high
190.00 77.34 195.00 67.50 0.9640 high
205.00 75.94 187.50 66.09 0.9603 high
200.00 66.09 195.00 67.50 0.9559 high
197.50 66.09 190.00 67.50 0.9587 high
187.50 67.50 215.00 64.69 0.9541 high
205.00 63.28 190.00 64.69 0.9549 high
190.00 61.88 202.50 68.91 0.9539 high
197.50 61.88 195.00 67.50 0.9608 high
185.00 60.47 200.00 67.50 0.9540 high
295.00 80.16 2.50 2.81 0.5784 high
200.00 49.22 205.00 68.91 0.9519 high
220.00 50.62 202.50 68.91 0.9541 high
195.00 56.25 207.50 70.31 0.9523 high
195.00 61.88 197.50 67.50 0.9545 high
185.00 53.44 200.00 68.91 0.9544 high
200.00 42.19 195.00 71.72 0.9488 high
187.50 42.19 207.50 70.31 0.9487 high
197.50 42.19 195.00 71.72 0.9492 high
185.00 39.38 205.00 73.12 0.9474 high
200.00 37.97 195.00 74.53 0.9349 high
202.50 28.12 200.00 57.66 0.9296 high
265.00 74.53 27.50 19.69 0.9240 high
275.00 81.56 17.50 8.44 0.8864 high
279.28 82.57 7.23 5.17 0.0000 coast
281.33 85.39 1.00 1.00 0.0000 coast
187.50 25.31 205.00 77.34 0.9439 high
170.00 33.75 220.00 77.34 0.9399 high
180.00 37.97 195.00 77.34 0.9379 high
167.50 39.38 195.00 56.25 0.9419 high
147.50 46.41 197.50 75.94 0.9579 high
130.00 49.22 195.00 74.53 0.9522 high
122.50 43.59 200.00 78.75 0.9476 high
117.50 39.38 197.50 77.34 0.9475 high
137.50 35.16 180.00 73.12 0.9259 high
112.50 36.56 182.50 75.94 0.9367 high
107.50 29.53 177.50 81.56 0.9428 high
195.00 63.28 5.00 2.81 0.5882 high
182.50 61.88 20.00 9.84 0.7980 high
175.00 71.72 12.50 7.03 0.8343 high
-100 -100 -100 -100 0.0000 coast_none
167.50 61.88 27.50 23.91 0.9294 high
165.76 58.65 29.14 29.95 0.0000 coast
167.50 59.06 10.00 22.50 0.8414 high
164.88 54.78 17.10 32.14 0.0000 coast
163.46 51.80 16.94 37.04 0.0000 coast
130.00 54.84 190.00 78.75 0.9451 reinit
120.00 57.66 195.00 77.34 0.9445 high
152.50 56.25 197.50 77.34 0.9479 high
145.00 60.47 205.00 77.34 0.9456 high
155.00 70.31 202.50 75.94 0.9527 high
142.50 71.72 217.50 77.34 0.9538 high
167.50 84.38 202.50 75.94 0.9531 high
277.50 115.31 5.00 1.41 0.5686 high
190.00 63.28 195.00 75.94 0.9461 high
217.50 54.84 195.00 78.75 0.9363 high
215.00 40.78 202.50 81.56 0.9456 high
207.50 37.97 215.00 81.56 0.9385 high
207.50 45.00 200.00 80.16 0.9481 high
200.00 43.59 222.50 81.56 0.9524 high
207.50 52.03 197.50 80.16 0.9515 high
317.50 95.62 2.50 1.41 0.5686 high
197.50 49.22 207.50 77.34 0.9528 high
197.50 39.38 215.00 85.78 0.9436 high
202.50 36.56 202.50 85.78 0.9463 high
177.50 33.75 217.50 87.19 0.9567 high
160.00 33.75 222.50 87.19 0.9524 high
165.00 40.78 202.50 84.38 0.9514 high
255.00 80.16 7.50 1.41 0.6327 high
155.00 36.56 200.00 71.72 0.9584 high
132.50 26.72 225.00 88.59 0.9509 high
142.50 22.50 205.00 87.19 0.9561 high
122.50 19.69 235.00 91.41 0.9567 high
147.50 12.66 202.50 91.41 0.9492 high
232.50 56.25 27.50 14.06 0.9070 high
240.00 50.62 22.50 14.06 0.9143 high
240.00 50.62 22.50 14.06 0.9111 high
