930.00 558.98 236.25 143.44 0.9886 init
930.00 558.98 236.25 143.44 0.9871 high
926.25 561.09 236.25 139.22 0.9889 high
926.25 561.09 232.50 137.11 0.9865 high
922.50 563.20 232.50 135.00 0.9885 high
918.75 563.20 228.75 132.89 0.9862 high
915.00 561.09 225.00 132.89 0.9775 high
915.00 561.09 225.00 132.89 0.9799 high
907.50 563.20 228.75 130.78 0.9862 high
907.50 561.09 221.25 128.67 0.9855 high
903.75 558.98 217.50 128.67 0.9846 high
900.00 561.09 213.75 124.45 0.9829 high
896.25 558.98 213.75 122.34 0.9845 high
896.25 558.98 213.75 122.34 0.9852 high
892.50 558.98 210.00 122.34 0.9893 high
888.75 554.77 210.00 122.34 0.9869 high
885.00 552.66 210.00 120.23 0.9857 high
885.00 552.66 202.50 118.12 0.9830 high
877.50 550.55 206.25 116.02 0.9871 high
877.50 550.55 210.00 116.02 0.9871 high
877.50 550.55 191.25 113.91 0.9889 high
881.25 548.44 198.75 113.91 0.9854 high
885.00 546.33 195.00 113.91 0.9860 high
885.00 546.33 202.50 111.80 0.9866 high
896.25 544.22 195.00 111.80 0.9869 high
896.25 544.22 195.00 111.80 0.9874 high
903.75 542.11 191.25 111.80 0.9873 high
911.25 542.11 187.50 109.69 0.9866 high
915.00 540.00 187.50 109.69 0.9885 high
922.50 542.11 187.50 107.58 0.9870 high
930.00 540.00 183.75 107.58 0.9898 high
930.00 540.00 183.75 107.58 0.9897 high
937.50 542.11 183.75 103.36 0.9858 high
941.25 542.11 183.75 101.25 0.9839 high
945.00 544.22 180.00 99.14 0.9885 high
948.75 546.33 176.25 99.14 0.9857 high
948.75 550.55 176.25 97.03 0.9879 high
948.75 552.66 176.25 94.92 0.9890 high
948.75 556.88 176.25 94.92 0.9884 high
948.75 563.20 176.25 92.81 0.9863 high
945.00 563.20 176.25 92.81 0.9880 high
945.00 565.31 176.25 94.92 0.9879 high
945.00 569.53 176.25 94.92 0.9879 high
945.00 569.53 176.25 94.92 0.9872 high
941.25 575.86 176.25 92.81 0.9871 high
941.25 577.97 176.25 94.92 0.9891 high
941.25 582.19 172.50 94.92 0.9906 high
941.25 584.30 176.25 94.92 0.9873 high
941.25 584.30 176.25 94.92 0.9852 high
941.25 584.30 176.25 94.92 0.9851 high
937.50 584.30 180.00 94.92 0.9901 high
937.50 584.30 176.25 97.03 0.9839 high
937.50 582.19 176.25 97.03 0.9863 high
933.75 580.08 180.00 97.03 0.9861 high
937.50 580.08 176.25 97.03 0.9910 high
937.50 580.08 176.25 97.03 0.9911 high
937.50 577.97 176.25 94.92 0.9879 high
930.00 573.75 180.00 97.03 0.9884 high
930.00 569.53 176.25 97.03 0.9872 high
926.25 567.42 180.00 97.03 0.9871 high
922.50 563.20 183.75 99.14 0.9870 high
922.50 563.20 183.75 99.14 0.9866 high
922.50 558.98 180.00 101.25 0.9888 high
915.00 554.77 183.75 101.25 0.9882 high
907.50 548.44 183.75 103.36 0.9898 high
892.50 546.33 191.25 101.25 0.9869 high
877.50 537.89 195.00 103.36 0.9884 high
877.50 537.89 195.00 103.36 0.9887 high
870.00 533.67 180.00 103.36 0.9882 high
855.00 527.34 183.75 107.58 0.9870 high
840.00 523.12 187.50 107.58 0.9884 high
825.00 516.80 187.50 109.69 0.9897 high
810.00 508.36 202.50 113.91 0.9853 high
810.00 508.36 206.25 113.91 0.9851 high
798.75 502.03 206.25 116.02 0.9829 high
787.50 495.70 198.75 116.02 0.9869 high
776.25 487.27 213.75 120.23 0.9820 high
765.00 478.83 210.00 120.23 0.9851 high
742.50 485.16 240.00 122.34 0.9832 high
742.50 485.16 240.00 122.34 0.9835 high
753.75 504.14 210.00 124.45 0.9899 high
735.00 514.69 228.75 126.56 0.9853 high
723.75 518.91 240.00 130.78 0.9869 high
720.00 516.80 225.00 135.00 0.9843 high
723.75 514.69 232.50 135.00 0.9884 high
723.75 514.69 232.50 135.00 0.9890 high
731.25 527.34 243.75 137.11 0.9870 high
742.50 531.56 228.75 141.33 0.9871 high
742.50 533.67 270.00 143.44 0.9833 high
761.25 580.08 288.75 147.66 0.9847 high
750.14 567.49 284.84 148.70 0.0000 coast
748.58 571.83 290.56 150.75 0.0000 coast
787.50 683.44 262.50 143.44 0.9802 reinit
798.75 685.55 255.00 149.77 0.9870 high
795.00 689.77 288.75 153.98 0.9846 high
817.50 696.09 285.00 153.98 0.9863 high
828.75 700.31 273.75 153.98 0.9802 high
828.75 700.31 273.75 153.98 0.9791 high
851.25 702.42 281.25 153.98 0.9821 high
866.25 704.53 266.25 156.09 0.9786 high
862.50 708.75 288.75 153.98 0.9804 high
881.25 708.75 281.25 151.88 0.9847 high
903.75 706.64 255.00 149.77 0.9855 high
903.75 706.64 255.00 149.77 0.9862 high
911.25 706.64 281.25 147.66 0.9815 high
915.00 702.42 285.00 145.55 0.9866 high
911.25 700.31 292.50 145.55 0.9819 high
922.50 696.09 288.75 145.55 0.9810 high
945.00 691.88 281.25 143.44 0.9871 high
945.00 691.88 281.25 143.44 0.9869 high
948.75 691.88 273.75 141.33 0.9831 high
963.75 693.98 262.50 139.22 0.9871 high
982.50 696.09 255.00 139.22 0.9839 high
982.50 693.98 266.25 137.11 0.9819 high
997.50 691.88 266.25 137.11 0.9833 high
997.50 691.88 266.25 137.11 0.9840 high
997.50 691.88 270.00 135.00 0.9830 high
1008.75 693.98 270.00 132.89 0.9867 high
1012.50 696.09 270.00 132.89 0.9820 high
1012.50 696.09 262.50 132.89 0.9828 high
1020.00 696.09 273.75 132.89 0.9858 high
1020.00 696.09 273.75 132.89 0.9860 high
1023.75 700.31 273.75 132.89 0.9848 high
1027.50 702.42 270.00 130.78 0.9859 high
1046.25 700.31 258.75 128.67 0.9849 high
1061.25 700.31 262.50 128.67 0.9840 high
1061.25 704.53 262.50 126.56 0.9813 high
1061.25 704.53 262.50 126.56 0.9818 high
1080.00 704.53 243.75 126.56 0.9842 high
1087.50 698.20 251.25 128.67 0.9874 high
1091.25 689.77 240.00 124.45 0.9869 high
1091.25 649.69 240.00 120.23 0.9864 high
1095.00 601.17 232.50 120.23 0.9874 high
1095.00 601.17 232.50 120.23 0.9874 high
1091.25 548.44 247.50 120.23 0.9834 high
1087.50 493.59 243.75 118.12 0.9870 high
1098.75 453.52 225.00 120.23 0.9878 high
1083.75 430.31 206.25 118.12 0.9854 high
1053.75 419.77 232.50 105.47 0.9852 high
1053.75 419.77 232.50 105.47 0.9857 high
1166.25 449.30 33.75 27.42 0.9396 high
1132.50 436.64 18.75 12.66 0.8621 high
-100 -100 -100 -100 0.0000 coast_none
-100 -100 -100 -100 0.0000 coast_none
180.00 845.86 18.75 10.55 0.9873 reinit
180.00 845.86 18.75 10.55 0.9862 high
-100 -100 -100 -100 0.0000 coast_none
-100 -100 -100 -100 0.0000 coast_none
903.75 417.66 22.50 10.55 0.9895 reinit
-100 -100 -100 -100 0.0000 coast_none
-100 -100 -100 -100 0.0000 coast_none
660.00 461.95 37.50 44.30 0.9722 reinit
660.00 461.95 37.50 44.30 0.0000 coast
-100 -100 -100 -100 0.0000 coast_none
727.50 525.23 30.00 25.31 0.9824 reinit
720.00 535.78 33.75 23.20 0.9884 high
719.44 536.57 34.03 23.05 0.0000 coast
717.89 538.74 34.80 22.61 0.0000 coast
607.50 580.08 41.25 33.75 0.9766 reinit
607.50 580.08 41.25 33.75 0.0000 coast
-100 -100 -100 -100 0.0000 coast_none
708.75 584.30 30.00 33.75 0.9696 reinit
-100 -100 -100 -100 0.0000 coast_none
-100 -100 -100 -100 0.0000 coast_none
768.75 577.97 37.50 21.09 0.9811 reinit
768.75 577.97 37.50 21.09 0.0000 coast
-100 -100 -100 -100 0.0000 coast_none
-100 -100 -100 -100 0.0000 coast_none
-100 -100 -100 -100 0.0000 coast_none
-100 -100 -100 -100 0.0000 coast_none
-100 -100 -100 -100 0.0000 coast_none
611.25 890.16 11.25 12.66 0.9888 reinit
-100 -100 -100 -100 0.0000 coast_none
-100 -100 -100 -100 0.0000 coast_none
-100 -100 -100 -100 0.0000 coast_none
180.00 755.16 26.25 25.31 0.9878 reinit
180.00 755.16 26.25 27.42 0.9824 high
180.00 755.16 26.25 27.58 0.0000 coast
-100 -100 -100 -100 0.0000 coast_none
-100 -100 -100 -100 0.0000 coast_none
123.75 689.77 22.50 37.97 0.9825 reinit
123.75 689.77 22.50 37.97 0.0000 coast
108.75 696.09 18.75 21.09 0.9696 high
106.33 697.11 18.14 18.37 0.0000 coast
-100 -100 -100 -100 0.0000 coast_none
-100 -100 -100 -100 0.0000 coast_none
-100 -100 -100 -100 0.0000 coast_none
423.75 731.95 22.50 25.31 0.9795 reinit
423.75 731.95 22.50 25.31 0.9742 high
-100 -100 -100 -100 0.0000 coast_none
-100 -100 -100 -100 0.0000 coast_none
-100 -100 -100 -100 0.0000 coast_none
397.50 742.50 18.75 25.31 0.9733 reinit
397.50 742.50 18.75 25.31 0.0000 coast
397.50 755.16 18.75 27.42 0.9585 high
-100 -100 -100 -100 0.0000 coast_none
-100 -100 -100 -100 0.0000 coast_none
690.00 871.17 15.00 10.55 0.9487 reinit
-100 -100 -100 -100 0.0000 coast_none
-100 -100 -100 -100 0.0000 coast_none
453.75 784.69 22.50 25.31 0.9698 reinit
-100 -100 -100 -100 0.0000 coast_none
453.75 784.69 22.50 25.31 0.0000 coast
90.00 696.09 11.25 12.66 0.9101 reinit
-100 -100 -100 -100 0.0000 coast_none
90.00 696.09 11.25 12.66 0.0000 coast
101.25 687.66 15.00 14.77 0.9442 reinit
101.25 687.66 15.00 14.77 0.0000 coast
-100 -100 -100 -100 0.0000 coast_none
491.25 746.72 11.25 16.88 0.9755 reinit
491.25 746.72 11.25 16.88 0.0000 coast
-100 -100 -100 -100 0.0000 coast_none
-100 -100 -100 -100 0.0000 coast_none
-100 -100 -100 -100 0.0000 coast_none
1432.50 995.62 22.50 21.09 0.9583 reinit
-100 -100 -100 -100 0.0000 coast_none
1432.50 995.62 22.50 21.09 0.0000 coast
603.75 1006.17 18.75 10.55 0.9239 reinit
607.50 1006.17 15.00 8.44 0.9828 high
-100 -100 -100 -100 0.0000 coast_none
-100 -100 -100 -100 0.0000 coast_none
1387.50 963.98 26.25 23.20 0.9780 reinit
-100 -100 -100 -100 0.0000 coast_none
-100 -100 -100 -100 0.0000 coast_none
566.25 982.97 22.50 12.66 0.9656 reinit
-100 -100 -100 -100 0.0000 coast_none
-100 -100 -100 -100 0.0000 coast_none
1365.00 949.22 22.50 16.88 0.9804 reinit
1361.25 945.00 26.25 23.20 0.9685 high
1357.50 945.00 26.25 23.20 0.9763 high
1357.50 945.00 26.25 23.20 0.9760 high
1361.25 942.89 18.75 14.77 0.9731 high
1365.00 945.00 18.75 10.55 0.9781 high
-100 -100 -100 -100 0.0000 coast_none
1361.25 934.45 26.25 18.98 0.9870 high
1361.60 933.54 25.63 17.65 0.0000 coast
1361.51 931.49 26.19 17.68 0.0000 coast
1387.50 928.12 30.00 27.42 0.9805 reinit
1387.50 928.12 30.00 27.42 0.0000 coast
1387.50 928.12 30.00 27.42 0.0000 coast
570.00 942.89 30.00 23.20 0.9838 reinit
570.00 942.89 30.00 23.20 0.0000 coast
570.00 942.89 30.00 23.20 0.0000 coast
1458.75 894.38 33.75 29.53 0.9878 reinit
-100 -100 -100 -100 0.0000 coast_none
-100 -100 -100 -100 0.0000 coast_none
900.00 936.56 11.25 6.33 0.9804 reinit
-100 -100 -100 -100 0.0000 coast_none
-100 -100 -100 -100 0.0000 coast_none
123.75 485.16 18.75 29.53 0.9785 reinit
123.75 485.16 18.75 29.53 0.0000 coast
-100 -100 -100 -100 0.0000 coast_none
757.50 900.70 30.00 16.88 0.9814 reinit
768.75 900.70 26.25 18.98 0.9874 high
768.75 900.70 26.25 21.09 0.9637 high
770.93 900.70 25.52 21.87 0.0000 coast
-100 -100 -100 -100 0.0000 coast_none
-100 -100 -100 -100 0.0000 coast_none
258.75 512.58 11.25 10.55 0.9661 reinit
-100 -100 -100 -100 0.0000 coast_none
-100 -100 -100 -100 0.0000 coast_none
300.00 529.45 22.50 16.88 0.9648 reinit
300.00 529.45 22.50 16.88 0.0000 coast
-100 -100 -100 -100 0.0000 coast_none
1841.25 926.02 30.00 23.20 0.9754 reinit
-100 -100 -100 -100 0.0000 coast_none
-100 -100 -100 -100 0.0000 coast_none
457.50 573.75 7.50 6.33 0.9908 reinit
-100 -100 -100 -100 0.0000 coast_none
-100 -100 -100 -100 0.0000 coast_none
262.50 980.86 26.25 12.66 0.9719 reinit
262.50 980.86 26.25 12.66 0.0000 coast
262.50 980.86 26.25 12.66 0.0000 coast
881.25 588.52 18.75 10.55 0.9861 reinit
881.25 586.41 11.25 6.33 0.9131 high
-100 -100 -100 -100 0.0000 coast_none
-100 -100 -100 -100 0.0000 coast_none
937.50 596.95 37.50 35.86 0.9812 reinit
937.50 596.95 37.50 35.86 0.9898 high
937.50 596.95 37.50 35.86 0.0000 coast
937.50 596.95 37.50 35.86 0.0000 coast
817.50 556.88 18.75 8.44 0.9843 reinit
-100 -100 -100 -100 0.0000 coast_none
-100 -100 -100 -100 0.0000 coast_none
303.75 852.19 37.50 16.88 0.9844 reinit
-100 -100 -100 -100 0.0000 coast_none
-100 -100 -100 -100 0.0000 coast_none
870.00 546.33 26.25 33.75 0.9806 reinit
870.00 546.33 26.25 33.75 0.0000 coast
870.00 546.33 26.25 33.75 0.0000 coast
708.75 531.56 180.00 71.72 0.9821 reinit
712.50 529.45 176.25 71.72 0.9884 high
720.00 531.56 176.25 73.83 0.9848 high
738.75 533.67 183.75 73.83 0.9866 high
761.25 537.89 168.75 73.83 0.9887 high
772.50 546.33 180.00 71.72 0.9883 high
772.50 546.33 180.00 71.72 0.9893 high
806.25 552.66 172.50 71.72 0.9823 high
828.75 556.88 176.25 71.72 0.9892 high
858.75 556.88 168.75 69.61 0.9901 high
892.50 569.53 172.50 69.61 0.9881 high
918.75 567.42 168.75 71.72 0.9863 high
918.75 567.42 168.75 71.72 0.9863 high
941.25 571.64 176.25 69.61 0.9844 high
956.25 569.53 172.50 69.61 0.9825 high
971.25 575.86 168.75 69.61 0.9855 high
990.00 575.86 172.50 69.61 0.9860 high
1005.00 573.75 172.50 71.72 0.9850 high
1005.00 573.75 172.50 71.72 0.9865 high
1016.25 573.75 168.75 69.61 0.9880 high
1016.25 575.86 168.75 69.61 0.9874 high
1020.00 575.86 172.50 67.50 0.9890 high
1016.25 573.75 165.00 71.72 0.9863 high
1012.50 575.86 165.00 69.61 0.9849 high
1012.50 575.86 165.00 69.61 0.9848 high
1008.75 575.86 172.50 69.61 0.9901 high
1001.25 573.75 172.50 67.50 0.9902 high
997.50 573.75 168.75 67.50 0.9873 high
990.00 573.75 168.75 67.50 0.9902 high
982.50 573.75 165.00 67.50 0.9869 high
971.25 575.86 165.00 69.61 0.9854 high
971.25 575.86 165.00 69.61 0.9851 high
963.75 584.30 161.25 69.61 0.9883 high
952.50 594.84 165.00 67.50 0.9910 high
941.25 607.50 168.75 69.61 0.9893 high
933.75 622.27 165.00 67.50 0.9887 high
922.50 626.48 161.25 67.50 0.9908 high
922.50 624.38 161.25 69.61 0.9907 high
911.25 624.38 161.25 67.50 0.9889 high
903.75 624.38 165.00 67.50 0.9908 high
896.25 624.38 161.25 67.50 0.9878 high
888.75 624.38 161.25 67.50 0.9908 high
881.25 624.38 161.25 67.50 0.9885 high
881.25 624.38 161.25 67.50 0.9902 high
877.50 624.38 161.25 67.50 0.9912 high
870.00 626.48 161.25 65.39 0.9891 high
862.50 624.38 161.25 67.50 0.9869 high
858.75 622.27 161.25 65.39 0.9938 high
855.00 620.16 157.50 65.39 0.9951 high
855.00 620.16 157.50 65.39 0.9951 high
851.25 615.94 153.75 65.39 0.9929 high
847.50 613.83 161.25 65.39 0.9904 high
840.00 611.72 157.50 63.28 0.9892 high
836.25 605.39 161.25 65.39 0.9900 high
836.25 603.28 157.50 65.39 0.9900 high
836.25 603.28 157.50 65.39 0.9880 high
836.25 601.17 157.50 65.39 0.9882 high
832.50 603.28 157.50 63.28 0.9909 high
832.50 601.17 153.75 65.39 0.9914 high
828.75 601.17 157.50 65.39 0.9892 high
828.75 601.17 157.50 65.39 0.9850 high
828.75 601.17 157.50 65.39 0.9846 high
828.75 599.06 153.75 65.39 0.9913 high
828.75 599.06 153.75 65.39 0.9881 high
828.75 599.06 157.50 65.39 0.9869 high
828.75 599.06 153.75 65.39 0.9894 high
832.50 599.06 161.25 65.39 0.9888 high
832.50 599.06 161.25 65.39 0.9869 high
787.50 599.06 202.50 101.25 0.9760 high
798.47 598.33 191.47 91.42 0.0000 coast
727.50 542.11 262.50 200.39 0.9695 high
757.50 546.33 240.00 194.06 0.9745 high
783.75 537.89 210.00 219.38 0.9802 high
783.75 537.89 210.00 219.38 0.9801 high
813.75 544.22 187.50 236.25 0.9727 high
840.00 548.44 165.00 221.48 0.9698 high
851.25 554.77 172.50 229.92 0.9764 high
851.25 558.98 213.75 276.33 0.9606 high
851.25 565.31 191.25 255.23 0.9762 high
851.25 565.31 191.25 253.12 0.9751 high
855.00 569.53 213.75 215.16 0.9722 high
855.00 573.75 273.75 263.67 0.9716 high
990.00 582.19 127.50 236.25 0.9563 high
1020.00 588.52 120.00 168.75 0.9634 high
1038.75 605.39 123.75 202.50 0.9431 high
1038.75 605.39 123.75 202.50 0.9430 high
1083.75 613.83 101.25 105.47 0.9177 high
1117.50 687.66 48.75 12.66 0.7299 high
-100 -100 -100 -100 0.0000 coast_none
1157.23 694.02 31.14 1.00 0.0000 coast
1196.25 668.67 15.00 23.20 0.8143 high
1222.03 676.45 1.00 3.81 0.0000 coast
1241.25 649.69 11.25 35.86 0.9479 high
1260.00 637.03 18.75 46.41 0.9239 high
1288.47 636.52 3.27 37.19 0.0000 coast
-100 -100 -100 -100 0.0000 coast_none
858.75 641.25 150.00 59.06 0.9907 reinit
858.75 641.25 150.00 59.06 0.9915 high
858.75 645.47 146.25 59.06 0.9891 high
870.00 647.58 150.00 59.06 0.9925 high
881.25 649.69 146.25 59.06 0.9882 high
888.75 653.91 150.00 59.06 0.9874 high
896.25 660.23 142.50 59.06 0.9870 high
896.25 660.23 142.50 59.06 0.9869 high
896.25 664.45 146.25 59.06 0.9896 high
900.00 668.67 142.50 56.95 0.9916 high
903.75 670.78 150.00 59.06 0.9904 high
911.25 675.00 138.75 59.06 0.9859 high
911.25 681.33 150.00 59.06 0.9858 high
911.25 681.33 150.00 59.06 0.9853 high
911.25 687.66 146.25 56.95 0.9856 high
915.00 691.88 138.75 56.95 0.9886 high
911.25 691.88 146.25 56.95 0.9875 high
911.25 693.98 142.50 56.95 0.9845 high
907.50 693.98 146.25 54.84 0.9882 high
907.50 693.98 146.25 54.84 0.9883 high
907.50 693.98 142.50 54.84 0.9894 high
903.75 693.98 150.00 54.84 0.9873 high
903.75 696.09 138.75 54.84 0.9891 high
900.00 696.09 142.50 56.95 0.9871 high
896.25 696.09 142.50 56.95 0.9876 high
896.25 696.09 142.50 56.95 0.9891 high
896.25 698.20 138.75 54.84 0.9854 high
896.25 702.42 142.50 54.84 0.9893 high
892.50 706.64 142.50 54.84 0.9877 high
892.50 708.75 142.50 54.84 0.9875 high
888.75 710.86 146.25 54.84 0.9867 high
888.75 710.86 146.25 54.84 0.9867 high
888.75 710.86 138.75 54.84 0.9857 high
892.50 710.86 142.50 54.84 0.9859 high
896.25 712.97 138.75 54.84 0.9899 high
896.25 712.97 142.50 54.84 0.9863 high
896.25 712.97 142.50 54.84 0.9852 high
896.25 712.97 142.50 54.84 0.9853 high
900.00 712.97 142.50 52.73 0.9845 high
903.75 706.64 138.75 52.73 0.9890 high
907.50 696.09 138.75 54.84 0.9858 high
911.25 683.44 138.75 52.73 0.9878 high
922.50 664.45 127.50 52.73 0.9814 high
922.50 664.45 127.50 52.73 0.9815 high
926.25 660.23 131.25 40.08 0.9901 high
933.75 639.14 131.25 52.73 0.9821 high
937.50 624.38 131.25 50.62 0.9880 high
945.00 605.39 135.00 52.73 0.9813 high
952.50 596.95 138.75 52.73 0.9832 high
952.50 596.95 138.75 52.73 0.9833 high
960.00 592.73 138.75 52.73 0.9846 high
960.00 592.73 135.00 54.84 0.9866 high
963.75 588.52 135.00 50.62 0.9837 high
967.50 586.41 135.00 52.73 0.9880 high
967.50 584.30 135.00 50.62 0.9917 high
967.50 584.30 135.00 50.62 0.9892 high
967.50 584.30 135.00 52.73 0.9873 high
967.50 586.41 131.25 52.73 0.9882 high
960.00 590.62 138.75 52.73 0.9875 high
948.75 592.73 135.00 52.73 0.9903 high
937.50 596.95 135.00 50.62 0.9891 high
937.50 596.95 135.00 50.62 0.9892 high
926.25 599.06 138.75 50.62 0.9877 high
911.25 601.17 138.75 50.62 0.9875 high
900.00 601.17 138.75 50.62 0.9895 high
888.75 601.17 131.25 50.62 0.9898 high
877.50 601.17 131.25 50.62 0.9872 high
877.50 601.17 131.25 50.62 0.9872 high
866.25 599.06 135.00 50.62 0.9875 high
862.50 596.95 135.00 50.62 0.9887 high
858.75 592.73 131.25 50.62 0.9899 high
855.00 586.41 135.00 52.73 0.9843 high
851.25 575.86 138.75 50.62 0.9828 high
851.25 575.86 138.75 50.62 0.9825 high
851.25 561.09 131.25 50.62 0.9922 high
847.50 548.44 131.25 48.52 0.9867 high
843.75 542.11 135.00 50.62 0.9870 high
843.75 535.78 131.25 50.62 0.9905 high
836.25 533.67 135.00 52.73 0.9872 high
836.25 533.67 135.00 52.73 0.9879 high
836.25 535.78 138.75 52.73 0.9884 high
828.75 535.78 135.00 52.73 0.9875 high
821.25 535.78 131.25 50.62 0.9866 high
817.50 531.56 135.00 50.62 0.9874 high
813.75 527.34 135.00 50.62 0.9854 high
813.75 527.34 135.00 50.62 0.9876 high
813.75 523.12 131.25 48.52 0.9844 high
810.00 516.80 131.25 50.62 0.9858 high
810.00 512.58 135.00 50.62 0.9828 high
810.00 508.36 138.75 50.62 0.9833 high
810.00 504.14 131.25 50.62 0.9812 high
810.00 489.38 127.50 50.62 0.9832 high
810.00 489.38 127.50 50.62 0.9834 high
813.75 474.61 131.25 50.62 0.9865 high
813.75 466.17 135.00 50.62 0.9893 high
817.50 451.41 127.50 50.62 0.9823 high
817.50 436.64 131.25 50.62 0.9874 high
828.75 423.98 127.50 48.52 0.9856 high
828.75 423.98 127.50 48.52 0.9857 high
836.25 415.55 120.00 48.52 0.9866 high
836.25 411.33 123.75 48.52 0.9863 high
840.00 402.89 123.75 48.52 0.9857 high
843.75 398.67 120.00 46.41 0.9868 high
847.50 392.34 120.00 48.52 0.9834 high
847.50 392.34 120.00 48.52 0.9840 high
851.25 392.34 120.00 44.30 0.9855 high
855.00 386.02 112.50 46.41 0.9793 high
858.75 381.80 116.25 46.41 0.9877 high
858.75 377.58 116.25 46.41 0.9875 high
862.50 377.58 112.50 44.30 0.9910 high
862.50 377.58 112.50 44.30 0.9910 high
862.50 375.47 120.00 44.30 0.9871 high
870.00 373.36 108.75 44.30 0.9867 high
873.75 371.25 108.75 42.19 0.9889 high
877.50 367.03 108.75 44.30 0.9893 high
877.50 362.81 105.00 42.19 0.9883 high
877.50 362.81 105.00 44.30 0.9867 high
881.25 356.48 108.75 44.30 0.9870 high
885.00 352.27 108.75 44.30 0.9958 high
888.75 350.16 108.75 42.19 0.9897 high
892.50 341.72 105.00 42.19 0.9859 high
896.25 335.39 108.75 42.19 0.9840 high
896.25 335.39 108.75 42.19 0.9836 high
900.00 326.95 105.00 42.19 0.9909 high
903.75 316.41 105.00 42.19 0.9912 high
911.25 307.97 108.75 42.19 0.9899 high
915.00 301.64 105.00 42.19 0.9900 high
922.50 295.31 105.00 40.08 0.9901 high
922.50 295.31 105.00 40.08 0.9906 high
930.00 288.98 97.50 40.08 0.9923 high
937.50 282.66 101.25 40.08 0.9897 high
941.25 278.44 97.50 40.08 0.9906 high
945.00 270.00 105.00 40.08 0.9878 high
952.50 263.67 101.25 37.97 0.9905 high
952.50 263.67 101.25 37.97 0.9907 high
960.00 253.12 101.25 40.08 0.9903 high
963.75 246.80 97.50 37.97 0.9930 high
971.25 244.69 101.25 37.97 0.9924 high
978.75 240.47 93.75 37.97 0.9913 high
982.50 234.14 101.25 40.08 0.9881 high
982.50 234.14 101.25 40.08 0.9881 high
986.25 225.70 97.50 40.08 0.9867 high
993.75 217.27 97.50 42.19 0.9962 high
1001.25 208.83 97.50 42.19 0.9918 high
1005.00 200.39 93.75 42.19 0.9889 high
1008.75 191.95 93.75 40.08 0.9922 high
1008.75 191.95 93.75 40.08 0.9924 high
1012.50 181.41 97.50 40.08 0.9889 high
1020.00 172.97 97.50 37.97 0.9940 high
1023.75 162.42 93.75 35.86 0.9956 high
1023.75 145.55 90.00 37.97 0.9927 high
1027.50 128.67 93.75 37.97 0.9916 high
1027.50 128.67 93.75 37.97 0.9898 high
1035.00 120.23 93.75 37.97 0.9931 high
1031.25 113.91 90.00 37.97 0.9870 high
1031.25 105.47 93.75 37.97 0.9924 high
1031.25 101.25 93.75 37.97 0.9897 high
1027.50 97.03 90.00 37.97 0.9919 high
1027.50 97.03 90.00 37.97 0.9920 high
1023.75 92.81 90.00 37.97 0.9918 high
1027.50 92.81 90.00 35.86 0.9899 high
1023.75 94.92 90.00 35.86 0.9918 high
1023.75 99.14 90.00 35.86 0.9927 high
1027.50 107.58 93.75 37.97 0.9822 high
1027.50 107.58 93.75 37.97 0.9840 high
1031.25 122.34 90.00 35.86 0.9895 high
1031.25 132.89 93.75 35.86 0.9874 high
1035.00 145.55 90.00 35.86 0.9847 high
1031.25 153.98 90.00 35.86 0.9893 high
1027.50 162.42 90.00 35.86 0.9930 high
1027.50 162.42 90.00 35.86 0.9951 high
1020.00 162.42 86.25 35.86 0.9941 high
1020.00 160.31 86.25 37.97 0.9898 high
1012.50 160.31 90.00 37.97 0.9909 high
1005.00 160.31 86.25 35.86 0.9858 high
993.75 158.20 90.00 35.86 0.9858 high
993.75 158.20 90.00 35.86 0.9858 high
986.25 156.09 90.00 35.86 0.9908 high
978.75 151.88 86.25 37.97 0.9932 high
967.50 149.77 86.25 37.97 0.9825 high
960.00 147.66 82.50 37.97 0.9887 high
948.75 145.55 82.50 37.97 0.9959 high
948.75 145.55 82.50 37.97 0.9943 high
930.00 145.55 86.25 35.86 0.9890 high
922.50 143.44 86.25 35.86 0.9910 high
915.00 141.33 82.50 35.86 0.9927 high
907.50 137.11 82.50 35.86 0.9893 high
903.75 135.00 82.50 37.97 0.9904 high
903.75 135.00 82.50 37.97 0.9924 high
896.25 132.89 82.50 37.97 0.9871 high
892.50 132.89 86.25 37.97 0.9848 high
888.75 132.89 82.50 35.86 0.9918 high
881.25 130.78 82.50 37.97 0.9903 high
877.50 130.78 78.75 35.86 0.9912 high
877.50 130.78 78.75 35.86 0.9913 high
873.75 130.78 78.75 35.86 0.9923 high
866.25 130.78 82.50 35.86 0.9913 high
858.75 130.78 82.50 35.86 0.9930 high
858.75 128.67 75.00 37.97 0.9883 high
847.50 130.78 82.50 35.86 0.9840 high
847.50 130.78 82.50 35.86 0.9875 high
843.75 128.67 78.75 35.86 0.9892 high
836.25 128.67 78.75 37.97 0.9885 high
828.75 128.67 75.00 35.86 0.9943 high
821.25 126.56 75.00 37.97 0.9863 high
813.75 126.56 78.75 37.97 0.9918 high
813.75 126.56 75.00 37.97 0.9922 high
806.25 126.56 75.00 37.97 0.9869 high
798.75 126.56 75.00 37.97 0.9890 high
791.25 124.45 75.00 37.97 0.9870 high
787.50 124.45 75.00 37.97 0.9854 high
780.00 124.45 75.00 37.97 0.9935 high
780.00 124.45 75.00 37.97 0.9914 high
772.50 124.45 75.00 35.86 0.9851 high
765.00 120.23 75.00 37.97 0.9883 high
757.50 120.23 71.25 35.86 0.9885 high
753.75 116.02 71.25 37.97 0.9906 high
746.25 116.02 75.00 35.86 0.9883 high
746.25 116.02 75.00 35.86 0.9866 high
742.50 113.91 75.00 35.86 0.9931 high
738.75 111.80 67.50 35.86 0.9958 high
731.25 109.69 71.25 35.86 0.9913 high
723.75 107.58 75.00 37.97 0.9815 high
716.25 107.58 75.00 37.97 0.9891 high
716.25 107.58 75.00 37.97 0.9911 high
712.50 107.58 71.25 37.97 0.9960 high
701.25 109.69 78.75 37.97 0.9860 high
693.75 109.69 78.75 37.97 0.9934 high
686.25 111.80 78.75 35.86 0.9921 high
678.75 109.69 78.75 35.86 0.9886 high
678.75 109.69 78.75 35.86 0.9883 high
675.00 107.58 75.00 37.97 0.9937 high
667.50 107.58 78.75 35.86 0.9898 high
660.00 105.47 78.75 37.97 0.9951 high
652.50 103.36 78.75 37.97 0.9940 high
645.00 101.25 78.75 37.97 0.9935 high
645.00 101.25 78.75 37.97 0.9906 high
641.25 99.14 78.75 37.97 0.9913 high
633.75 97.03 78.75 37.97 0.9869 high
622.50 94.92 82.50 37.97 0.9918 high
618.75 94.92 82.50 35.86 0.9920 high
611.25 92.81 82.50 37.97 0.9894 high
611.25 92.81 82.50 37.97 0.9906 high
603.75 90.70 82.50 37.97 0.9890 high
592.50 90.70 90.00 37.97 0.9869 high
588.75 90.70 86.25 37.97 0.9944 high
581.25 88.59 86.25 37.97 0.9946 high
577.50 90.70 86.25 37.97 0.9922 high
577.50 90.70 86.25 37.97 0.9923 high
566.25 90.70 90.00 37.97 0.9869 high
562.50 92.81 86.25 37.97 0.9911 high
555.00 92.81 86.25 40.08 0.9882 high
547.50 97.03 90.00 35.86 0.9872 high
543.75 97.03 86.25 37.97 0.9834 high
532.50 99.14 90.00 37.97 0.9913 high
532.50 99.14 90.00 37.97 0.9914 high
525.00 101.25 90.00 37.97 0.9895 high
517.50 103.36 86.25 37.97 0.9904 high
506.25 105.47 90.00 40.08 0.9929 high
498.75 109.69 90.00 37.97 0.9926 high
491.25 111.80 90.00 37.97 0.9888 high
491.25 111.80 90.00 37.97 0.9933 high
480.00 113.91 90.00 40.08 0.9874 high
472.50 116.02 90.00 40.08 0.9897 high
465.00 120.23 90.00 37.97 0.9878 high
457.50 124.45 90.00 37.97 0.9881 high
446.25 126.56 90.00 37.97 0.9897 high
446.25 126.56 90.00 37.97 0.9856 high
438.75 126.56 90.00 40.08 0.9951 high
431.25 128.67 90.00 40.08 0.9863 high
420.00 132.89 90.00 37.97 0.9885 high
412.50 132.89 90.00 40.08 0.9926 high
401.25 137.11 93.75 37.97 0.9853 high
401.25 137.11 93.75 37.97 0.9871 high
397.50 139.22 90.00 37.97 0.9889 high
390.00 139.22 90.00 40.08 0.9861 high
382.50 141.33 90.00 40.08 0.9902 high
375.00 145.55 90.00 37.97 0.9929 high
371.25 147.66 90.00 40.08 0.9905 high
371.25 147.66 90.00 40.08 0.9905 high
363.75 151.88 90.00 37.97 0.9953 high
356.25 153.98 90.00 37.97 0.9905 high
348.75 156.09 93.75 37.97 0.9861 high
345.00 158.20 90.00 35.86 0.9882 high
341.25 158.20 86.25 40.08 0.9890 high
341.25 158.20 86.25 40.08 0.9911 high
333.75 160.31 90.00 40.08 0.9828 high
326.25 162.42 93.75 37.97 0.9891 high
322.50 162.42 90.00 37.97 0.9832 high
315.00 164.53 93.75 37.97 0.9818 high
311.25 164.53 90.00 40.08 0.9905 high
311.25 164.53 90.00 40.08 0.9899 high
303.75 166.64 93.75 37.97 0.9784 high
303.75 166.64 90.00 40.08 0.9881 high
300.00 170.86 90.00 37.97 0.9852 high
296.25 172.97 90.00 37.97 0.9905 high
288.75 175.08 90.00 37.97 0.9889 high
288.75 175.08 90.00 37.97 0.9888 high
288.75 175.08 86.25 40.08 0.9898 high
281.25 175.08 90.00 40.08 0.9880 high
277.50 175.08 90.00 40.08 0.9900 high
273.75 177.19 90.00 37.97 0.9910 high
266.25 177.19 90.00 40.08 0.9909 high
266.25 177.19 90.00 40.08 0.9921 high
262.50 179.30 90.00 37.97 0.9919 high
258.75 179.30 90.00 37.97 0.9908 high
258.75 177.19 86.25 37.97 0.9941 high
255.00 177.19 86.25 37.97 0.9925 high
247.50 175.08 90.00 40.08 0.9868 high
247.50 175.08 90.00 40.08 0.9865 high
247.50 175.08 86.25 37.97 0.9879 high
243.75 172.97 86.25 40.08 0.9915 high
243.75 175.08 86.25 37.97 0.9906 high
240.00 175.08 86.25 37.97 0.9864 high
236.25 172.97 86.25 37.97 0.9886 high
236.25 172.97 86.25 37.97 0.9857 high
236.25 172.97 86.25 40.08 0.9896 high
236.25 172.97 86.25 40.08 0.9903 high
236.25 172.97 82.50 40.08 0.9863 high
236.25 172.97 82.50 37.97 0.9866 high
236.25 172.97 82.50 37.97 0.9976 high
236.25 172.97 82.50 37.97 0.9976 high
236.25 172.97 82.50 37.97 0.9906 high
236.25 172.97 82.50 40.08 0.9899 high
236.25 175.08 82.50 37.97 0.9947 high
236.25 175.08 78.75 40.08 0.9903 high
236.25 175.08 78.75 40.08 0.9932 high
236.25 175.08 78.75 40.08 0.9941 high
232.50 179.30 82.50 37.97 0.9871 high
236.25 181.41 78.75 40.08 0.9931 high
232.50 183.52 78.75 40.08 0.9885 high
232.50 189.84 75.00 37.97 0.9885 high
228.75 194.06 75.00 40.08 0.9897 high
228.75 194.06 75.00 40.08 0.9875 high
225.00 196.17 75.00 40.08 0.9913 high
221.25 198.28 75.00 40.08 0.9943 high
217.50 200.39 75.00 37.97 0.9890 high
217.50 200.39 71.25 37.97 0.9870 high
213.75 202.50 71.25 40.08 0.9959 high
213.75 202.50 71.25 40.08 0.9958 high
210.00 202.50 71.25 40.08 0.9890 high
206.25 200.39 71.25 40.08 0.9904 high
202.50 198.28 71.25 40.08 0.9942 high
202.50 198.28 67.50 37.97 0.9871 high
198.75 196.17 67.50 40.08 0.9914 high
198.75 196.17 67.50 40.08 0.9935 high
195.00 196.17 71.25 40.08 0.9963 high
191.25 198.28 67.50 37.97 0.9925 high
187.50 198.28 71.25 37.97 0.9895 high
183.75 198.28 71.25 37.97 0.9895 high
180.00 198.28 71.25 40.08 0.9939 high
180.00 198.28 71.25 40.08 0.9932 high
176.25 200.39 71.25 40.08 0.9817 high
172.50 204.61 75.00 37.97 0.9918 high
172.50 204.61 71.25 40.08 0.9916 high
168.75 204.61 71.25 40.08 0.9922 high
168.75 208.83 71.25 37.97 0.9862 high
168.75 208.83 71.25 37.97 0.9869 high
165.00 210.94 71.25 37.97 0.9929 high
165.00 213.05 71.25 40.08 0.9931 high
165.00 217.27 71.25 40.08 0.9885 high
165.00 223.59 71.25 37.97 0.9856 high
165.00 227.81 71.25 40.08 0.9907 high
165.00 227.81 71.25 40.08 0.9931 high
165.00 232.03 71.25 40.08 0.9883 high
165.00 234.14 71.25 40.08 0.9895 high
168.75 240.47 71.25 37.97 0.9946 high
168.75 244.69 71.25 40.08 0.9903 high
168.75 251.02 67.50 35.86 0.9882 high
168.75 251.02 67.50 35.86 0.9880 high
172.50 257.34 71.25 37.97 0.9865 high
168.75 261.56 75.00 40.08 0.9920 high
168.75 265.78 75.00 40.08 0.9881 high
172.50 270.00 75.00 40.08 0.9889 high
172.50 276.33 78.75 37.97 0.9829 high
172.50 276.33 78.75 37.97 0.9884 high
168.75 278.44 78.75 37.97 0.9883 high
168.75 282.66 78.75 37.97 0.9980 high
172.50 284.77 75.00 37.97 0.9920 high
168.75 284.77 82.50 40.08 0.9929 high
172.50 284.77 75.00 40.08 0.9904 high
172.50 284.77 75.00 40.08 0.9876 high
172.50 291.09 78.75 37.97 0.9844 high
168.75 291.09 82.50 37.97 0.9875 high
168.75 293.20 78.75 37.97 0.9908 high
168.75 293.20 78.75 37.97 0.9858 high
168.75 295.31 82.50 37.97 0.9878 high
168.75 295.31 82.50 37.97 0.9864 high
165.00 295.31 82.50 37.97 0.9881 high
165.00 293.20 82.50 37.97 0.9787 high
165.00 293.20 82.50 37.97 0.9842 high
165.00 293.20 86.25 37.97 0.9820 high
165.00 293.20 86.25 37.97 0.9820 high
165.00 293.20 86.25 37.97 0.9830 high
168.75 295.31 82.50 37.97 0.9910 high
168.75 295.31 82.50 37.97 0.9914 high
168.75 293.20 86.25 40.08 0.9874 high
168.75 293.20 86.25 37.97 0.9810 high
168.75 295.31 86.25 37.97 0.9938 high
168.75 295.31 86.25 37.97 0.9914 high
168.75 297.42 86.25 37.97 0.9918 high
172.50 297.42 86.25 37.97 0.9927 high
172.50 299.53 86.25 37.97 0.9897 high
176.25 301.64 90.00 35.86 0.9934 high
176.25 301.64 90.00 37.97 0.9867 high
176.25 301.64 90.00 37.97 0.9863 high
180.00 303.75 86.25 37.97 0.9903 high
183.75 307.97 86.25 35.86 0.9914 high
183.75 310.08 86.25 35.86 0.9913 high
187.50 310.08 86.25 37.97 0.9879 high
187.50 312.19 86.25 37.97 0.9840 high
191.25 312.19 86.25 37.97 0.9898 high
191.25 312.19 86.25 37.97 0.9886 high
191.25 312.19 86.25 37.97 0.9952 high
195.00 312.19 90.00 37.97 0.9840 high
198.75 312.19 86.25 37.97 0.9917 high
198.75 314.30 90.00 35.86 0.9872 high
202.50 314.30 86.25 37.97 0.9850 high
202.50 314.30 86.25 37.97 0.9862 high
206.25 316.41 86.25 37.97 0.9882 high
206.25 316.41 86.25 35.86 0.9920 high
210.00 316.41 86.25 37.97 0.9902 high
213.75 316.41 86.25 37.97 0.9907 high
217.50 316.41 86.25 37.97 0.9942 high
217.50 318.52 86.25 35.86 0.9965 high
217.50 316.41 86.25 37.97 0.9829 high
221.25 316.41 86.25 37.97 0.9896 high
221.25 316.41 90.00 37.97 0.9879 high
225.00 316.41 86.25 37.97 0.9899 high
228.75 316.41 86.25 37.97 0.9877 high
228.75 316.41 86.25 37.97 0.9875 high
232.50 316.41 86.25 37.97 0.9927 high
236.25 314.30 82.50 37.97 0.9896 high
236.25 316.41 86.25 37.97 0.9843 high
240.00 316.41 82.50 37.97 0.9961 high
243.75 314.30 82.50 37.97 0.9852 high
243.75 314.30 82.50 37.97 0.9833 high
247.50 312.19 86.25 40.08 0.9856 high
251.25 312.19 82.50 37.97 0.9946 high
258.75 310.08 82.50 40.08 0.9828 high
258.75 310.08 86.25 40.08 0.9909 high
266.25 310.08 82.50 37.97 0.9893 high
266.25 310.08 82.50 37.97 0.9880 high
270.00 310.08 82.50 37.97 0.9896 high
277.50 307.97 82.50 40.08 0.9885 high
281.25 307.97 82.50 40.08 0.9891 high
288.75 305.86 82.50 40.08 0.9870 high
292.50 305.86 82.50 40.08 0.9927 high
292.50 305.86 82.50 40.08 0.9918 high
300.00 305.86 82.50 37.97 0.9908 high
303.75 305.86 82.50 37.97 0.9811 high
311.25 303.75 82.50 37.97 0.9939 high
318.75 303.75 82.50 37.97 0.9881 high
322.50 301.64 82.50 40.08 0.9895 high
322.50 301.64 82.50 40.08 0.9899 high
333.75 301.64 78.75 40.08 0.9893 high
337.50 305.86 78.75 37.97 0.9894 high
345.00 307.97 78.75 37.97 0.9910 high
348.75 307.97 78.75 37.97 0.9915 high
356.25 310.08 78.75 37.97 0.9850 high
352.50 310.08 82.50 37.97 0.9840 high
360.00 310.08 78.75 40.08 0.9907 high
363.75 310.08 78.75 40.08 0.9913 high
367.50 312.19 78.75 40.08 0.9867 high
375.00 318.52 75.00 37.97 0.9900 high
378.75 320.62 78.75 40.08 0.9866 high
378.75 320.62 78.75 40.08 0.9869 high
382.50 324.84 75.00 37.97 0.9874 high
382.50 329.06 78.75 37.97 0.9885 high
386.25 333.28 75.00 37.97 0.9911 high
386.25 335.39 78.75 42.19 0.9885 high
390.00 341.72 75.00 37.97 0.9925 high
390.00 341.72 75.00 37.97 0.9901 high
393.75 345.94 75.00 37.97 0.9931 high
401.25 350.16 67.50 40.08 0.9922 high
401.25 356.48 75.00 37.97 0.9836 high
408.75 360.70 71.25 40.08 0.9904 high
408.75 369.14 75.00 37.97 0.9877 high
408.75 369.14 75.00 37.97 0.9856 high
416.25 373.36 67.50 37.97 0.9868 high
420.00 379.69 71.25 37.97 0.9902 high
427.50 383.91 67.50 37.97 0.9939 high
457.50 386.02 18.75 12.66 0.9725 high
465.00 390.23 18.75 12.66 0.9170 high
465.00 390.23 18.75 12.66 0.9007 high
472.50 398.67 15.00 8.44 0.9641 high
478.46 402.34 10.40 5.73 0.0000 coast
484.61 406.87 6.05 2.76 0.0000 coast
1320.00 582.19 86.25 25.31 0.9692 reinit
1320.00 586.41 86.25 25.31 0.9751 high
1320.00 586.41 86.25 25.31 0.9764 high
-100 -100 -100 -100 0.0000 coast_none
1320.00 588.02 86.25 25.31 0.0000 coast
1316.25 599.06 82.50 27.42 0.9662 high
1308.75 603.28 90.00 31.64 0.9836 high
1308.75 607.50 90.00 35.86 0.9799 high
1308.75 607.50 90.00 35.86 0.9782 high
1306.59 611.43 90.61 37.36 0.0000 coast
1308.75 615.94 86.25 29.53 0.9824 high
1308.75 622.27 86.25 27.42 0.9806 high
1305.00 624.38 86.25 27.42 0.9655 high
1278.75 630.70 112.50 40.08 0.9632 high
1278.75 630.70 112.50 40.08 0.9592 high
1260.00 637.03 131.25 44.30 0.9510 high
1260.00 639.14 131.25 56.95 0.9331 high
1233.75 641.25 153.75 52.73 0.9677 high
1230.00 645.47 157.50 52.73 0.9806 high
1278.75 696.09 3.75 2.11 0.6118 high
1278.75 696.09 3.75 2.11 0.6902 high
1274.41 701.29 3.43 2.18 0.0000 coast
-100 -100 -100 -100 0.0000 coast_none
1241.25 662.34 142.50 40.08 0.9696 reinit
1263.75 664.45 120.00 37.97 0.9769 high
1293.75 668.67 86.25 29.53 0.9857 high
1293.75 668.67 86.25 31.64 0.9835 high
1305.97 670.26 72.85 29.32 0.0000 coast
1267.50 677.11 108.75 42.19 0.9801 high
1233.75 681.33 142.50 44.30 0.9693 high
1230.00 683.44 142.50 56.95 0.9732 high
1230.00 683.44 142.50 56.95 0.9592 high
1230.00 683.44 142.50 56.95 0.9585 high
1192.50 687.66 180.00 59.06 0.9631 high
1207.50 689.77 161.25 56.95 0.9800 high
1207.50 689.77 157.50 59.06 0.9584 high
1286.25 742.50 11.25 4.22 0.7820 high
1203.75 693.98 161.25 59.06 0.9806 high
1203.75 693.98 161.25 59.06 0.9801 high
1192.50 698.20 165.00 56.95 0.9813 high
1222.50 698.20 135.00 56.95 0.9629 high
1166.25 700.31 187.50 61.17 0.9731 high
1192.50 700.31 161.25 56.95 0.9493 high
1177.50 702.42 172.50 59.06 0.9389 high
1177.50 702.42 172.50 59.06 0.9440 high
1155.00 704.53 191.25 63.28 0.9815 high
1162.50 702.42 180.00 59.06 0.9706 high
1256.25 746.72 15.00 10.55 0.9007 high
1256.25 748.83 3.75 2.11 0.5490 high
1254.82 751.83 1.00 1.00 0.0000 coast
1241.25 772.03 7.50 4.22 0.7206 high
-100 -100 -100 -100 0.0000 coast_none
-100 -100 -100 -100 0.0000 coast_none
761.25 584.30 78.75 23.20 0.9910 reinit
768.75 571.64 82.50 35.86 0.9863 high
780.00 586.41 78.75 21.09 0.9863 high
780.00 586.41 78.75 21.09 0.9896 high
787.50 590.62 75.00 18.98 0.9505 high
825.00 594.84 45.00 12.66 0.9705 high
817.50 586.41 63.75 21.09 0.9768 high
836.25 592.73 48.75 14.77 0.9367 high
828.75 586.41 63.75 18.98 0.9917 high
828.75 586.41 63.75 18.98 0.9863 high
847.50 590.62 52.50 12.66 0.9728 high
851.25 590.62 56.25 12.66 0.9604 high
870.00 590.62 45.00 6.33 0.8586 high
874.53 591.19 45.58 6.41 0.0000 coast
-100 -100 -100 -100 0.0000 coast_none
1125.00 679.22 176.25 59.06 0.9891 reinit
1143.75 672.89 157.50 52.73 0.9428 high
1140.00 670.78 157.50 59.06 0.9215 high
1151.25 666.56 146.25 59.06 0.9750 high
1158.75 664.45 138.75 54.84 0.9525 high
1143.75 662.34 153.75 59.06 0.9766 high
1143.75 662.34 153.75 59.06 0.9756 high
1177.50 660.23 120.00 35.86 0.9807 high
1207.50 658.12 90.00 35.86 0.9740 high
1170.00 656.02 127.50 56.95 0.9484 high
1203.75 651.80 90.00 40.08 0.9701 high
1177.50 649.69 116.25 42.19 0.9677 high
1177.50 649.69 116.25 42.19 0.9657 high
1162.50 645.47 127.50 42.19 0.9678 high
1185.00 643.36 101.25 40.08 0.9802 high
1180.14 641.19 106.22 39.59 0.0000 coast
1196.25 634.92 82.50 27.42 0.9697 high
1233.75 630.70 3.75 2.11 0.6824 high
1211.25 620.16 63.75 27.42 0.9638 high
1211.25 620.16 63.75 27.42 0.9601 high
1212.93 613.25 65.90 29.69 0.0000 coast
1213.97 608.64 67.53 31.30 0.0000 coast
1233.75 615.94 26.25 8.44 0.9200 high
-100 -100 -100 -100 0.0000 coast_none
1237.29 607.63 26.17 9.73 0.0000 coast
993.75 474.61 78.75 33.75 0.9882 reinit
993.75 468.28 82.50 35.86 0.9922 high
997.50 474.61 82.50 25.31 0.9914 high
1001.25 459.84 82.50 35.86 0.9908 high
1001.25 453.52 86.25 35.86 0.9920 high
1005.00 449.30 82.50 35.86 0.9867 high
1005.00 449.30 82.50 35.86 0.9866 high
1008.75 445.08 82.50 35.86 0.9851 high
1008.75 440.86 86.25 35.86 0.9847 high
1012.50 436.64 82.50 35.86 0.9971 high
1016.25 434.53 82.50 33.75 0.9955 high
1016.25 428.20 82.50 35.86 0.9910 high
1016.25 428.20 82.50 35.86 0.9904 high
1020.00 423.98 82.50 35.86 0.9903 high
1016.25 419.77 82.50 35.86 0.9933 high
1020.00 413.44 82.50 35.86 0.9856 high
1023.75 407.11 78.75 35.86 0.9950 high
1023.75 402.89 82.50 35.86 0.9938 high
1023.75 402.89 82.50 35.86 0.9937 high
1027.50 396.56 78.75 35.86 0.9893 high
1027.50 390.23 82.50 35.86 0.9835 high
1027.50 386.02 78.75 35.86 0.9942 high
1023.75 381.80 82.50 33.75 0.9844 high
1023.75 375.47 82.50 35.86 0.9876 high
1023.75 375.47 82.50 35.86 0.9901 high
1020.00 369.14 82.50 35.86 0.9877 high
1016.25 364.92 82.50 35.86 0.9865 high
1012.50 358.59 86.25 35.86 0.9866 high
1008.75 352.27 82.50 35.86 0.9944 high
1005.00 350.16 82.50 33.75 0.9914 high
1005.00 350.16 82.50 33.75 0.9948 high
997.50 343.83 82.50 35.86 0.9928 high
993.75 339.61 82.50 35.86 0.9922 high
993.75 335.39 78.75 37.97 0.9902 high
990.00 333.28 78.75 35.86 0.9900 high
986.25 329.06 82.50 35.86 0.9843 high
986.25 329.06 82.50 35.86 0.9842 high
982.50 326.95 82.50 35.86 0.9898 high
982.50 324.84 78.75 35.86 0.9866 high
978.75 322.73 78.75 35.86 0.9941 high
982.50 320.62 75.00 35.86 0.9896 high
978.75 320.62 78.75 35.86 0.9901 high
978.75 320.62 78.75 35.86 0.9908 high
978.75 318.52 78.75 35.86 0.9894 high
978.75 318.52 75.00 35.86 0.9932 high
978.75 318.52 75.00 35.86 0.9941 high
978.75 320.62 75.00 35.86 0.9923 high
978.75 324.84 75.00 33.75 0.9892 high
978.75 324.84 75.00 33.75 0.9891 high
975.00 331.17 78.75 35.86 0.9905 high
975.00 343.83 78.75 35.86 0.9901 high
975.00 352.27 75.00 35.86 0.9933 high
971.25 360.70 78.75 35.86 0.9918 high
971.25 364.92 75.00 35.86 0.9873 high
971.25 364.92 75.00 35.86 0.9918 high
971.25 369.14 75.00 35.86 0.9903 high
967.50 373.36 75.00 35.86 0.9928 high
967.50 377.58 71.25 35.86 0.9950 high
967.50 383.91 71.25 35.86 0.9876 high
963.75 398.67 71.25 35.86 0.9963 high
963.75 398.67 71.25 35.86 0.9967 high
963.75 413.44 71.25 35.86 0.9952 high
960.00 426.09 67.50 33.75 0.9939 high
956.25 434.53 67.50 35.86 0.9863 high
952.50 445.08 71.25 33.75 0.9842 high
948.75 447.19 71.25 35.86 0.9915 high
948.75 449.30 71.25 33.75 0.9957 high
948.75 451.41 67.50 33.75 0.9860 high
948.75 453.52 67.50 35.86 0.9960 high
945.00 453.52 67.50 35.86 0.9882 high
945.00 455.62 67.50 35.86 0.9912 high
945.00 457.73 67.50 35.86 0.9942 high
945.00 457.73 67.50 35.86 0.9924 high
945.00 457.73 67.50 35.86 0.9926 high
948.75 457.73 67.50 35.86 0.9905 high
948.75 459.84 67.50 33.75 0.9909 high
948.75 459.84 67.50 35.86 0.9873 high
948.75 461.95 67.50 33.75 0.9909 high
948.75 461.95 67.50 33.75 0.9895 high
952.50 461.95 67.50 33.75 0.9914 high
952.50 461.95 67.50 33.75 0.9934 high
952.50 464.06 67.50 33.75 0.9938 high
948.75 466.17 71.25 33.75 0.9837 high
