948.75 386.02 52.50 23.20 1.0000 init
948.75 383.91 52.50 23.20 1.0000 high
948.75 381.80 52.50 21.09 1.0000 high
948.75 377.58 52.50 23.20 1.0000 high
952.50 377.58 52.50 23.20 1.0000 high
952.50 375.47 52.50 23.20 1.0000 high
952.50 375.47 48.75 21.09 1.0000 high
952.50 373.36 52.50 23.20 1.0000 high
952.50 373.36 56.25 23.20 1.0000 high
952.50 373.36 56.25 21.09 1.0000 high
956.25 371.25 52.50 23.20 1.0000 high
956.25 371.25 52.50 23.20 1.0000 high
956.25 371.25 52.50 23.20 1.0000 high
956.25 371.25 52.50 23.20 1.0000 high
956.25 371.25 56.25 23.20 1.0000 high
956.25 371.25 56.25 23.20 1.0000 high
956.25 371.25 56.25 23.20 1.0000 high
956.25 371.25 56.25 23.20 1.0000 high
956.25 369.14 56.25 25.31 1.0000 high
960.00 369.14 52.50 25.31 1.0000 high
960.00 371.25 48.75 21.09 1.0000 high
960.00 369.14 52.50 25.31 1.0000 high
963.75 369.14 48.75 25.31 1.0000 high
960.00 371.25 52.50 23.20 1.0000 high
960.00 371.25 52.50 23.20 1.0000 high
963.75 371.25 48.75 23.20 1.0000 high
963.75 369.14 48.75 25.31 1.0000 high
963.75 369.14 45.00 25.31 1.0000 high
963.75 369.14 41.25 23.20 1.0000 high
963.75 369.14 45.00 23.20 1.0000 high
963.75 369.14 45.00 23.20 1.0000 high
960.00 367.03 52.50 25.31 1.0000 high
960.00 369.14 48.75 23.20 1.0000 high
960.00 367.03 52.50 25.31 1.0000 high
956.25 367.03 52.50 23.20 1.0000 high
956.25 364.92 52.50 25.31 1.0000 high
956.25 364.92 45.00 21.09 1.0000 high
956.25 362.81 48.75 25.31 1.0000 high
952.50 362.81 48.75 25.31 1.0000 high
956.25 360.70 45.00 27.42 1.0000 high
952.50 360.70 48.75 25.31 1.0000 high
948.75 358.59 52.50 25.31 1.0000 high
948.75 358.59 52.50 25.31 1.0000 high
948.75 358.59 52.50 25.31 1.0000 high
948.75 356.48 48.75 23.20 1.0000 high
971.25 358.59 15.00 8.44 1.0000 high
971.25 356.48 15.00 10.55 1.0000 high
972.05 355.90 12.76 9.41 0.0000 coast
973.96 355.20 9.03 7.98 0.0000 coast
975.87 354.51 5.29 6.55 0.0000 coast
977.79 353.81 1.55 5.11 0.0000 coast
978.11 353.12 1.00 3.68 0.0000 coast
978.16 352.43 1.00 2.24 0.0000 coast
978.20 351.63 1.00 1.00 0.0000 coast
978.25 350.22 1.00 1.00 0.0000 coast
978.29 348.81 1.00 1.00 0.0000 coast
978.34 347.40 1.00 1.00 0.0000 coast
-100 -100 -100 -100 0.0000 miss
933.75 341.72 41.25 18.98 1.0000 high
933.75 339.61 45.00 23.20 1.0000 high
933.75 341.72 37.50 18.98 1.0000 high
933.75 339.61 30.00 14.77 1.0000 high
926.25 335.39 41.25 23.20 1.0000 high
926.25 335.39 41.25 23.20 1.0000 high
922.50 333.28 48.75 25.31 1.0000 high
926.25 333.28 41.25 25.31 1.0000 high
926.25 333.28 45.00 25.31 1.0000 high
926.25 329.06 45.00 29.53 1.0000 high
922.50 329.06 48.75 27.42 1.0000 high
922.50 326.95 48.75 29.53 1.0000 high
922.50 329.06 48.75 25.31 1.0000 high
915.00 326.95 56.25 25.31 1.0000 high
922.50 324.84 45.00 27.42 1.0000 high
926.25 324.84 41.25 25.31 1.0000 high
922.50 324.84 45.00 25.31 1.0000 high
926.25 326.95 37.50 21.09 1.0000 high
926.25 326.95 37.50 21.09 1.0000 high
918.75 324.84 48.75 23.20 1.0000 high
915.00 324.84 52.50 25.31 1.0000 high
915.00 322.73 52.50 25.31 1.0000 high
915.00 324.84 52.50 23.20 1.0000 high
918.75 322.73 48.75 25.31 1.0000 high
911.25 322.73 56.25 25.31 1.0000 high
918.75 322.73 48.75 25.31 1.0000 high
918.75 322.73 48.75 25.31 1.0000 high
918.75 322.73 52.50 25.31 1.0000 high
922.50 322.73 45.00 25.31 1.0000 high
926.25 322.73 45.00 23.20 1.0000 high
926.25 322.73 45.00 23.20 1.0000 high
930.00 322.73 41.25 23.20 1.0000 high
926.25 322.73 45.00 23.20 1.0000 high
930.00 322.73 45.00 23.20 1.0000 high
933.75 322.73 41.25 23.20 1.0000 high
933.75 322.73 37.50 23.20 1.0000 high
930.00 322.73 41.25 23.20 1.0000 high
933.75 322.73 37.50 23.20 1.0000 high
933.75 324.84 37.50 18.98 1.0000 high
933.75 322.73 37.50 21.09 1.0000 high
933.75 324.84 37.50 18.98 1.0000 high
937.50 324.84 30.00 12.66 1.0000 high
930.00 322.73 45.00 21.09 1.0000 high
937.50 324.84 37.50 18.98 1.0000 high
933.75 324.84 45.00 21.09 1.0000 high
933.75 324.84 41.25 18.98 1.0000 high
934.32 324.89 42.36 19.31 0.0000 coast
934.53 324.98 42.68 19.17 0.0000 coast
934.74 325.07 43.00 19.04 0.0000 coast
934.95 325.16 43.31 18.91 0.0000 coast
935.16 325.25 43.63 18.78 0.0000 coast
941.25 329.06 18.75 8.44 1.0000 high
945.00 331.17 7.50 4.22 0.7137 high
933.75 329.06 30.00 12.66 1.0000 high
933.75 326.95 37.50 21.09 1.0000 high
926.25 326.95 45.00 23.20 1.0000 high
926.25 326.95 45.00 23.20 1.0000 high
922.50 326.95 48.75 25.31 1.0000 high
922.50 326.95 48.75 27.42 1.0000 high
918.75 326.95 48.75 29.53 1.0000 high
915.00 326.95 48.75 29.53 1.0000 high
915.00 331.17 45.00 27.42 1.0000 high
911.25 331.17 48.75 27.42 1.0000 high
911.25 331.17 41.25 16.88 1.0000 high
903.75 333.28 45.00 18.98 1.0000 high
903.75 335.39 33.75 14.77 1.0000 high
896.25 333.28 45.00 21.09 1.0000 high
894.44 334.03 45.62 20.50 0.0000 coast
891.33 334.30 47.56 21.09 0.0000 coast
888.75 337.50 33.75 21.09 1.0000 high
873.75 337.50 52.50 23.20 1.0000 high
858.75 339.61 63.75 21.09 1.0000 high
858.75 339.61 56.25 23.20 1.0000 high
858.75 339.61 52.50 23.20 1.0000 high
858.75 339.61 48.75 23.20 1.0000 high
862.50 343.83 33.75 18.98 1.0000 high
858.75 343.83 37.50 18.98 1.0000 high
840.00 343.83 48.75 21.09 1.0000 high
851.25 352.27 26.25 12.66 1.0000 high
832.50 343.83 52.50 23.20 1.0000 high
832.50 348.05 37.50 16.88 1.0000 high
840.00 354.38 7.50 2.11 0.7294 high
840.00 352.27 15.00 8.44 0.9961 high
836.48 353.36 13.01 7.36 0.0000 coast
833.95 354.32 10.76 6.52 0.0000 coast
831.43 355.28 8.50 5.68 0.0000 coast
802.50 348.05 41.25 21.09 1.0000 high
798.75 345.94 45.00 23.20 1.0000 high
798.75 348.05 41.25 21.09 1.0000 high
798.75 348.05 37.50 21.09 1.0000 high
795.00 348.05 45.00 23.20 1.0000 high
791.25 350.16 45.00 23.20 1.0000 high
791.25 352.27 41.25 18.98 1.0000 high
791.25 352.27 41.25 16.88 1.0000 high
791.25 354.38 37.50 14.77 1.0000 high
787.50 354.38 41.25 14.77 1.0000 high
787.50 354.38 41.25 14.77 1.0000 high
783.75 354.38 41.25 18.98 1.0000 high
780.00 354.38 48.75 21.09 1.0000 high
783.75 354.38 37.50 14.77 1.0000 high
772.50 354.38 52.50 21.09 1.0000 high
772.50 354.38 48.75 21.09 1.0000 high
768.75 354.38 52.50 23.20 1.0000 high
765.00 354.38 60.00 23.20 1.0000 high
768.75 356.48 52.50 18.98 1.0000 high
768.75 354.38 52.50 21.09 1.0000 high
765.00 356.48 56.25 21.09 1.0000 high
768.75 354.38 48.75 21.09 1.0000 high
768.75 354.38 52.50 21.09 1.0000 high
768.75 354.38 48.75 21.09 1.0000 high
768.75 354.38 48.75 21.09 1.0000 high
776.25 354.38 41.25 16.88 1.0000 high
772.50 354.38 45.00 16.88 1.0000 high
780.00 354.38 30.00 10.55 1.0000 high
777.15 354.35 33.53 12.01 0.0000 coast
776.25 354.38 22.50 10.55 1.0000 high
776.21 354.36 21.41 9.83 0.0000 coast
780.00 356.48 15.00 6.33 0.9922 high
780.16 356.65 12.11 5.28 0.0000 coast
776.25 354.38 26.25 14.77 1.0000 high
775.94 354.24 26.25 15.48 0.0000 coast
772.50 350.16 33.75 16.88 1.0000 high
753.75 350.16 63.75 25.31 1.0000 high
761.25 350.16 56.25 21.09 1.0000 high
757.50 350.16 60.00 18.98 1.0000 high
753.75 348.05 60.00 21.09 1.0000 high
768.75 350.16 41.25 16.88 1.0000 high
772.50 348.05 30.00 12.66 1.0000 high
776.25 350.16 30.00 8.44 0.9961 high
772.50 348.05 30.00 16.88 1.0000 high
757.50 348.05 48.75 16.88 1.0000 high
753.75 345.94 52.50 18.98 1.0000 high
776.25 350.16 3.75 4.22 0.4157 low
761.25 348.05 45.00 14.77 1.0000 high
761.25 345.94 45.00 16.88 1.0000 high
772.50 348.05 33.75 12.66 1.0000 high
766.31 346.99 41.05 14.93 0.0000 coast
776.25 348.05 26.25 10.55 0.9961 high
776.25 348.05 22.50 10.55 1.0000 high
775.73 347.71 24.45 11.01 0.0000 coast
775.88 347.52 24.30 11.12 0.0000 coast
776.02 347.33 24.15 11.23 0.0000 coast
776.25 352.27 3.75 2.11 0.5216 high
776.40 352.34 2.54 1.73 0.0000 coast
775.99 352.64 1.00 1.00 0.0000 coast
772.50 348.05 26.25 12.66 1.0000 reinit
772.50 348.05 26.25 12.66 0.0000 coast
772.50 352.27 22.50 6.33 1.0000 high
761.25 348.05 41.25 16.88 1.0000 high
776.25 350.16 26.25 10.55 0.9961 high
768.75 350.16 37.50 16.88 1.0000 high
761.25 350.16 48.75 18.98 1.0000 high
761.25 348.05 52.50 21.09 1.0000 high
765.00 350.16 48.75 18.98 1.0000 high
757.50 348.05 60.00 25.31 1.0000 high
757.50 348.05 60.00 23.20 1.0000 high
753.75 348.05 63.75 25.31 1.0000 high
753.75 350.16 63.75 23.20 1.0000 high
772.50 352.27 37.50 16.88 1.0000 high
765.00 350.16 48.75 21.09 1.0000 high
765.00 350.16 48.75 18.98 1.0000 high
787.50 358.59 3.75 2.11 0.5412 high
780.72 356.35 17.98 7.68 0.0000 coast
791.25 358.59 3.75 4.22 0.7608 high
793.32 359.47 1.00 3.00 0.0000 coast
794.16 360.42 1.00 1.66 0.0000 coast
787.50 354.38 15.00 8.44 0.9216 high
788.88 353.79 13.70 8.81 0.0000 coast
790.08 353.05 12.73 9.36 0.0000 coast
791.28 352.31 11.76 9.91 0.0000 coast
792.48 351.57 10.80 10.45 0.0000 coast
793.68 350.84 9.83 11.00 0.0000 coast
776.25 356.48 15.00 6.33 0.9961 reinit
768.75 352.27 30.00 16.88 1.0000 high
776.25 354.38 18.75 10.55 1.0000 high
772.50 354.38 26.25 12.66 1.0000 high
772.09 353.68 27.49 14.05 0.0000 coast
771.68 353.41 29.01 14.88 0.0000 coast
776.25 356.48 15.00 6.33 1.0000 high
775.67 356.10 17.06 7.49 0.0000 coast
775.85 356.22 16.75 7.22 0.0000 coast
776.03 356.34 16.44 6.94 0.0000 coast
776.21 356.47 16.13 6.67 0.0000 coast
776.39 356.59 15.82 6.40 0.0000 coast
776.57 356.71 15.51 6.13 0.0000 coast
772.50 352.27 30.00 16.88 1.0000 high
757.50 350.16 52.50 21.09 1.0000 high
761.25 350.16 45.00 21.09 1.0000 high
753.75 348.05 56.25 23.20 1.0000 high
753.75 348.05 56.25 25.31 1.0000 high
753.75 348.05 56.25 21.09 1.0000 high
750.00 348.05 60.00 23.20 1.0000 high
753.75 348.05 56.25 23.20 1.0000 high
757.50 345.94 52.50 25.31 1.0000 high
757.50 345.94 52.50 25.31 1.0000 high
750.00 345.94 60.00 25.31 1.0000 high
746.25 341.72 63.75 31.64 1.0000 high
757.50 345.94 45.00 21.09 1.0000 high
768.75 350.16 33.75 14.77 1.0000 high
750.00 345.94 52.50 21.09 1.0000 high
750.00 343.83 52.50 25.31 1.0000 high
750.00 341.72 56.25 29.53 1.0000 high
750.00 343.83 56.25 29.53 1.0000 high
753.75 345.94 48.75 25.31 1.0000 high
757.50 345.94 45.00 25.31 1.0000 high
757.50 345.94 41.25 21.09 1.0000 high
761.25 345.94 41.25 18.98 1.0000 high
772.50 345.94 26.25 16.88 1.0000 high
776.25 345.94 22.50 16.88 1.0000 high
776.25 345.94 18.75 14.77 1.0000 high
778.62 345.86 16.00 14.17 0.0000 coast
765.00 345.94 33.75 16.88 1.0000 high
761.25 343.83 33.75 18.98 1.0000 high
761.35 344.61 35.05 17.90 0.0000 coast
765.00 343.83 33.75 16.88 1.0000 high
762.46 343.80 35.67 17.12 0.0000 coast
761.26 343.61 36.88 17.08 0.0000 coast
776.25 354.38 3.75 4.22 0.7373 high
773.24 352.96 8.82 5.62 0.0000 coast
776.25 354.38 11.25 4.22 0.8353 high
776.60 355.05 10.64 3.24 0.0000 coast
777.03 355.75 10.13 2.26 0.0000 coast
777.46 356.45 9.62 1.27 0.0000 coast
777.88 356.79 9.11 1.00 0.0000 coast
783.75 341.72 7.50 6.33 0.9098 reinit
783.75 341.72 7.50 4.22 0.9373 high
783.75 341.72 7.50 4.06 0.0000 coast
783.75 341.72 7.50 3.63 0.0000 coast
783.75 341.72 7.50 3.19 0.0000 coast
783.75 341.72 7.50 2.75 0.0000 coast
787.50 339.61 7.50 4.22 0.9725 high
788.02 339.32 7.50 4.05 0.0000 coast
788.63 338.97 7.50 3.92 0.0000 coast
789.24 338.63 7.50 3.79 0.0000 coast
789.85 338.29 7.50 3.67 0.0000 coast
790.46 337.94 7.50 3.54 0.0000 coast
791.07 337.60 7.50 3.41 0.0000 coast
791.68 337.26 7.50 3.29 0.0000 coast
792.29 336.91 7.50 3.16 0.0000 coast
792.90 336.57 7.50 3.03 0.0000 coast
793.51 336.23 7.50 2.91 0.0000 coast
-100 -100 -100 -100 0.0000 miss
783.75 335.39 18.75 10.55 1.0000 high
783.79 335.04 19.33 10.83 0.0000 coast
783.65 334.69 20.10 11.24 0.0000 coast
783.52 334.33 20.86 11.65 0.0000 coast
783.75 335.39 22.50 10.55 1.0000 high
783.75 335.39 15.00 8.44 0.9882 high
783.56 334.89 18.49 9.72 0.0000 coast
791.25 337.50 3.75 4.22 0.3882 low
789.84 336.73 6.82 5.45 0.0000 coast
783.75 335.39 15.00 8.44 1.0000 high
783.73 335.21 15.11 8.54 0.0000 coast
783.75 337.50 11.25 6.33 0.9961 high
783.75 337.50 11.25 4.22 0.9529 high
776.25 335.39 30.00 10.55 1.0000 high
780.00 335.39 18.75 8.44 1.0000 high
777.67 335.38 24.16 9.21 0.0000 coast
776.64 335.18 25.93 9.61 0.0000 coast
775.61 334.97 27.70 10.01 0.0000 coast
783.75 337.50 11.25 6.33 0.9804 high
781.40 336.90 15.65 7.32 0.0000 coast
780.79 336.83 16.59 7.53 0.0000 coast
780.18 336.75 17.52 7.74 0.0000 coast
779.56 336.67 18.46 7.96 0.0000 coast
778.95 336.60 19.40 8.17 0.0000 coast
791.25 339.61 3.75 2.11 0.4235 low
783.75 337.50 15.00 6.33 1.0000 high
783.96 337.61 14.93 6.16 0.0000 coast
791.25 337.50 7.50 4.22 0.8588 high
791.25 339.61 7.50 2.11 0.9333 high
791.40 339.34 7.83 2.34 0.0000 coast
791.93 339.54 7.64 2.00 0.0000 coast
792.46 339.73 7.46 1.65 0.0000 coast
793.00 339.93 7.27 1.31 0.0000 coast
793.53 340.11 7.08 1.00 0.0000 coast
794.07 340.14 6.89 1.00 0.0000 coast
794.60 340.16 6.71 1.00 0.0000 coast
795.13 340.19 6.52 1.00 0.0000 coast
795.67 340.21 6.33 1.00 0.0000 coast
796.20 340.24 6.15 1.00 0.0000 coast
-100 -100 -100 -100 0.0000 miss
-100 -100 -100 -100 0.0000 miss
-100 -100 -100 -100 0.0000 miss
-100 -100 -100 -100 0.0000 miss
-100 -100 -100 -100 0.0000 miss
-100 -100 -100 -100 0.0000 miss
-100 -100 -100 -100 0.0000 miss
813.75 326.95 26.25 12.66 1.0000 reinit
813.75 326.95 26.25 12.66 0.0000 coast
832.50 326.95 11.25 10.55 1.0000 high
813.75 324.84 45.00 16.88 1.0000 high
821.25 324.84 30.00 14.77 1.0000 high
821.25 324.84 30.00 12.66 1.0000 high
813.75 322.73 48.75 18.98 1.0000 high
817.50 322.73 41.25 16.88 1.0000 high
825.00 320.62 33.75 21.09 1.0000 high
828.75 322.73 30.00 16.88 1.0000 high
828.75 320.62 37.50 21.09 1.0000 high
836.25 320.62 22.50 12.66 1.0000 high
840.00 322.73 11.25 4.22 0.9961 high
838.66 321.52 18.00 7.07 0.0000 coast
847.50 320.62 7.50 6.33 0.9020 high
848.92 320.24 7.13 5.55 0.0000 coast
851.21 319.79 5.56 4.77 0.0000 coast
853.50 319.34 3.99 4.00 0.0000 coast
855.79 318.90 2.43 3.23 0.0000 coast
858.01 318.45 1.00 2.45 0.0000 coast
851.25 318.52 48.75 18.98 1.0000 reinit
858.75 316.41 45.00 23.20 1.0000 high
858.75 316.41 45.00 25.31 1.0000 high
862.50 316.41 41.25 25.31 1.0000 high
866.25 316.41 37.50 23.20 1.0000 high
866.25 316.41 45.00 23.20 1.0000 high
862.50 314.30 52.50 25.31 1.0000 high
870.00 314.30 41.25 25.31 1.0000 high
888.75 316.41 11.25 6.33 1.0000 high
877.50 314.30 41.25 23.20 1.0000 high
880.26 314.02 40.01 22.70 0.0000 coast
881.25 314.30 56.25 23.20 1.0000 high
892.50 316.41 48.75 14.77 1.0000 high
896.25 314.30 56.25 23.20 1.0000 high
888.75 312.19 67.50 27.42 1.0000 high
896.25 314.30 60.00 23.20 1.0000 high
903.75 314.30 52.50 25.31 1.0000 high
918.75 314.30 37.50 23.20 1.0000 high
918.75 314.30 41.25 23.20 1.0000 high
918.75 314.30 41.25 18.98 1.0000 high
930.00 314.30 26.25 16.88 1.0000 high
926.25 314.30 30.00 16.88 1.0000 high
930.00 314.30 33.75 16.88 1.0000 high
930.00 314.30 30.00 16.88 1.0000 high
926.25 314.30 41.25 16.88 1.0000 high
952.50 322.73 3.75 2.11 0.5569 high
947.72 320.13 14.62 6.04 0.0000 coast
951.24 320.72 12.52 4.62 0.0000 coast
954.76 321.32 10.43 3.20 0.0000 coast
958.29 321.91 8.33 1.79 0.0000 coast
961.81 322.18 6.24 1.00 0.0000 coast
975.00 318.52 15.00 6.33 1.0000 high
979.70 318.68 14.22 5.56 0.0000 coast
984.45 318.82 13.51 4.82 0.0000 coast
967.50 320.62 30.00 18.98 1.0000 reinit
978.75 322.73 15.00 8.44 1.0000 high
975.00 322.73 22.50 12.66 1.0000 high
978.75 322.73 18.75 14.77 1.0000 high
982.50 324.84 11.25 4.22 0.9961 high
983.90 325.19 10.43 4.50 0.0000 coast
986.03 325.91 7.85 2.49 0.0000 coast
988.17 326.37 5.27 1.00 0.0000 coast
990.30 326.09 2.69 1.00 0.0000 coast
990.00 329.06 3.75 2.11 0.4431 low
991.83 329.91 1.59 1.00 0.0000 coast
992.87 330.24 1.00 1.00 0.0000 coast
993.61 330.57 1.00 1.00 0.0000 coast
978.75 331.17 18.75 8.44 1.0000 reinit
978.75 329.06 22.50 12.66 1.0000 high
978.75 331.17 18.75 10.55 1.0000 high
978.75 330.73 19.54 11.42 0.0000 coast
978.75 330.91 19.22 11.64 0.0000 coast
978.75 331.09 18.90 11.85 0.0000 coast
978.75 331.27 18.58 12.07 0.0000 coast
978.75 331.45 18.26 12.28 0.0000 coast
978.75 331.62 17.94 12.50 0.0000 coast
978.75 331.80 17.63 12.71 0.0000 coast
978.75 331.98 17.31 12.93 0.0000 coast
978.75 332.16 16.99 13.14 0.0000 coast
978.75 332.34 16.67 13.35 0.0000 coast
-100 -100 -100 -100 0.0000 miss
-100 -100 -100 -100 0.0000 miss
945.00 352.27 26.25 10.55 1.0000 high
942.73 353.75 26.64 10.53 0.0000 coast
940.32 355.31 27.07 10.50 0.0000 coast
937.92 356.87 27.51 10.47 0.0000 coast
935.52 358.43 27.94 10.43 0.0000 coast
933.11 359.99 28.37 10.40 0.0000 coast
911.25 345.94 60.00 33.75 1.0000 high
907.50 350.16 56.25 29.53 1.0000 high
907.50 354.38 52.50 27.42 1.0000 high
896.25 352.27 63.75 31.64 1.0000 high
877.50 354.38 78.75 31.64 1.0000 high
877.50 354.38 82.50 31.64 1.0000 high
873.75 356.48 86.25 31.64 1.0000 high
877.50 354.38 63.75 33.75 1.0000 high
877.50 356.48 63.75 31.64 1.0000 high
873.75 356.48 63.75 31.64 1.0000 high
866.25 356.48 67.50 33.75 1.0000 high
858.75 354.38 71.25 35.86 1.0000 high
855.00 356.48 60.00 35.86 1.0000 high
851.25 367.03 56.25 25.31 1.0000 high
843.75 367.03 56.25 27.42 1.0000 high
836.25 369.14 56.25 27.42 1.0000 high
832.50 371.25 56.25 25.31 1.0000 high
825.00 373.36 56.25 23.20 1.0000 high
813.75 373.36 60.00 25.31 1.0000 high
806.25 373.36 63.75 27.42 1.0000 high
802.50 377.58 60.00 21.09 1.0000 high
795.00 377.58 60.00 23.20 1.0000 high
791.25 379.69 56.25 21.09 1.0000 high
783.75 379.69 60.00 23.20 1.0000 high
772.50 379.69 63.75 23.20 1.0000 high
772.50 381.80 56.25 23.20 1.0000 high
768.75 381.80 56.25 23.20 1.0000 high
761.25 381.80 56.25 23.20 1.0000 high
757.50 381.80 60.00 25.31 1.0000 high
757.50 381.80 52.50 25.31 1.0000 high
753.75 383.91 45.00 21.09 1.0000 high
761.25 390.23 37.50 14.77 1.0000 high
772.50 394.45 3.75 2.11 0.5765 high
766.11 395.24 6.80 3.19 0.0000 coast
764.57 397.01 1.00 1.00 0.0000 coast
760.14 397.68 1.00 1.00 0.0000 coast
723.75 383.91 45.00 27.42 1.0000 high
720.00 386.02 48.75 25.31 1.0000 high
716.25 383.91 48.75 27.42 1.0000 high
716.25 386.02 45.00 27.42 1.0000 high
708.75 386.02 52.50 27.42 1.0000 high
708.75 386.02 45.00 27.42 1.0000 high
705.00 386.02 48.75 25.31 1.0000 high
705.00 388.12 48.75 23.20 1.0000 high
701.25 386.02 48.75 25.31 1.0000 high
697.50 386.02 52.50 27.42 1.0000 high
697.50 386.02 48.75 27.42 1.0000 high
697.50 386.02 48.75 27.42 1.0000 high
693.75 386.02 52.50 27.42 1.0000 high
693.75 386.02 52.50 25.31 1.0000 high
693.75 386.02 48.75 25.31 1.0000 high
693.75 386.02 48.75 25.31 1.0000 high
690.00 386.02 52.50 27.42 1.0000 high
690.00 386.02 52.50 27.42 1.0000 high
686.25 386.02 52.50 25.31 1.0000 high
686.25 388.12 56.25 25.31 1.0000 high
686.25 388.12 52.50 25.31 1.0000 high
682.50 390.23 56.25 23.20 1.0000 high
682.50 390.23 56.25 25.31 1.0000 high
682.50 392.34 56.25 25.31 1.0000 high
682.50 394.45 52.50 23.20 1.0000 high
682.50 396.56 52.50 23.20 1.0000 high
686.25 398.67 45.00 21.09 1.0000 high
682.50 398.67 52.50 23.20 1.0000 high
678.75 400.78 60.00 27.42 1.0000 high
671.25 402.89 63.75 25.31 1.0000 high
675.00 405.00 60.00 25.31 1.0000 high
667.50 407.11 67.50 27.42 1.0000 high
675.00 409.22 60.00 23.20 1.0000 high
675.00 411.33 60.00 23.20 1.0000 high
682.50 415.55 45.00 10.55 1.0000 high
678.38 416.06 50.44 14.21 0.0000 coast
677.79 417.69 50.08 13.36 0.0000 coast
677.20 419.31 49.72 12.50 0.0000 coast
686.25 426.09 26.25 16.88 1.0000 high
675.00 428.20 48.75 21.09 1.0000 high
675.38 430.33 46.07 20.73 0.0000 coast
690.00 434.53 37.50 18.98 1.0000 high
686.25 436.64 33.75 18.98 1.0000 high
686.53 438.98 34.68 19.30 0.0000 coast
701.25 449.30 7.50 4.22 0.8980 high
700.68 451.24 8.28 5.21 0.0000 coast
678.75 442.97 60.00 27.42 1.0000 high
671.25 440.86 71.25 31.64 1.0000 high
671.25 442.97 71.25 31.64 1.0000 high
678.75 451.41 60.00 25.31 1.0000 high
675.00 455.62 71.25 23.20 1.0000 high
678.75 457.73 56.25 23.20 1.0000 high
678.75 459.84 56.25 23.20 1.0000 high
682.50 464.06 60.00 23.20 1.0000 high
682.50 466.17 52.50 23.20 1.0000 high
682.50 468.28 56.25 23.20 1.0000 high
682.50 468.28 52.50 25.31 1.0000 high
686.25 474.61 52.50 21.09 1.0000 high
690.00 476.72 56.25 21.09 1.0000 high
697.50 478.83 52.50 21.09 1.0000 high
697.50 480.94 48.75 23.20 1.0000 high
693.75 485.16 52.50 23.20 1.0000 high
697.50 487.27 52.50 21.09 1.0000 high
697.50 489.38 48.75 23.20 1.0000 high
697.50 493.59 41.25 21.09 1.0000 high
697.50 495.70 41.25 21.09 1.0000 high
697.50 497.81 45.00 23.20 1.0000 high
701.25 504.14 41.25 18.98 1.0000 high
701.25 506.25 45.00 18.98 1.0000 high
705.00 506.25 41.25 21.09 1.0000 high
697.50 506.25 52.50 23.20 1.0000 high
701.25 510.47 45.00 23.20 1.0000 high
701.25 512.58 48.75 23.20 1.0000 high
705.00 518.91 41.25 18.98 1.0000 high
705.00 521.02 41.25 21.09 1.0000 high
705.00 525.23 48.75 18.98 1.0000 high
708.75 529.45 37.50 16.88 1.0000 high
712.50 531.56 33.75 18.98 1.0000 high
712.50 535.78 33.75 21.09 1.0000 high
712.50 540.00 30.00 18.98 1.0000 high
716.25 544.22 26.25 16.88 1.0000 high
708.75 546.33 33.75 18.98 1.0000 high
711.21 549.87 30.90 18.40 0.0000 coast
701.25 548.44 56.25 25.31 1.0000 high
701.25 548.44 56.25 29.53 1.0000 high
701.25 554.77 56.25 29.53 1.0000 high
701.25 558.98 56.25 27.42 1.0000 high
701.25 561.09 56.25 29.53 1.0000 high
705.00 565.31 56.25 25.31 1.0000 high
705.00 569.53 56.25 23.20 1.0000 high
705.00 571.64 56.25 25.31 1.0000 high
708.75 575.86 52.50 23.20 1.0000 high
705.00 577.97 60.00 25.31 1.0000 high
705.00 582.19 60.00 23.20 1.0000 high
701.25 584.30 63.75 25.31 1.0000 high
708.75 586.41 56.25 27.42 1.0000 high
708.75 588.52 52.50 27.42 1.0000 high
708.75 592.73 52.50 27.42 1.0000 high
708.75 596.95 56.25 25.31 1.0000 high
712.50 603.28 45.00 21.09 1.0000 high
708.75 605.39 56.25 25.31 1.0000 high
712.50 609.61 45.00 21.09 1.0000 high
712.50 611.72 48.75 21.09 1.0000 high
712.50 613.83 52.50 23.20 1.0000 high
712.50 618.05 52.50 27.42 1.0000 high
713.03 621.12 52.26 25.91 0.0000 coast
713.40 624.37 52.47 26.15 0.0000 coast
708.75 628.59 52.50 27.42 1.0000 high
709.48 631.77 52.72 27.59 0.0000 coast
709.43 635.10 52.91 27.92 0.0000 coast
723.75 641.25 7.50 10.55 1.0000 high
722.69 644.38 10.87 12.11 0.0000 coast
723.81 647.95 7.33 10.99 0.0000 coast
705.00 643.36 71.25 37.97 1.0000 reinit
693.75 645.47 86.25 37.97 1.0000 high
693.75 647.58 78.75 35.86 1.0000 high
705.00 653.91 60.00 25.31 1.0000 high
705.00 656.02 56.25 25.31 1.0000 high
712.50 664.45 41.25 12.66 1.0000 high
705.00 660.23 56.25 23.20 1.0000 high
712.50 664.45 45.00 16.88 1.0000 high
727.50 672.89 3.75 2.11 0.6392 high
720.00 666.56 30.00 10.55 1.0000 high
721.69 667.54 27.98 9.09 0.0000 coast
712.50 666.56 56.25 23.20 1.0000 high
705.00 662.34 78.75 33.75 1.0000 high
701.25 662.34 86.25 35.86 1.0000 high
701.25 664.45 82.50 31.64 1.0000 high
705.00 666.56 78.75 29.53 1.0000 high
708.75 666.56 67.50 29.53 1.0000 high
708.75 666.56 63.75 27.42 1.0000 high
708.75 668.67 63.75 25.31 1.0000 high
716.25 668.67 48.75 23.20 1.0000 high
712.50 668.67 60.00 25.31 1.0000 high
712.50 668.67 60.00 25.31 1.0000 high
705.00 668.67 71.25 27.42 1.0000 high
705.00 668.67 75.00 27.42 1.0000 high
708.75 668.67 67.50 27.42 1.0000 high
708.75 668.67 63.75 25.31 1.0000 high
705.00 666.56 75.00 31.64 1.0000 high
701.25 666.56 71.25 29.53 1.0000 high
708.75 668.67 63.75 25.31 1.0000 high
705.00 666.56 71.25 27.42 1.0000 high
708.75 668.67 63.75 23.20 1.0000 high
753.75 675.00 3.75 2.11 0.3098 low
741.60 673.35 20.88 8.03 0.0000 coast
744.91 673.96 16.90 6.38 0.0000 coast
708.75 668.67 48.75 18.98 1.0000 reinit
712.50 666.56 45.00 16.88 1.0000 high
712.78 666.41 44.72 16.72 0.0000 coast
723.75 666.56 11.25 4.22 0.6471 high
726.64 666.25 3.70 1.28 0.0000 coast
712.50 670.78 11.25 4.22 0.9922 high
711.90 672.59 4.02 1.23 0.0000 coast
709.14 673.08 1.00 1.00 0.0000 coast
705.00 660.23 63.75 23.20 1.0000 reinit
712.50 660.23 52.50 21.09 1.0000 high
723.75 658.12 18.75 12.66 1.0000 high
716.25 656.02 33.75 18.98 1.0000 high
693.75 649.69 75.00 31.64 1.0000 high
705.00 653.91 45.00 21.09 1.0000 high
701.25 651.80 48.75 23.20 1.0000 high
692.80 648.25 62.92 28.67 0.0000 coast
723.75 647.58 7.50 4.22 0.8863 high
712.03 645.00 25.51 11.83 0.0000 coast
727.50 643.36 7.50 8.44 0.9098 high
726.75 641.24 7.55 8.61 0.0000 coast
727.38 639.17 6.06 8.48 0.0000 coast
728.01 637.10 4.58 8.35 0.0000 coast
728.64 635.02 3.10 8.22 0.0000 coast
693.75 628.59 37.50 18.98 1.0000 reinit
693.75 628.59 37.50 18.98 0.0000 coast
697.50 622.27 33.75 18.98 1.0000 high
698.11 621.24 33.14 18.98 0.0000 coast
682.50 615.94 48.75 21.09 1.0000 high
682.50 613.83 45.00 18.98 1.0000 high
682.50 609.61 45.00 21.09 1.0000 high
682.50 605.39 45.00 23.20 1.0000 high
678.75 601.17 48.75 29.53 1.0000 high
678.75 596.95 48.75 25.31 1.0000 high
678.75 594.84 45.00 29.53 1.0000 high
678.75 590.62 45.00 23.20 1.0000 high
682.50 590.62 33.75 12.66 1.0000 high
671.25 584.30 52.50 23.20 1.0000 high
678.75 582.19 37.50 21.09 1.0000 high
671.25 577.97 52.50 21.09 1.0000 high
675.00 573.75 41.25 21.09 1.0000 high
675.00 571.64 41.25 21.09 1.0000 high
671.25 565.31 48.75 25.31 1.0000 high
671.25 561.09 41.25 27.42 1.0000 high
667.50 554.77 45.00 29.53 1.0000 high
667.50 554.77 41.25 23.20 1.0000 high
663.75 546.33 41.25 25.31 1.0000 high
648.75 546.33 56.25 23.20 1.0000 high
656.25 546.33 41.25 18.98 1.0000 high
656.25 542.11 37.50 16.88 1.0000 high
656.25 540.00 30.00 12.66 1.0000 high
648.75 535.78 45.00 16.88 1.0000 high
648.75 531.56 41.25 18.98 1.0000 high
645.00 529.45 41.25 18.98 1.0000 high
633.75 525.23 60.00 21.09 1.0000 high
641.25 523.12 41.25 14.77 1.0000 high
648.75 521.02 33.75 14.77 1.0000 high
645.00 516.80 37.50 21.09 1.0000 high
645.00 512.58 33.75 21.09 1.0000 high
648.75 512.58 30.00 16.88 1.0000 high
641.25 508.36 33.75 21.09 1.0000 high
652.50 508.36 11.25 10.55 1.0000 high
652.50 506.25 11.25 8.44 1.0000 high
652.39 503.52 8.55 7.56 0.0000 coast
641.25 497.81 26.25 16.88 1.0000 high
637.50 495.70 33.75 16.88 1.0000 high
633.75 493.59 33.75 16.88 1.0000 high
633.75 491.48 33.75 14.77 1.0000 high
633.75 487.27 37.50 18.98 1.0000 high
633.75 485.16 37.50 21.09 1.0000 high
633.75 483.05 37.50 18.98 1.0000 high
633.75 478.83 33.75 18.98 1.0000 high
633.75 478.83 33.75 16.88 1.0000 high
626.25 476.72 41.25 18.98 1.0000 high
626.25 474.61 33.75 12.66 1.0000 high
630.00 472.50 30.00 12.66 1.0000 high
630.00 468.28 33.75 16.88 1.0000 high
630.00 468.28 26.25 12.66 1.0000 high
626.25 466.17 30.00 10.55 1.0000 high
633.75 466.17 11.25 6.33 1.0000 high
633.75 461.95 15.00 8.44 1.0000 high
633.00 459.75 13.78 7.80 0.0000 coast
632.88 457.37 12.31 7.35 0.0000 coast
632.75 454.99 10.84 6.89 0.0000 coast
632.63 452.60 9.37 6.44 0.0000 coast
632.50 450.22 7.90 5.98 0.0000 coast
632.38 447.84 6.43 5.53 0.0000 coast
632.25 445.45 4.96 5.07 0.0000 coast
632.13 443.07 3.49 4.62 0.0000 coast
632.01 440.69 2.02 4.16 0.0000 coast
631.66 438.30 1.00 3.70 0.0000 coast
-100 -100 -100 -100 0.0000 miss
-100 -100 -100 -100 0.0000 miss
-100 -100 -100 -100 0.0000 miss
-100 -100 -100 -100 0.0000 miss
-100 -100 -100 -100 0.0000 miss
-100 -100 -100 -100 0.0000 miss
-100 -100 -100 -100 0.0000 miss
611.25 417.66 26.25 12.66 1.0000 high
603.75 415.55 37.50 16.88 1.0000 high
607.50 413.44 22.50 8.44 1.0000 high
603.75 411.33 33.75 14.77 1.0000 high
603.75 407.11 41.25 23.20 1.0000 high
596.25 405.00 48.75 18.98 1.0000 high
607.50 402.89 33.75 14.77 1.0000 high
603.75 400.78 37.50 14.77 1.0000 high
603.75 398.67 37.50 16.88 1.0000 high
600.00 396.56 41.25 18.98 1.0000 high
596.25 394.45 41.25 23.20 1.0000 high
592.50 392.34 45.00 23.20 1.0000 high
596.25 390.23 41.25 18.98 1.0000 high
596.25 388.12 41.25 18.98 1.0000 high
592.50 386.02 45.00 18.98 1.0000 high
592.50 381.80 45.00 21.09 1.0000 high
592.50 379.69 45.00 21.09 1.0000 high
588.75 377.58 48.75 21.09 1.0000 high
592.50 375.47 41.25 21.09 1.0000 high
588.75 373.36 45.00 21.09 1.0000 high
592.50 373.36 41.25 18.98 1.0000 high
607.50 375.47 15.00 10.55 1.0000 high
592.50 369.14 37.50 18.98 1.0000 high
592.50 367.03 37.50 18.98 1.0000 high
591.92 364.94 37.04 19.01 0.0000 coast
591.00 362.69 37.50 19.34 0.0000 coast
590.07 360.45 37.96 19.66 0.0000 coast
589.15 358.20 38.43 19.98 0.0000 coast
588.23 355.96 38.89 20.31 0.0000 coast
587.31 353.72 39.35 20.63 0.0000 coast
586.39 351.47 39.82 20.96 0.0000 coast
585.47 349.23 40.28 21.28 0.0000 coast
584.55 346.98 40.74 21.60 0.0000 coast
583.63 344.74 41.20 21.93 0.0000 coast
-100 -100 -100 -100 0.0000 miss
-100 -100 -100 -100 0.0000 miss
-100 -100 -100 -100 0.0000 miss
-100 -100 -100 -100 0.0000 miss
-100 -100 -100 -100 0.0000 miss
-100 -100 -100 -100 0.0000 miss
-100 -100 -100 -100 0.0000 miss
-100 -100 -100 -100 0.0000 miss
-100 -100 -100 -100 0.0000 miss
-100 -100 -100 -100 0.0000 miss
-100 -100 -100 -100 0.0000 miss
-100 -100 -100 -100 0.0000 miss
-100 -100 -100 -100 0.0000 miss
-100 -100 -100 -100 0.0000 miss
-100 -100 -100 -100 0.0000 miss
581.25 341.72 11.25 4.22 0.9961 high
580.76 340.61 10.42 3.75 0.0000 coast
580.35 339.74 9.32 3.12 0.0000 coast
577.50 337.50 18.75 10.55 1.0000 high
576.68 336.39 19.45 11.29 0.0000 coast
575.83 335.27 20.26 12.12 0.0000 coast
574.98 334.15 21.07 12.95 0.0000 coast
581.25 339.61 11.25 4.22 0.9529 high
577.50 337.50 18.75 8.44 1.0000 high
581.25 337.50 15.00 8.44 1.0000 high
579.84 337.03 16.40 8.43 0.0000 coast
579.82 336.64 16.57 8.59 0.0000 coast
579.81 336.25 16.75 8.74 0.0000 coast
579.79 335.86 16.92 8.90 0.0000 coast
579.77 335.48 17.09 9.06 0.0000 coast
579.76 335.09 17.27 9.21 0.0000 coast
579.74 334.70 17.44 9.37 0.0000 coast
579.73 334.32 17.61 9.53 0.0000 coast
579.71 333.93 17.79 9.68 0.0000 coast
579.70 333.54 17.96 9.84 0.0000 coast
-100 -100 -100 -100 0.0000 miss
-100 -100 -100 -100 0.0000 miss
-100 -100 -100 -100 0.0000 miss
-100 -100 -100 -100 0.0000 miss
-100 -100 -100 -100 0.0000 miss
-100 -100 -100 -100 0.0000 miss
581.25 339.61 11.25 4.22 0.9804 high
581.25 339.61 11.25 4.22 1.0000 high
581.33 339.70 10.98 4.00 0.0000 coast
581.40 339.79 10.74 3.81 0.0000 coast
581.25 339.61 11.25 4.22 0.9961 high
577.50 337.50 18.75 10.55 1.0000 high
577.50 335.39 18.75 12.66 1.0000 high
577.50 335.39 18.75 14.77 1.0000 high
577.50 337.50 22.50 12.66 1.0000 high
577.50 337.50 22.50 18.98 1.0000 high
577.50 335.39 22.50 23.20 1.0000 high
573.75 335.39 30.00 25.31 1.0000 high
577.50 339.61 18.75 16.88 1.0000 high
581.25 341.72 15.00 6.33 1.0000 high
579.38 340.46 18.23 11.60 0.0000 coast
579.28 340.54 18.60 11.86 0.0000 coast
579.18 340.61 18.96 12.12 0.0000 coast
579.08 340.69 19.33 12.38 0.0000 coast
578.98 340.77 19.69 12.64 0.0000 coast
578.88 340.84 20.06 12.90 0.0000 coast
578.78 340.92 20.43 13.16 0.0000 coast
578.69 341.00 20.79 13.42 0.0000 coast
578.59 341.07 21.16 13.68 0.0000 coast
578.49 341.15 21.52 13.94 0.0000 coast
-100 -100 -100 -100 0.0000 miss
-100 -100 -100 -100 0.0000 miss
-100 -100 -100 -100 0.0000 miss
-100 -100 -100 -100 0.0000 miss
-100 -100 -100 -100 0.0000 miss
-100 -100 -100 -100 0.0000 miss
-100 -100 -100 -100 0.0000 miss
-100 -100 -100 -100 0.0000 miss
-100 -100 -100 -100 0.0000 miss
-100 -100 -100 -100 0.0000 miss
-100 -100 -100 -100 0.0000 miss
-100 -100 -100 -100 0.0000 miss
-100 -100 -100 -100 0.0000 miss
-100 -100 -100 -100 0.0000 miss
-100 -100 -100 -100 0.0000 miss
-100 -100 -100 -100 0.0000 miss
-100 -100 -100 -100 0.0000 miss
-100 -100 -100 -100 0.0000 miss
-100 -100 -100 -100 0.0000 miss
-100 -100 -100 -100 0.0000 miss
-100 -100 -100 -100 0.0000 lost
-100 -100 -100 -100 0.0000 none
-100 -100 -100 -100 0.0000 none
-100 -100 -100 -100 0.0000 none
-100 -100 -100 -100 0.0000 none
-100 -100 -100 -100 0.0000 none
-100 -100 -100 -100 0.0000 none
-100 -100 -100 -100 0.0000 none
-100 -100 -100 -100 0.0000 none
-100 -100 -100 -100 0.0000 none
-100 -100 -100 -100 0.0000 none
-100 -100 -100 -100 0.0000 none
-100 -100 -100 -100 0.0000 none
-100 -100 -100 -100 0.0000 none
-100 -100 -100 -100 0.0000 none
-100 -100 -100 -100 0.0000 none
-100 -100 -100 -100 0.0000 none
-100 -100 -100 -100 0.0000 none
-100 -100 -100 -100 0.0000 none
-100 -100 -100 -100 0.0000 none
-100 -100 -100 -100 0.0000 none
-100 -100 -100 -100 0.0000 none
-100 -100 -100 -100 0.0000 none
-100 -100 -100 -100 0.0000 none
-100 -100 -100 -100 0.0000 none
-100 -100 -100 -100 0.0000 none
-100 -100 -100 -100 0.0000 none
-100 -100 -100 -100 0.0000 none
731.25 335.39 3.75 2.11 0.5098 init
727.50 335.39 11.25 4.22 0.9922 high
727.22 335.39 11.81 4.38 0.0000 coast
726.45 335.39 13.36 4.81 0.0000 coast
725.67 335.39 14.91 5.25 0.0000 coast
724.90 335.39 16.46 5.68 0.0000 coast
724.12 335.39 18.01 6.12 0.0000 coast
723.35 335.39 19.56 6.55 0.0000 coast
722.57 335.39 21.11 6.99 0.0000 coast
761.25 337.50 26.25 14.77 1.0000 reinit
776.25 337.50 11.25 8.44 1.0000 high
768.75 337.50 26.25 16.88 1.0000 high
757.50 337.50 41.25 23.20 1.0000 high
772.50 339.61 26.25 16.88 1.0000 high
764.83 338.93 38.90 23.49 0.0000 coast
763.07 339.16 44.08 26.40 0.0000 coast
761.30 339.38 49.26 29.31 0.0000 coast
759.54 339.61 54.45 32.23 0.0000 coast
757.77 339.84 59.63 35.14 0.0000 coast
756.01 340.06 64.81 38.06 0.0000 coast
754.24 340.29 69.99 40.97 0.0000 coast
752.47 340.52 75.18 43.88 0.0000 coast
750.71 340.75 80.36 46.80 0.0000 coast
748.94 340.97 85.54 49.71 0.0000 coast
-100 -100 -100 -100 0.0000 miss
832.50 343.83 15.00 14.77 1.0000 high
828.75 341.72 37.50 18.98 1.0000 high
828.75 341.72 41.25 18.98 1.0000 high
832.50 341.72 41.25 21.09 1.0000 high
828.75 339.61 48.75 23.20 1.0000 high
836.25 341.72 45.00 21.09 1.0000 high
840.00 341.72 48.75 21.09 1.0000 high
847.50 341.72 45.00 21.09 1.0000 high
862.50 341.72 30.00 18.98 1.0000 high
858.75 341.72 37.50 21.09 1.0000 high
858.75 341.72 41.25 21.09 1.0000 high
858.75 339.61 45.00 23.20 1.0000 high
858.75 339.61 48.75 25.31 1.0000 high
858.75 339.61 52.50 25.31 1.0000 high
862.50 341.72 52.50 21.09 1.0000 high
881.25 343.83 33.75 16.88 1.0000 high
888.75 343.83 30.00 14.77 1.0000 high
888.75 341.72 37.50 18.98 1.0000 high
888.75 341.72 37.50 18.98 1.0000 high
892.50 339.61 41.25 25.31 1.0000 high
896.25 341.72 41.25 21.09 1.0000 high
896.25 339.61 45.00 23.20 1.0000 high
900.00 339.61 45.00 23.20 1.0000 high
903.75 339.61 52.50 25.31 1.0000 high
907.50 339.61 48.75 23.20 1.0000 high
915.00 339.61 41.25 23.20 1.0000 high
918.75 339.61 45.00 23.20 1.0000 high
922.50 339.61 45.00 23.20 1.0000 high
926.25 341.72 41.25 21.09 1.0000 high
933.75 341.72 37.50 18.98 1.0000 high
933.75 339.61 41.25 23.20 1.0000 high
933.75 339.61 48.75 23.20 1.0000 high
945.00 345.94 30.00 12.66 1.0000 high
946.43 343.89 35.67 16.06 0.0000 coast
950.20 344.17 35.22 15.59 0.0000 coast
953.97 344.45 34.77 15.13 0.0000 coast
957.74 344.72 34.31 14.67 0.0000 coast
961.51 345.00 33.86 14.20 0.0000 coast
965.28 345.28 33.40 13.74 0.0000 coast
969.06 345.55 32.95 13.28 0.0000 coast
972.83 345.83 32.49 12.81 0.0000 coast
986.25 348.05 7.50 6.33 0.9373 high
990.54 348.43 5.72 5.54 0.0000 coast
982.50 343.83 18.75 14.77 1.0000 high
978.75 341.72 26.25 18.98 1.0000 high
978.75 341.72 30.00 18.98 1.0000 high
990.00 348.05 11.25 8.44 0.9843 high
988.02 344.87 19.56 14.00 0.0000 coast
989.53 344.54 20.39 14.75 0.0000 coast
991.05 344.22 21.23 15.49 0.0000 coast
992.57 343.89 22.07 16.23 0.0000 coast
994.08 343.57 22.90 16.97 0.0000 coast
995.60 343.24 23.74 17.71 0.0000 coast
997.12 342.92 24.58 18.45 0.0000 coast
998.63 342.59 25.41 19.19 0.0000 coast
1000.15 342.26 26.25 19.93 0.0000 coast
1001.67 341.94 27.09 20.67 0.0000 coast
1012.50 352.27 11.25 8.44 1.0000 high
993.75 343.83 45.00 23.20 1.0000 high
1008.75 345.94 26.25 18.98 1.0000 high
1012.50 348.05 18.75 14.77 1.0000 high
1005.00 345.94 33.75 18.98 1.0000 high
1008.75 350.16 26.25 14.77 1.0000 high
1008.75 350.16 26.25 14.77 1.0000 high
1008.75 348.05 26.25 16.88 1.0000 high
1005.00 345.94 33.75 18.98 1.0000 high
1005.00 345.94 33.75 18.98 1.0000 high
1008.75 343.83 30.00 21.09 1.0000 high
1005.00 343.83 37.50 23.20 1.0000 high
1005.00 341.72 37.50 25.31 1.0000 high
1008.75 341.72 33.75 25.31 1.0000 high
1008.75 341.72 33.75 23.20 1.0000 high
1008.75 341.72 33.75 23.20 1.0000 high
1005.00 339.61 37.50 25.31 1.0000 high
1008.75 339.61 33.75 25.31 1.0000 high
1008.75 339.61 37.50 25.31 1.0000 high
1008.75 337.50 37.50 27.42 1.0000 high
1008.75 337.50 37.50 25.31 1.0000 high
1008.75 331.17 41.25 31.64 1.0000 high
1008.75 329.06 37.50 31.64 1.0000 high
1008.75 331.17 41.25 25.31 1.0000 high
1012.50 333.28 41.25 21.09 1.0000 high
1020.00 333.28 33.75 12.66 1.0000 high
1012.50 329.06 48.75 29.53 1.0000 high
1008.75 331.17 52.50 25.31 1.0000 high
1031.25 333.28 22.50 8.44 1.0000 high
1016.25 329.06 41.25 21.09 1.0000 high
1012.50 326.95 48.75 23.20 1.0000 high
1023.75 326.95 30.00 18.98 1.0000 high
1016.25 326.95 41.25 23.20 1.0000 high
1023.75 324.84 30.00 21.09 1.0000 high
1016.25 324.84 41.25 23.20 1.0000 high
1020.00 322.73 37.50 23.20 1.0000 high
1020.00 320.62 33.75 23.20 1.0000 high
1023.75 320.62 26.25 18.98 1.0000 high
1023.75 318.52 33.75 23.20 1.0000 high
1024.14 317.68 32.20 22.69 0.0000 coast
1023.75 316.41 30.00 21.09 1.0000 high
1023.75 316.41 33.75 21.09 1.0000 high
1020.00 314.30 33.75 21.09 1.0000 high
1023.75 314.30 26.25 14.77 1.0000 high
1020.00 310.08 33.75 21.09 1.0000 high
1020.91 309.67 32.17 19.67 0.0000 coast
1020.85 308.38 32.21 19.62 0.0000 coast
1020.80 307.10 32.26 19.57 0.0000 coast
1023.75 307.97 26.25 18.98 1.0000 high
1023.60 306.62 26.48 18.95 0.0000 coast
1023.80 305.52 26.01 18.85 0.0000 coast
1024.01 304.43 25.54 18.76 0.0000 coast
1024.21 303.33 25.06 18.66 0.0000 coast
1024.41 302.23 24.59 18.56 0.0000 coast
1024.61 301.13 24.11 18.46 0.0000 coast
1024.82 300.04 23.64 18.37 0.0000 coast
1025.02 298.94 23.17 18.27 0.0000 coast
1025.22 297.84 22.69 18.17 0.0000 coast
1025.42 296.74 22.22 18.08 0.0000 coast
-100 -100 -100 -100 0.0000 miss
-100 -100 -100 -100 0.0000 miss
1023.75 295.31 18.75 12.66 1.0000 high
1027.50 297.42 3.75 6.33 0.9020 high
1026.92 295.91 5.63 6.93 0.0000 coast
1027.31 295.21 3.72 5.95 0.0000 coast
1027.70 294.52 1.80 4.98 0.0000 coast
1027.53 293.83 1.00 4.01 0.0000 coast
1026.96 293.13 1.00 3.04 0.0000 coast
1016.25 291.09 30.00 16.88 1.0000 high
1016.25 288.98 30.00 21.09 1.0000 high
1020.00 291.09 18.75 12.66 1.0000 high
1017.03 289.26 26.19 16.77 0.0000 coast
1016.17 288.41 27.85 17.67 0.0000 coast
1015.32 287.56 29.51 18.57 0.0000 coast
1014.46 286.72 31.17 19.46 0.0000 coast
1013.61 285.87 32.83 20.36 0.0000 coast
1012.76 285.02 34.49 21.26 0.0000 coast
1016.25 288.98 22.50 10.55 1.0000 high
1016.25 288.98 18.75 10.55 1.0000 high
1015.42 288.18 20.81 11.15 0.0000 coast
1014.86 287.65 21.36 11.36 0.0000 coast
1014.30 287.12 21.92 11.57 0.0000 coast
1013.74 286.59 22.47 11.77 0.0000 coast
1013.18 286.06 23.02 11.98 0.0000 coast
1012.62 285.53 23.57 12.19 0.0000 coast
1012.06 285.00 24.12 12.40 0.0000 coast
1011.50 284.47 24.68 12.61 0.0000 coast
1010.93 283.94 25.23 12.82 0.0000 coast
997.50 280.55 11.25 6.33 0.9922 high
996.43 279.90 11.22 6.27 0.0000 coast
994.93 279.16 10.72 5.99 0.0000 coast
993.43 278.43 10.21 5.71 0.0000 coast
982.50 270.00 22.50 12.66 1.0000 high
975.00 267.89 33.75 21.09 1.0000 high
978.75 267.89 30.00 14.77 1.0000 high
975.00 265.78 26.25 14.77 1.0000 high
975.00 265.78 26.25 12.66 1.0000 high
967.50 261.56 41.25 18.98 1.0000 high
975.00 263.67 22.50 12.66 1.0000 high
967.50 259.45 33.75 16.88 1.0000 high
967.50 259.45 30.00 14.77 1.0000 high
963.75 257.34 37.50 18.98 1.0000 high
963.75 255.23 33.75 16.88 1.0000 high
963.75 253.12 30.00 16.88 1.0000 high
963.75 251.02 30.00 18.98 1.0000 high
956.25 248.91 41.25 21.09 1.0000 high
956.25 246.80 33.75 18.98 1.0000 high
960.00 246.80 26.25 14.77 1.0000 high
956.25 244.69 30.00 14.77 1.0000 high
948.75 240.47 45.00 21.09 1.0000 high
952.50 238.36 37.50 21.09 1.0000 high
952.50 234.14 37.50 27.42 1.0000 high
952.50 234.14 41.25 25.31 1.0000 high
952.50 232.03 41.25 23.20 1.0000 high
948.75 229.92 41.25 25.31 1.0000 high
948.75 229.92 41.25 23.20 1.0000 high
948.75 227.81 41.25 23.20 1.0000 high
948.75 223.59 45.00 29.53 1.0000 high
948.75 223.59 41.25 25.31 1.0000 high
952.50 221.48 37.50 25.31 1.0000 high
948.75 221.48 37.50 21.09 1.0000 high
948.75 219.38 37.50 23.20 1.0000 high
948.75 215.16 41.25 25.31 1.0000 high
948.75 213.05 41.25 29.53 1.0000 high
945.00 213.05 41.25 25.31 1.0000 high
941.25 210.94 45.00 29.53 1.0000 high
941.25 208.83 48.75 29.53 1.0000 high
941.25 210.94 45.00 27.42 1.0000 high
941.25 206.72 48.75 29.53 1.0000 high
937.50 208.83 52.50 25.31 1.0000 high
937.50 208.83 48.75 25.31 1.0000 high
937.50 208.83 48.75 23.20 1.0000 high
937.50 208.83 48.75 27.42 1.0000 high
937.50 206.72 48.75 31.64 1.0000 high
937.50 206.72 48.75 25.31 1.0000 high
937.50 206.72 48.75 25.31 1.0000 high
937.50 206.72 48.75 29.53 1.0000 high
937.50 206.72 52.50 31.64 1.0000 high
937.50 206.72 48.75 29.53 1.0000 high
937.50 206.72 52.50 29.53 1.0000 high
941.25 206.72 48.75 25.31 1.0000 high
941.25 206.72 45.00 27.42 1.0000 high
945.00 206.72 48.75 23.20 1.0000 high
945.00 204.61 48.75 27.42 1.0000 high
945.00 204.61 52.50 23.20 1.0000 high
948.75 204.61 48.75 23.20 1.0000 high
952.50 206.72 41.25 23.20 1.0000 high
952.50 206.72 45.00 23.20 1.0000 high
956.25 206.72 41.25 23.20 1.0000 high
956.25 206.72 45.00 25.31 1.0000 high
956.25 204.61 41.25 29.53 1.0000 high
960.00 206.72 48.75 27.42 1.0000 high
960.00 206.72 48.75 27.42 1.0000 high
963.75 208.83 52.50 23.20 1.0000 high
963.75 206.72 48.75 27.42 1.0000 high
967.50 206.72 48.75 29.53 1.0000 high
967.50 206.72 45.00 31.64 1.0000 high
967.50 206.72 52.50 31.64 1.0000 high
971.25 206.72 56.25 27.42 1.0000 high
975.00 210.94 56.25 25.31 1.0000 high
975.00 213.05 56.25 23.20 1.0000 high
978.75 213.05 48.75 23.20 1.0000 high
982.50 213.05 48.75 29.53 1.0000 high
986.25 213.05 45.00 25.31 1.0000 high
990.00 215.16 52.50 25.31 1.0000 high
993.75 213.05 52.50 27.42 1.0000 high
997.50 215.16 45.00 29.53 1.0000 high
997.50 219.38 45.00 25.31 1.0000 high
1001.25 223.59 41.25 25.31 1.0000 high
1005.00 225.70 41.25 25.31 1.0000 high
1008.75 227.81 37.50 27.42 1.0000 high
1012.50 227.81 37.50 25.31 1.0000 high
1012.50 229.92 37.50 25.31 1.0000 high
1016.25 232.03 37.50 25.31 1.0000 high
1016.25 232.03 41.25 23.20 1.0000 high
1023.75 236.25 30.00 21.09 1.0000 high
1027.50 238.36 33.75 18.98 1.0000 high
1027.50 240.47 33.75 18.98 1.0000 high
1027.50 242.58 37.50 18.98 1.0000 high
1027.50 242.58 37.50 18.98 1.0000 high
1031.25 244.69 37.50 21.09 1.0000 high
1035.00 248.91 37.50 18.98 1.0000 high
1031.25 246.80 45.00 25.31 1.0000 high
1031.25 251.02 45.00 21.09 1.0000 high
1038.75 251.02 37.50 21.09 1.0000 high
1038.75 253.12 37.50 21.09 1.0000 high
1038.75 257.34 41.25 18.98 1.0000 high
1042.50 259.45 33.75 18.98 1.0000 high
1046.25 261.56 37.50 21.09 1.0000 high
1050.00 265.78 30.00 16.88 1.0000 high
1046.25 267.89 33.75 25.31 1.0000 high
1050.00 267.89 30.00 18.98 1.0000 high
1050.00 272.11 30.00 14.77 1.0000 high
1061.25 280.55 7.50 2.11 0.8471 high
1050.00 276.33 33.75 16.88 1.0000 high
1053.75 278.44 18.75 10.55 1.0000 high
1053.24 280.42 25.94 13.27 0.0000 coast
1053.76 282.28 26.61 13.44 0.0000 coast
1054.27 284.13 27.28 13.61 0.0000 coast
1053.75 286.88 30.00 12.66 1.0000 high
1050.00 286.88 37.50 21.09 1.0000 high
1061.25 293.20 15.00 10.55 1.0000 high
1061.25 297.42 15.00 8.44 1.0000 high
1050.00 291.09 37.50 21.09 1.0000 high
1061.25 293.20 22.50 16.88 1.0000 high
1050.00 291.09 37.50 25.31 1.0000 high
1053.75 293.20 30.00 25.31 1.0000 high
1042.50 291.09 45.00 31.64 1.0000 high
1042.50 291.09 41.25 29.53 1.0000 high
1038.75 293.20 48.75 31.64 1.0000 high
1038.75 305.86 45.00 21.09 1.0000 high
1042.50 307.97 41.25 21.09 1.0000 high
1042.50 312.19 41.25 21.09 1.0000 high
1046.25 316.41 33.75 14.77 1.0000 high
1053.75 322.73 18.75 8.44 1.0000 high
1057.50 326.95 3.75 2.11 0.4196 low
1042.50 320.62 41.25 21.09 1.0000 high
1050.00 324.84 26.25 16.88 1.0000 high
1046.25 324.84 37.50 21.09 1.0000 high
1041.88 325.03 46.17 25.67 0.0000 coast
1039.32 325.69 52.30 29.01 0.0000 coast
1036.77 326.36 58.44 32.35 0.0000 coast
1034.21 327.02 64.57 35.69 0.0000 coast
1065.00 335.39 7.50 4.22 0.8941 high
1057.48 334.91 23.04 12.74 0.0000 coast
1038.75 335.39 41.25 25.31 1.0000 high
1035.00 337.50 45.00 23.20 1.0000 high
1035.00 339.61 45.00 23.20 1.0000 high
1035.00 341.72 45.00 23.20 1.0000 high
1038.75 343.83 37.50 18.98 1.0000 high
1038.75 343.83 37.50 21.09 1.0000 high
1035.00 343.83 41.25 23.20 1.0000 high
1035.00 345.94 41.25 25.31 1.0000 high
1031.25 345.94 45.00 27.42 1.0000 high
1035.00 348.05 45.00 25.31 1.0000 high
1031.25 350.16 48.75 25.31 1.0000 high
1035.00 352.27 41.25 23.20 1.0000 high
1038.75 352.27 37.50 23.20 1.0000 high
1035.00 354.38 45.00 23.20 1.0000 high
1038.75 356.48 37.50 21.09 1.0000 high
1035.00 356.48 41.25 21.09 1.0000 high
1027.50 356.48 48.75 23.20 1.0000 high
1027.50 356.48 48.75 23.20 1.0000 high
1027.50 356.48 48.75 25.31 1.0000 high
1027.50 356.48 48.75 25.31 1.0000 high
1027.50 358.59 48.75 25.31 1.0000 high
1031.25 358.59 45.00 23.20 1.0000 high
1027.50 358.59 52.50 25.31 1.0000 high
1027.50 358.59 52.50 25.31 1.0000 high
1031.25 358.59 48.75 25.31 1.0000 high
1027.50 358.59 48.75 27.42 1.0000 high
1027.50 358.59 52.50 27.42 1.0000 high
1031.25 358.59 48.75 27.42 1.0000 high
1031.25 358.59 48.75 27.42 1.0000 high
1031.25 358.59 45.00 27.42 1.0000 high
1035.00 360.70 41.25 25.31 1.0000 high
1035.00 362.81 41.25 23.20 1.0000 high
1038.75 362.81 37.50 21.09 1.0000 high
1038.75 362.81 37.50 21.09 1.0000 high
1038.75 364.92 37.50 18.98 1.0000 high
1038.75 364.92 33.75 18.98 1.0000 high
1038.75 364.92 37.50 18.98 1.0000 high
1038.75 364.92 37.50 18.98 1.0000 high
1038.75 364.92 37.50 18.98 1.0000 high
1038.75 364.92 37.50 18.98 1.0000 high
1038.75 364.92 37.50 18.98 1.0000 high
1038.75 364.92 37.50 18.98 1.0000 high
1038.75 364.92 37.50 18.98 1.0000 high
1038.75 367.03 37.50 16.88 1.0000 high
1042.50 367.03 33.75 16.88 1.0000 high
1038.75 364.92 37.50 18.98 1.0000 high
1035.00 364.92 41.25 18.98 1.0000 high
1038.75 364.92 37.50 18.98 1.0000 high
1038.75 364.92 37.50 18.98 1.0000 high
1035.00 364.92 45.00 18.98 1.0000 high
1035.00 362.81 45.00 21.09 1.0000 high
1038.75 364.92 41.25 18.98 1.0000 high
1038.75 364.92 41.25 18.98 1.0000 high
1035.00 362.81 45.00 21.09 1.0000 high
1038.75 364.92 41.25 18.98 1.0000 high
1035.00 364.92 45.00 21.09 1.0000 high
1038.75 364.92 41.25 21.09 1.0000 high
1038.75 364.92 41.25 21.09 1.0000 high
1038.75 364.92 41.25 21.09 1.0000 high
1035.00 360.70 45.00 25.31 1.0000 high
1038.75 360.70 41.25 25.31 1.0000 high
1038.75 360.70 45.00 27.42 1.0000 high
1038.75 358.59 41.25 27.42 1.0000 high
1035.00 358.59 45.00 29.53 1.0000 high
1035.00 358.59 45.00 29.53 1.0000 high
1035.00 358.59 45.00 29.53 1.0000 high
1035.00 360.70 45.00 27.42 1.0000 high
1035.00 358.59 45.00 29.53 1.0000 high
1035.00 364.92 45.00 23.20 1.0000 high
1031.25 367.03 48.75 21.09 1.0000 high
1031.25 367.03 45.00 21.09 1.0000 high
1031.25 367.03 45.00 21.09 1.0000 high
1035.00 367.03 41.25 23.20 1.0000 high
1031.25 369.14 45.00 21.09 1.0000 high
1031.25 369.14 41.25 21.09 1.0000 high
1031.25 369.14 41.25 21.09 1.0000 high
1031.25 369.14 41.25 21.09 1.0000 high
1031.25 369.14 41.25 21.09 1.0000 high
1027.50 369.14 45.00 21.09 1.0000 high
1027.50 369.14 41.25 21.09 1.0000 high
1027.50 369.14 41.25 23.20 1.0000 high
1027.50 358.59 45.00 33.75 1.0000 high
1027.50 369.14 37.50 23.20 1.0000 high
1023.75 369.14 45.00 23.20 1.0000 high
1023.75 369.14 41.25 21.09 1.0000 high
1023.75 371.25 41.25 18.98 1.0000 high
1023.75 371.25 41.25 18.98 1.0000 high
1023.75 371.25 41.25 18.98 1.0000 high
1023.75 371.25 37.50 18.98 1.0000 high
1020.00 371.25 41.25 18.98 1.0000 high
1020.00 371.25 41.25 21.09 1.0000 high
1020.00 371.25 41.25 21.09 1.0000 high
1016.25 371.25 41.25 21.09 1.0000 high
1016.25 371.25 41.25 21.09 1.0000 high
1016.25 371.25 37.50 21.09 1.0000 high
1016.25 371.25 41.25 21.09 1.0000 high
1016.25 371.25 41.25 21.09 1.0000 high
1016.25 371.25 41.25 21.09 1.0000 high
1016.25 371.25 37.50 23.20 1.0000 high
1016.25 371.25 37.50 21.09 1.0000 high
1016.25 371.25 37.50 21.09 1.0000 high
1012.50 371.25 41.25 23.20 1.0000 high
1012.50 373.36 41.25 21.09 1.0000 high
1012.50 373.36 41.25 21.09 1.0000 high
1012.50 373.36 41.25 21.09 1.0000 high
1012.50 373.36 37.50 21.09 1.0000 high
1012.50 373.36 37.50 21.09 1.0000 high
1012.50 373.36 37.50 21.09 1.0000 high
1012.50 373.36 37.50 21.09 1.0000 high
1012.50 373.36 37.50 21.09 1.0000 high
1012.50 375.47 33.75 18.98 1.0000 high
1012.50 375.47 33.75 18.98 1.0000 high
1012.50 375.47 37.50 18.98 1.0000 high
1012.50 375.47 33.75 18.98 1.0000 high
1012.50 375.47 33.75 18.98 1.0000 high
1012.50 375.47 33.75 18.98 1.0000 high
1008.75 375.47 37.50 18.98 1.0000 high
1008.75 375.47 37.50 18.98 1.0000 high
1008.75 375.47 37.50 18.98 1.0000 high
1008.75 375.47 37.50 18.98 1.0000 high
1008.75 375.47 37.50 18.98 1.0000 high
1008.75 375.47 37.50 18.98 1.0000 high
1008.75 375.47 37.50 18.98 1.0000 high
1008.75 375.47 37.50 18.98 1.0000 high
1008.75 375.47 37.50 18.98 1.0000 high
1012.50 375.47 30.00 18.98 1.0000 high
1008.75 375.47 37.50 18.98 1.0000 high
1008.75 375.47 37.50 18.98 1.0000 high
1008.75 375.47 37.50 18.98 1.0000 high
1008.75 375.47 37.50 18.98 1.0000 high
1008.75 375.47 37.50 18.98 1.0000 high
1012.50 375.47 33.75 18.98 1.0000 high
1008.75 375.47 37.50 18.98 1.0000 high
1008.75 375.47 37.50 18.98 1.0000 high
1008.75 375.47 37.50 18.98 1.0000 high
1008.75 375.47 37.50 18.98 1.0000 high
1008.75 375.47 37.50 21.09 1.0000 high
1008.75 377.58 37.50 18.98 1.0000 high
1012.50 377.58 33.75 18.98 1.0000 high
1016.25 377.58 30.00 18.98 1.0000 high
1008.75 377.58 41.25 18.98 1.0000 high
1008.75 377.58 41.25 21.09 1.0000 high
1012.50 377.58 37.50 18.98 1.0000 high
1012.50 377.58 33.75 18.98 1.0000 high
1008.75 377.58 41.25 21.09 1.0000 high
1012.50 377.58 33.75 18.98 1.0000 high
1012.50 377.58 37.50 18.98 1.0000 high
1008.75 377.58 41.25 18.98 1.0000 high
1016.25 377.58 30.00 18.98 1.0000 high
1016.25 377.58 30.00 16.88 1.0000 high
1008.75 377.58 37.50 18.98 1.0000 high
1012.50 377.58 33.75 16.88 1.0000 high
1012.50 377.58 37.50 18.98 1.0000 high
1012.50 377.58 41.25 16.88 1.0000 high
1012.50 375.47 41.25 18.98 1.0000 high
1012.50 375.47 41.25 18.98 1.0000 high
1012.50 375.47 41.25 18.98 1.0000 high
1016.25 375.47 37.50 18.98 1.0000 high
1016.25 375.47 41.25 18.98 1.0000 high
1012.50 375.47 45.00 18.98 1.0000 high
1016.25 373.36 41.25 21.09 1.0000 high
1016.25 373.36 41.25 21.09 1.0000 high
1016.25 373.36 41.25 21.09 1.0000 high
1016.25 373.36 41.25 21.09 1.0000 high
1016.25 371.25 45.00 23.20 1.0000 high
1016.25 371.25 45.00 21.09 1.0000 high
1016.25 369.14 45.00 25.31 1.0000 high
1016.25 369.14 45.00 23.20 1.0000 high
1016.25 358.59 56.25 31.64 1.0000 high
1016.25 367.03 48.75 23.20 1.0000 high
1020.00 367.03 45.00 23.20 1.0000 high
1020.00 367.03 45.00 23.20 1.0000 high
1023.75 367.03 45.00 23.20 1.0000 high
1023.75 358.59 48.75 29.53 1.0000 high
1023.75 358.59 52.50 29.53 1.0000 high
1023.75 356.48 56.25 31.64 1.0000 high
1027.50 358.59 41.25 27.42 1.0000 high
1027.50 358.59 48.75 27.42 1.0000 high
1027.50 358.59 52.50 27.42 1.0000 high
1027.50 358.59 48.75 27.42 1.0000 high
1023.75 358.59 56.25 25.31 1.0000 high
1023.75 358.59 52.50 25.31 1.0000 high
1027.50 358.59 48.75 25.31 1.0000 high
1027.50 358.59 48.75 23.20 1.0000 high
1027.50 358.59 48.75 23.20 1.0000 high
1023.75 356.48 52.50 25.31 1.0000 high
1031.25 358.59 41.25 23.20 1.0000 high
1027.50 358.59 48.75 25.31 1.0000 high
1023.75 358.59 52.50 25.31 1.0000 high
1027.50 358.59 48.75 25.31 1.0000 high
1031.25 358.59 45.00 25.31 1.0000 high
1035.00 360.70 41.25 25.31 1.0000 high
1031.25 358.59 48.75 27.42 1.0000 high
1035.00 362.81 41.25 23.20 1.0000 high
1035.00 362.81 41.25 25.31 1.0000 high
1031.25 358.59 48.75 31.64 1.0000 high
1031.25 358.59 48.75 31.64 1.0000 high
1035.00 367.03 45.00 25.31 1.0000 high
1035.00 367.03 45.00 25.31 1.0000 high
1035.00 367.03 45.00 25.31 1.0000 high
1038.75 369.14 41.25 25.31 1.0000 high
1035.00 371.25 45.00 23.20 1.0000 high
1038.75 373.36 41.25 21.09 1.0000 high
1038.75 373.36 37.50 21.09 1.0000 high
1038.75 375.47 41.25 21.09 1.0000 high
1035.00 375.47 48.75 23.20 1.0000 high
1038.75 375.47 41.25 23.20 1.0000 high
1035.00 377.58 45.00 21.09 1.0000 high
1038.75 377.58 41.25 23.20 1.0000 high
1038.75 379.69 41.25 23.20 1.0000 high
1035.00 379.69 41.25 23.20 1.0000 high
1038.75 381.80 37.50 21.09 1.0000 high
1038.75 383.91 37.50 18.98 1.0000 high
1035.00 383.91 41.25 18.98 1.0000 high
1035.00 383.91 41.25 21.09 1.0000 high
1035.00 386.02 41.25 21.09 1.0000 high
1038.75 386.02 37.50 21.09 1.0000 high
1035.00 386.02 41.25 23.20 1.0000 high
1038.75 388.12 41.25 21.09 1.0000 high
1038.75 390.23 37.50 21.09 1.0000 high
1038.75 390.23 37.50 21.09 1.0000 high
1038.75 392.34 37.50 18.98 1.0000 high
1035.00 392.34 45.00 21.09 1.0000 high
1031.25 392.34 48.75 23.20 1.0000 high
1035.00 394.45 41.25 21.09 1.0000 high
1038.75 394.45 37.50 21.09 1.0000 high
1035.00 396.56 45.00 18.98 1.0000 high
1038.75 396.56 37.50 21.09 1.0000 high
1050.00 398.67 22.50 18.98 1.0000 high
1038.75 398.67 37.50 21.09 1.0000 high
1035.00 398.67 45.00 23.20 1.0000 high
1031.25 400.78 52.50 21.09 1.0000 high
1031.25 400.78 52.50 23.20 1.0000 high
1031.25 402.89 48.75 23.20 1.0000 high
1035.00 402.89 41.25 21.09 1.0000 high
1031.25 405.00 48.75 21.09 1.0000 high
1035.00 405.00 41.25 23.20 1.0000 high
1038.75 407.11 33.75 18.98 1.0000 high
1035.00 407.11 41.25 23.20 1.0000 high
1035.00 409.22 45.00 21.09 1.0000 high
1031.25 409.22 52.50 23.20 1.0000 high
1035.00 411.33 41.25 21.09 1.0000 high
1035.00 411.33 45.00 21.09 1.0000 high
1038.75 413.44 41.25 18.98 1.0000 high
1038.75 413.44 37.50 21.09 1.0000 high
1050.00 428.20 11.25 6.33 0.9765 high
1053.75 430.31 7.50 6.33 0.7294 high
1055.16 432.61 4.60 4.96 0.0000 coast
1057.08 435.48 1.00 3.15 0.0000 coast
1057.20 438.35 1.00 1.34 0.0000 coast
1057.32 440.48 1.00 1.00 0.0000 coast
1057.44 442.44 1.00 1.00 0.0000 coast
1057.56 444.41 1.00 1.00 0.0000 coast
1057.68 446.37 1.00 1.00 0.0000 coast
1057.80 448.34 1.00 1.00 0.0000 coast
1057.92 450.30 1.00 1.00 0.0000 coast
1058.04 452.26 1.00 1.00 0.0000 coast
-100 -100 -100 -100 0.0000 miss
-100 -100 -100 -100 0.0000 miss
-100 -100 -100 -100 0.0000 miss
-100 -100 -100 -100 0.0000 miss
-100 -100 -100 -100 0.0000 miss
-100 -100 -100 -100 0.0000 miss
-100 -100 -100 -100 0.0000 miss
-100 -100 -100 -100 0.0000 miss
-100 -100 -100 -100 0.0000 miss
-100 -100 -100 -100 0.0000 miss
-100 -100 -100 -100 0.0000 miss
-100 -100 -100 -100 0.0000 miss
-100 -100 -100 -100 0.0000 miss
-100 -100 -100 -100 0.0000 miss
-100 -100 -100 -100 0.0000 miss
-100 -100 -100 -100 0.0000 miss
-100 -100 -100 -100 0.0000 miss
1057.50 468.28 7.50 4.22 0.9765 high
1059.65 470.47 3.48 2.53 0.0000 coast
1050.00 466.17 18.75 10.55 1.0000 high
1053.75 470.39 15.00 8.44 1.0000 high
1042.50 466.17 33.75 16.88 1.0000 high
1038.75 466.17 45.00 18.98 1.0000 high
1035.00 468.28 52.50 25.31 1.0000 high
1038.75 470.39 48.75 23.20 1.0000 high
1042.50 470.39 41.25 23.20 1.0000 high
1038.75 472.50 41.25 21.09 1.0000 high
1035.00 474.61 52.50 18.98 1.0000 high
1038.75 474.61 48.75 21.09 1.0000 high
1038.75 476.72 45.00 18.98 1.0000 high
1038.75 478.83 48.75 18.98 1.0000 high
1038.75 480.94 41.25 16.88 1.0000 high
1035.00 483.05 48.75 16.88 1.0000 high
1035.00 483.05 48.75 18.98 1.0000 high
1031.25 485.16 48.75 16.88 1.0000 high
1031.25 487.27 48.75 16.88 1.0000 high
1042.50 487.27 33.75 18.98 1.0000 high
1038.75 489.38 37.50 18.98 1.0000 high
1042.50 491.48 33.75 16.88 1.0000 high
1042.50 491.48 37.50 18.98 1.0000 high
1038.75 493.59 37.50 18.98 1.0000 high
1042.50 497.81 26.25 12.66 1.0000 high
1046.25 497.81 26.25 14.77 1.0000 high
1038.75 497.81 37.50 16.88 1.0000 high
1038.75 499.92 37.50 18.98 1.0000 high
1038.75 502.03 37.50 18.98 1.0000 high
1038.75 502.03 33.75 16.88 1.0000 high
1027.50 502.03 48.75 18.98 1.0000 high
1023.75 502.03 56.25 21.09 1.0000 high
1031.25 502.03 48.75 18.98 1.0000 high
1038.75 504.14 33.75 16.88 1.0000 high
1046.25 506.25 22.50 14.77 1.0000 high
1042.50 504.14 30.00 18.98 1.0000 high
1046.25 506.25 26.25 16.88 1.0000 high
1042.50 506.25 33.75 16.88 1.0000 high
1046.25 508.36 22.50 12.66 1.0000 high
1038.75 506.25 33.75 16.88 1.0000 high
1042.50 508.36 30.00 16.88 1.0000 high
1042.50 508.36 30.00 16.88 1.0000 high
1038.75 508.36 33.75 16.88 1.0000 high
1035.00 508.36 37.50 18.98 1.0000 high
1042.50 508.36 30.00 18.98 1.0000 high
1042.50 510.47 30.00 14.77 1.0000 high
1050.00 512.58 18.75 10.55 1.0000 high
1038.75 508.36 37.50 18.98 1.0000 high
1038.75 508.36 37.50 18.98 1.0000 high
1038.75 508.36 37.50 18.98 1.0000 high
1038.75 508.36 37.50 18.98 1.0000 high
1046.25 510.47 26.25 16.88 1.0000 high
1038.75 508.36 37.50 21.09 1.0000 high
1035.00 508.36 41.25 23.20 1.0000 high
1038.75 508.36 37.50 21.09 1.0000 high
1031.25 508.36 45.00 21.09 1.0000 high
1031.25 510.47 45.00 16.88 1.0000 high
1027.50 508.36 48.75 23.20 1.0000 high
1023.75 508.36 52.50 25.31 1.0000 high
1023.75 508.36 52.50 23.20 1.0000 high
1035.00 510.47 37.50 21.09 1.0000 high
1038.75 510.47 33.75 21.09 1.0000 high
1038.75 510.47 33.75 21.09 1.0000 high
1042.50 512.58 26.25 16.88 1.0000 high
1042.50 512.58 26.25 18.98 1.0000 high
1038.75 510.47 30.00 21.09 1.0000 high
1038.75 510.47 33.75 21.09 1.0000 high
1035.00 510.47 37.50 21.09 1.0000 high
1031.25 510.47 41.25 23.20 1.0000 high
1031.25 510.47 41.25 23.20 1.0000 high
1031.25 512.58 41.25 21.09 1.0000 high
1027.50 512.58 45.00 21.09 1.0000 high
1023.75 510.47 45.00 23.20 1.0000 high
1023.75 510.47 48.75 23.20 1.0000 high
1023.75 510.47 45.00 23.20 1.0000 high
1020.00 510.47 52.50 23.20 1.0000 high
1023.75 510.47 45.00 23.20 1.0000 high
1023.75 510.47 48.75 23.20 1.0000 high
1023.75 508.36 48.75 23.20 1.0000 high
1023.75 508.36 52.50 25.31 1.0000 high
1023.75 508.36 48.75 21.09 1.0000 high
1023.75 506.25 48.75 23.20 1.0000 high
1031.25 508.36 33.75 18.98 1.0000 high
1023.75 504.14 41.25 21.09 1.0000 high
1020.00 504.14 48.75 18.98 1.0000 high
1023.75 502.03 45.00 18.98 1.0000 high
1031.25 499.92 37.50 18.98 1.0000 high
1035.00 497.81 26.25 14.77 1.0000 high
1035.00 493.59 30.00 16.88 1.0000 high
1023.75 489.38 48.75 23.20 1.0000 high
1027.50 489.38 45.00 16.88 1.0000 high
1031.25 485.16 41.25 18.98 1.0000 high
1027.50 483.05 45.00 16.88 1.0000 high
1023.75 480.94 48.75 18.98 1.0000 high
1031.25 478.83 41.25 18.98 1.0000 high
1027.50 476.72 48.75 18.98 1.0000 high
1027.50 474.61 48.75 21.09 1.0000 high
1027.50 474.61 45.00 21.09 1.0000 high
1027.50 474.61 45.00 18.98 1.0000 high
1031.25 472.50 37.50 21.09 1.0000 high
1031.25 472.50 41.25 21.09 1.0000 high
1031.25 472.50 41.25 21.09 1.0000 high
1031.25 470.39 41.25 23.20 1.0000 high
1031.25 472.50 41.25 21.09 1.0000 high
1031.25 472.50 37.50 21.09 1.0000 high
1031.25 470.39 37.50 23.20 1.0000 high
1031.25 472.50 37.50 18.98 1.0000 high
1031.25 472.50 33.75 18.98 1.0000 high
1031.25 470.39 41.25 23.20 1.0000 high
1031.25 470.39 33.75 23.20 1.0000 high
1027.50 470.39 41.25 23.20 1.0000 high
1031.25 470.39 33.75 21.09 1.0000 high
1031.25 470.39 33.75 23.20 1.0000 high
1031.25 470.39 37.50 23.20 1.0000 high
1031.25 470.39 37.50 23.20 1.0000 high
1027.50 470.39 37.50 23.20 1.0000 high
1031.25 472.50 33.75 18.98 1.0000 high
1027.50 472.50 33.75 18.98 1.0000 high
1027.50 472.50 33.75 18.98 1.0000 high
1023.75 472.50 41.25 18.98 1.0000 high
1023.75 472.50 41.25 18.98 1.0000 high
1023.75 472.50 37.50 21.09 1.0000 high
1023.75 472.50 33.75 21.09 1.0000 high
1023.75 472.50 37.50 21.09 1.0000 high
1020.00 472.50 37.50 21.09 1.0000 high
1020.00 472.50 37.50 21.09 1.0000 high
1023.75 472.50 26.25 16.88 1.0000 high
1020.00 472.50 37.50 18.98 1.0000 high
1020.00 472.50 33.75 18.98 1.0000 high
1016.25 472.50 33.75 18.98 1.0000 high
1020.00 472.50 30.00 18.98 1.0000 high
1016.25 470.39 33.75 23.20 1.0000 high
1016.25 472.50 30.00 18.98 1.0000 high
1008.75 472.50 37.50 18.98 1.0000 high
1008.75 472.50 33.75 18.98 1.0000 high
1008.75 472.50 33.75 18.98 1.0000 high
1008.75 472.50 30.00 18.98 1.0000 high
1005.00 472.50 33.75 16.88 1.0000 high
1012.50 472.50 18.75 14.77 1.0000 high
1005.00 472.50 26.25 18.98 1.0000 high
1001.25 472.50 30.00 18.98 1.0000 high
1005.00 474.61 18.75 14.77 1.0000 high
1008.75 474.61 15.00 12.66 1.0000 high
1001.25 474.61 22.50 14.77 1.0000 high
993.75 472.50 33.75 18.98 1.0000 high
993.75 472.50 33.75 21.09 1.0000 high
990.00 472.50 37.50 18.98 1.0000 high
990.00 474.61 26.25 14.77 1.0000 high
990.00 474.61 26.25 14.77 1.0000 high
987.14 474.41 28.56 15.47 0.0000 coast
993.75 478.83 11.25 8.44 1.0000 high
990.55 478.26 14.42 9.47 0.0000 coast
989.26 478.67 13.60 8.94 0.0000 coast
993.75 480.94 7.50 4.22 0.9412 high
990.00 478.83 15.00 8.44 1.0000 high
986.25 478.83 15.00 10.55 1.0000 high
985.97 479.04 15.09 9.76 0.0000 coast
984.50 479.06 15.59 10.10 0.0000 coast
982.50 478.83 15.00 10.55 1.0000 high
978.75 483.05 15.00 6.33 1.0000 high
975.00 478.83 18.75 12.66 1.0000 high
978.75 480.94 15.00 8.44 1.0000 high
971.25 480.94 18.75 10.55 1.0000 high
963.75 478.83 26.25 14.77 1.0000 high
971.25 483.05 7.50 6.33 1.0000 high
966.22 481.81 14.79 9.57 0.0000 coast
964.19 481.96 15.10 9.77 0.0000 coast
962.15 482.12 15.41 9.96 0.0000 coast
960.12 482.28 15.71 10.16 0.0000 coast
958.09 482.44 16.02 10.36 0.0000 coast
963.75 485.16 7.50 6.33 1.0000 high
960.00 485.16 11.25 6.33 1.0000 high
956.25 483.05 11.25 10.55 1.0000 high
956.25 485.16 7.50 6.33 1.0000 high
952.50 485.16 15.00 8.44 1.0000 high
948.75 483.05 22.50 12.66 1.0000 high
945.00 483.05 22.50 14.77 1.0000 high
945.00 483.05 22.50 12.66 1.0000 high
941.25 485.16 22.50 10.55 1.0000 high
933.75 483.05 30.00 14.77 1.0000 high
930.00 483.05 37.50 16.88 1.0000 high
926.25 485.16 30.00 12.66 1.0000 high
926.25 485.16 33.75 16.88 1.0000 high
918.75 485.16 41.25 18.98 1.0000 high
915.00 487.27 45.00 18.98 1.0000 high
922.50 487.27 33.75 18.98 1.0000 high
922.50 489.38 30.00 16.88 1.0000 high
918.75 489.38 37.50 21.09 1.0000 high
918.75 491.48 37.50 21.09 1.0000 high
918.75 495.70 30.00 14.77 1.0000 high
915.00 497.81 26.25 12.66 1.0000 high
915.00 497.81 30.00 16.88 1.0000 high
907.50 499.92 41.25 18.98 1.0000 high
907.50 502.03 41.25 16.88 1.0000 high
907.50 504.14 33.75 16.88 1.0000 high
907.50 504.14 30.00 16.88 1.0000 high
904.59 505.52 33.08 17.31 0.0000 coast
911.25 508.36 22.50 12.66 1.0000 high
903.75 508.36 45.00 23.20 1.0000 high
903.75 510.47 41.25 21.09 1.0000 high
903.75 510.47 37.50 23.20 1.0000 high
903.75 510.47 41.25 21.09 1.0000 high
903.75 510.47 33.75 23.20 1.0000 high
900.00 510.47 41.25 23.20 1.0000 high
903.75 516.80 33.75 18.98 1.0000 high
900.00 518.91 33.75 16.88 1.0000 high
900.00 518.91 33.75 16.88 1.0000 high
900.00 521.02 33.75 16.88 1.0000 high
900.00 521.02 30.00 16.88 1.0000 high
907.50 523.12 15.00 12.66 1.0000 high
903.75 523.12 18.75 12.66 1.0000 high
903.72 524.53 17.16 12.23 0.0000 coast
903.51 525.69 15.62 11.64 0.0000 coast
903.30 526.86 14.08 11.04 0.0000 coast
903.10 528.03 12.53 10.45 0.0000 coast
902.89 529.19 10.99 9.86 0.0000 coast
902.68 530.36 9.44 9.27 0.0000 coast
902.48 531.52 7.90 8.68 0.0000 coast
902.27 532.69 6.35 8.09 0.0000 coast
902.06 533.86 4.81 7.50 0.0000 coast
901.85 535.02 3.27 6.91 0.0000 coast
-100 -100 -100 -100 0.0000 miss
-100 -100 -100 -100 0.0000 miss
-100 -100 -100 -100 0.0000 miss
-100 -100 -100 -100 0.0000 miss
-100 -100 -100 -100 0.0000 miss
-100 -100 -100 -100 0.0000 miss
-100 -100 -100 -100 0.0000 miss
-100 -100 -100 -100 0.0000 miss
-100 -100 -100 -100 0.0000 miss
-100 -100 -100 -100 0.0000 miss
-100 -100 -100 -100 0.0000 miss
-100 -100 -100 -100 0.0000 miss
-100 -100 -100 -100 0.0000 miss
-100 -100 -100 -100 0.0000 miss
-100 -100 -100 -100 0.0000 miss
-100 -100 -100 -100 0.0000 miss
-100 -100 -100 -100 0.0000 miss
-100 -100 -100 -100 0.0000 miss
-100 -100 -100 -100 0.0000 miss
-100 -100 -100 -100 0.0000 miss
-100 -100 -100 -100 0.0000 lost
-100 -100 -100 -100 0.0000 none
-100 -100 -100 -100 0.0000 none
-100 -100 -100 -100 0.0000 none
-100 -100 -100 -100 0.0000 none
-100 -100 -100 -100 0.0000 none
-100 -100 -100 -100 0.0000 none
-100 -100 -100 -100 0.0000 none
-100 -100 -100 -100 0.0000 none
-100 -100 -100 -100 0.0000 none
-100 -100 -100 -100 0.0000 none
-100 -100 -100 -100 0.0000 none
-100 -100 -100 -100 0.0000 none
-100 -100 -100 -100 0.0000 none
-100 -100 -100 -100 0.0000 none
-100 -100 -100 -100 0.0000 none
-100 -100 -100 -100 0.0000 none
-100 -100 -100 -100 0.0000 none
-100 -100 -100 -100 0.0000 none
-100 -100 -100 -100 0.0000 none
-100 -100 -100 -100 0.0000 none
-100 -100 -100 -100 0.0000 none
-100 -100 -100 -100 0.0000 none
-100 -100 -100 -100 0.0000 none
948.75 523.12 7.50 6.33 0.9922 init
948.75 523.12 7.50 6.33 0.0000 coast
948.75 523.12 7.50 6.33 0.0000 coast
948.75 523.12 7.50 6.33 0.0000 coast
945.00 521.02 18.75 10.55 1.0000 high
948.75 521.02 11.25 6.33 0.9922 high
941.25 516.80 26.25 14.77 1.0000 high
945.00 518.91 15.00 10.55 1.0000 high
941.25 516.80 30.00 14.77 1.0000 high
945.00 516.80 22.50 12.66 1.0000 high
945.00 514.69 26.25 14.77 1.0000 high
952.50 516.80 15.00 10.55 1.0000 high
956.25 516.80 7.50 2.11 0.6863 high
956.25 516.80 7.50 2.11 0.8667 high
956.39 516.27 8.35 2.26 0.0000 coast
952.50 512.58 18.75 12.66 1.0000 high
952.50 512.58 22.50 14.77 1.0000 high
952.50 512.58 22.50 14.77 1.0000 high
956.25 514.69 15.00 12.66 1.0000 high
952.50 514.69 18.75 10.55 1.0000 high
948.75 512.58 26.25 14.77 1.0000 high
956.25 514.69 15.00 10.55 1.0000 high
956.25 516.80 11.25 6.33 1.0000 high
955.21 515.17 15.37 9.50 0.0000 coast
955.15 514.80 16.21 10.18 0.0000 coast
955.09 514.43 17.05 10.86 0.0000 coast
955.03 514.05 17.90 11.54 0.0000 coast
954.97 513.68 18.74 12.22 0.0000 coast
954.91 513.31 19.58 12.90 0.0000 coast
948.75 504.14 26.25 14.77 1.0000 high
952.50 502.03 18.75 14.77 1.0000 high
950.62 501.52 22.95 15.78 0.0000 coast
950.23 500.38 23.91 16.52 0.0000 coast
949.85 499.23 24.86 17.27 0.0000 coast
948.75 491.48 30.00 16.88 1.0000 high
960.00 495.70 7.50 6.33 0.9882 high
960.00 493.59 7.50 4.22 1.0000 high
959.61 492.12 8.69 5.12 0.0000 coast
960.09 490.86 8.06 4.67 0.0000 coast
960.00 483.05 15.00 10.55 1.0000 high
960.40 480.89 15.40 10.96 0.0000 coast
963.75 480.94 7.50 6.33 0.9412 high
960.00 476.72 15.00 8.44 1.0000 high
960.00 472.50 18.75 12.66 1.0000 high
956.25 468.28 26.25 14.77 1.0000 high
957.91 466.59 24.29 14.31 0.0000 coast
957.83 463.90 25.67 15.09 0.0000 coast
957.76 461.20 27.05 15.87 0.0000 coast
957.68 458.51 28.42 16.65 0.0000 coast
957.60 455.82 29.80 17.43 0.0000 coast
957.52 453.12 31.18 18.21 0.0000 coast
957.44 450.43 32.55 18.99 0.0000 coast
957.37 447.73 33.93 19.77 0.0000 coast
957.29 445.04 35.31 20.55 0.0000 coast
957.21 442.34 36.69 21.33 0.0000 coast
-100 -100 -100 -100 0.0000 miss
-100 -100 -100 -100 0.0000 miss
-100 -100 -100 -100 0.0000 miss
-100 -100 -100 -100 0.0000 miss
-100 -100 -100 -100 0.0000 miss
-100 -100 -100 -100 0.0000 miss
-100 -100 -100 -100 0.0000 miss
-100 -100 -100 -100 0.0000 miss
-100 -100 -100 -100 0.0000 miss
-100 -100 -100 -100 0.0000 miss
-100 -100 -100 -100 0.0000 miss
-100 -100 -100 -100 0.0000 miss
-100 -100 -100 -100 0.0000 miss
-100 -100 -100 -100 0.0000 miss
-100 -100 -100 -100 0.0000 miss
-100 -100 -100 -100 0.0000 miss
-100 -100 -100 -100 0.0000 miss
-100 -100 -100 -100 0.0000 miss
-100 -100 -100 -100 0.0000 miss
-100 -100 -100 -100 0.0000 miss
-100 -100 -100 -100 0.0000 lost
-100 -100 -100 -100 0.0000 none
-100 -100 -100 -100 0.0000 none
-100 -100 -100 -100 0.0000 none
-100 -100 -100 -100 0.0000 none
-100 -100 -100 -100 0.0000 none
-100 -100 -100 -100 0.0000 none
-100 -100 -100 -100 0.0000 none
-100 -100 -100 -100 0.0000 none
-100 -100 -100 -100 0.0000 none
-100 -100 -100 -100 0.0000 none
-100 -100 -100 -100 0.0000 none
-100 -100 -100 -100 0.0000 none
-100 -100 -100 -100 0.0000 none
-100 -100 -100 -100 0.0000 none
-100 -100 -100 -100 0.0000 none
-100 -100 -100 -100 0.0000 none
-100 -100 -100 -100 0.0000 none
-100 -100 -100 -100 0.0000 none
-100 -100 -100 -100 0.0000 none
-100 -100 -100 -100 0.0000 none
-100 -100 -100 -100 0.0000 none
-100 -100 -100 -100 0.0000 none
-100 -100 -100 -100 0.0000 none
-100 -100 -100 -100 0.0000 none
-100 -100 -100 -100 0.0000 none
-100 -100 -100 -100 0.0000 none
-100 -100 -100 -100 0.0000 none
-100 -100 -100 -100 0.0000 none
-100 -100 -100 -100 0.0000 none
-100 -100 -100 -100 0.0000 none
-100 -100 -100 -100 0.0000 none
-100 -100 -100 -100 0.0000 none
-100 -100 -100 -100 0.0000 none
-100 -100 -100 -100 0.0000 none
-100 -100 -100 -100 0.0000 none
-100 -100 -100 -100 0.0000 none
-100 -100 -100 -100 0.0000 none
-100 -100 -100 -100 0.0000 none
-100 -100 -100 -100 0.0000 none
-100 -100 -100 -100 0.0000 none
-100 -100 -100 -100 0.0000 none
-100 -100 -100 -100 0.0000 none
-100 -100 -100 -100 0.0000 none
-100 -100 -100 -100 0.0000 none
-100 -100 -100 -100 0.0000 none
-100 -100 -100 -100 0.0000 none
-100 -100 -100 -100 0.0000 none
-100 -100 -100 -100 0.0000 none
-100 -100 -100 -100 0.0000 none
-100 -100 -100 -100 0.0000 none
-100 -100 -100 -100 0.0000 none
-100 -100 -100 -100 0.0000 none
993.75 419.77 30.00 14.77 1.0000 init
993.75 417.66 33.75 18.98 1.0000 high
990.00 417.66 45.00 21.09 1.0000 high
993.75 415.55 41.25 25.31 1.0000 high
990.00 415.55 48.75 27.42 1.0000 high
990.00 415.55 52.50 25.31 1.0000 high
1005.00 417.66 33.75 21.09 1.0000 high
1001.25 415.55 41.25 23.20 1.0000 high
1012.50 415.55 30.00 23.20 1.0000 high
1020.00 417.66 26.25 18.98 1.0000 high
1012.50 415.55 33.75 21.09 1.0000 high
1031.25 430.31 7.50 4.22 0.9647 high
1029.80 426.83 12.96 8.13 0.0000 coast
1033.33 428.24 10.17 6.39 0.0000 coast
1046.25 419.77 7.50 2.11 0.6000 reinit
1046.25 419.77 7.50 2.11 0.0000 coast
1050.00 415.55 7.50 8.44 0.9961 high
1050.61 414.87 7.50 9.46 0.0000 coast
1051.49 413.87 7.50 10.96 0.0000 coast
1042.50 413.44 26.25 18.98 1.0000 high
1031.25 413.44 45.00 21.09 1.0000 high
1031.25 413.44 48.75 21.09 1.0000 high
1031.25 413.44 52.50 23.20 1.0000 high
1035.00 413.44 52.50 23.20 1.0000 high
1038.75 411.33 48.75 23.20 1.0000 high
1038.75 411.33 56.25 23.20 1.0000 high
1038.75 411.33 52.50 23.20 1.0000 high
1038.75 411.33 56.25 23.20 1.0000 high
1042.50 411.33 60.00 25.31 1.0000 high
1042.50 411.33 67.50 25.31 1.0000 high
1046.25 411.33 67.50 25.31 1.0000 high
1046.25 411.33 67.50 27.42 1.0000 high
1046.25 411.33 63.75 27.42 1.0000 high
1046.25 413.44 63.75 23.20 1.0000 high
1050.00 413.44 60.00 25.31 1.0000 high
1050.00 413.44 60.00 25.31 1.0000 high
1053.75 413.44 56.25 25.31 1.0000 high
1053.75 413.44 48.75 25.31 1.0000 high
1053.75 413.44 52.50 25.31 1.0000 high
1057.50 413.44 52.50 25.31 1.0000 high
1057.50 415.55 52.50 23.20 1.0000 high
1061.25 413.44 48.75 25.31 1.0000 high
1061.25 413.44 52.50 27.42 1.0000 high
1061.25 413.44 52.50 25.31 1.0000 high
1065.00 413.44 56.25 25.31 1.0000 high
1068.75 415.55 48.75 23.20 1.0000 high
1068.75 415.55 56.25 21.09 1.0000 high
1072.50 415.55 48.75 21.09 1.0000 high
1072.50 415.55 60.00 23.20 1.0000 high
1072.50 413.44 67.50 25.31 1.0000 high
1072.50 413.44 60.00 25.31 1.0000 high
1072.50 413.44 67.50 25.31 1.0000 high
1076.25 413.44 63.75 27.42 1.0000 high
1076.25 413.44 63.75 25.31 1.0000 high
1076.25 413.44 63.75 25.31 1.0000 high
1076.25 413.44 56.25 23.20 1.0000 high
1080.00 413.44 60.00 23.20 1.0000 high
1080.00 413.44 60.00 23.20 1.0000 high
1083.75 413.44 60.00 25.31 1.0000 high
1083.75 413.44 56.25 23.20 1.0000 high
1083.75 413.44 60.00 25.31 1.0000 high
1083.75 413.44 60.00 23.20 1.0000 high
1087.50 411.33 56.25 25.31 1.0000 high
1087.50 411.33 56.25 25.31 1.0000 high
1091.25 411.33 60.00 25.31 1.0000 high
1091.25 411.33 52.50 23.20 1.0000 high
1091.25 411.33 60.00 23.20 1.0000 high
1091.25 409.22 60.00 25.31 1.0000 high
1095.00 409.22 56.25 23.20 1.0000 high
1095.00 407.11 56.25 25.31 1.0000 high
1095.00 407.11 67.50 25.31 1.0000 high
1098.75 407.11 63.75 23.20 1.0000 high
1098.75 407.11 67.50 25.31 1.0000 high
1098.75 405.00 67.50 25.31 1.0000 high
1102.50 405.00 63.75 25.31 1.0000 high
1102.50 405.00 63.75 25.31 1.0000 high
1102.50 402.89 67.50 25.31 1.0000 high
1106.25 402.89 63.75 23.20 1.0000 high
1106.25 400.78 63.75 23.20 1.0000 high
1106.25 398.67 71.25 25.31 1.0000 high
