1432.50 354.38 33.75 27.42 1.0000 init
1432.50 356.48 33.75 27.42 1.0000 high
1428.75 358.59 37.50 25.31 1.0000 high
1432.50 358.59 33.75 27.42 1.0000 high
1432.50 360.70 33.75 25.31 1.0000 high
1432.50 360.70 37.50 25.31 1.0000 high
1432.50 358.59 37.50 27.42 1.0000 high
1432.50 358.59 37.50 27.42 1.0000 high
1436.25 358.59 33.75 27.42 1.0000 high
1436.25 356.48 37.50 29.53 1.0000 high
1440.00 356.48 33.75 29.53 1.0000 high
1443.75 356.48 33.75 29.53 1.0000 high
1447.50 356.48 33.75 29.53 1.0000 high
1451.25 354.38 37.50 31.64 1.0000 high
1458.75 354.38 33.75 29.53 1.0000 high
1462.50 352.27 37.50 29.53 1.0000 high
1470.00 352.27 37.50 27.42 1.0000 high
1477.50 350.16 37.50 27.42 1.0000 high
1485.00 350.16 37.50 27.42 1.0000 high
1492.50 348.05 37.50 27.42 1.0000 high
1503.75 348.05 37.50 25.31 1.0000 high
1511.25 345.94 37.50 27.42 1.0000 high
1518.75 341.72 37.50 29.53 1.0000 high
1526.25 339.61 41.25 29.53 1.0000 high
1537.50 339.61 33.75 29.53 1.0000 high
1541.25 339.61 37.50 29.53 1.0000 high
1548.75 335.39 37.50 31.64 1.0000 high
1556.25 335.39 37.50 31.64 1.0000 high
1563.75 333.28 37.50 33.75 1.0000 high
1567.50 333.28 37.50 31.64 1.0000 high
1575.00 331.17 33.75 31.64 1.0000 high
1578.75 329.06 37.50 31.64 1.0000 high
1578.75 326.95 37.50 31.64 1.0000 high
1582.50 324.84 37.50 31.64 1.0000 high
1586.25 322.73 37.50 29.53 1.0000 high
1590.00 318.52 37.50 31.64 1.0000 high
1590.00 316.41 37.50 29.53 1.0000 high
1593.75 314.30 37.50 27.42 1.0000 high
1593.75 310.08 37.50 27.42 1.0000 high
1593.75 305.86 37.50 27.42 1.0000 high
1597.50 301.64 33.75 27.42 1.0000 high
1597.50 297.42 37.50 27.42 1.0000 high
1597.50 293.20 41.25 29.53 1.0000 high
1597.50 291.09 37.50 27.42 1.0000 high
1601.25 288.98 37.50 27.42 1.0000 high
1597.50 284.77 41.25 29.53 1.0000 high
1597.50 282.66 41.25 29.53 1.0000 high
1601.25 280.55 37.50 29.53 1.0000 high
1601.25 276.33 37.50 29.53 1.0000 high
1601.25 274.22 37.50 31.64 1.0000 high
1601.25 272.11 41.25 31.64 1.0000 high
1601.25 272.11 37.50 31.64 1.0000 high
1601.25 272.11 37.50 31.64 1.0000 high
1601.25 272.11 37.50 31.64 1.0000 high
1601.25 274.22 37.50 31.64 1.0000 high
1601.25 274.22 37.50 31.64 1.0000 high
1601.25 276.33 37.50 31.64 1.0000 high
1601.25 280.55 37.50 29.53 1.0000 high
1601.25 280.55 37.50 29.53 1.0000 high
1601.25 282.66 37.50 31.64 1.0000 high
1597.50 284.77 41.25 31.64 1.0000 high
1597.50 288.98 37.50 29.53 1.0000 high
1597.50 291.09 33.75 29.53 1.0000 high
1597.50 293.20 33.75 29.53 1.0000 high
1593.75 297.42 37.50 29.53 1.0000 high
1593.75 299.53 37.50 29.53 1.0000 high
1593.75 303.75 33.75 29.53 1.0000 high
1590.00 307.97 37.50 27.42 1.0000 high
1586.25 310.08 37.50 29.53 1.0000 high
1586.25 314.30 37.50 29.53 1.0000 high
1582.50 316.41 37.50 31.64 1.0000 high
1582.50 320.62 33.75 29.53 1.0000 high
1578.75 324.84 37.50 29.53 1.0000 high
1578.75 329.06 33.75 29.53 1.0000 high
1575.00 335.39 33.75 27.42 1.0000 high
1571.25 339.61 37.50 27.42 1.0000 high
1571.25 343.83 33.75 27.42 1.0000 high
1567.50 348.05 33.75 27.42 1.0000 high
1563.75 354.38 37.50 23.20 1.0000 high
1563.75 358.59 33.75 23.20 1.0000 high
1560.00 362.81 33.75 23.20 1.0000 high
1556.25 364.92 37.50 25.31 1.0000 high
1556.25 369.14 30.00 25.31 1.0000 high
1552.50 371.25 33.75 23.20 1.0000 high
1548.75 375.47 33.75 25.31 1.0000 high
1548.75 377.58 30.00 25.31 1.0000 high
1545.00 381.80 33.75 25.31 1.0000 high
1541.25 383.91 30.00 25.31 1.0000 high
1537.50 386.02 30.00 27.42 1.0000 high
1533.75 390.23 30.00 25.31 1.0000 high
1526.25 394.45 33.75 23.20 1.0000 high
1522.50 396.56 33.75 23.20 1.0000 high
1518.75 398.67 30.00 25.31 1.0000 high
1515.00 402.89 30.00 23.20 1.0000 high
1507.50 405.00 33.75 23.20 1.0000 high
1503.75 407.11 30.00 25.31 1.0000 high
1496.25 409.22 30.00 25.31 1.0000 high
1488.75 413.44 30.00 23.20 1.0000 high
1481.25 415.55 30.00 25.31 1.0000 high
1477.50 417.66 30.00 25.31 1.0000 high
1470.00 419.77 30.00 25.31 1.0000 high
1462.50 423.98 30.00 23.20 1.0000 high
1455.00 423.98 30.00 25.31 1.0000 high
1447.50 428.20 30.00 23.20 1.0000 high
1440.00 430.31 30.00 23.20 1.0000 high
1436.25 434.53 22.50 18.98 1.0000 high
1429.81 436.89 24.36 19.94 0.0000 coast
1423.86 439.70 23.73 19.47 0.0000 coast
1417.91 442.52 23.10 19.00 0.0000 coast
1411.95 445.34 22.47 18.54 0.0000 coast
1406.00 448.16 21.84 18.07 0.0000 coast
1400.04 450.97 21.21 17.60 0.0000 coast
1394.09 453.79 20.58 17.14 0.0000 coast
1388.14 456.61 19.95 16.67 0.0000 coast
1382.18 459.42 19.32 16.20 0.0000 coast
1376.23 462.24 18.69 15.74 0.0000 coast
-100 -100 -100 -100 0.0000 miss
-100 -100 -100 -100 0.0000 miss
-100 -100 -100 -100 0.0000 miss
-100 -100 -100 -100 0.0000 miss
-100 -100 -100 -100 0.0000 miss
-100 -100 -100 -100 0.0000 miss
-100 -100 -100 -100 0.0000 miss
-100 -100 -100 -100 0.0000 miss
-100 -100 -100 -100 0.0000 miss
-100 -100 -100 -100 0.0000 miss
-100 -100 -100 -100 0.0000 miss
-100 -100 -100 -100 0.0000 miss
-100 -100 -100 -100 0.0000 miss
-100 -100 -100 -100 0.0000 miss
1222.50 508.36 37.50 21.09 1.0000 high
1218.75 510.47 33.75 18.98 1.0000 high
1207.91 513.85 36.27 20.03 0.0000 coast
1199.39 516.81 36.74 20.03 0.0000 coast
1203.75 518.91 37.50 12.66 1.0000 reinit
1200.00 518.91 41.25 27.42 1.0000 high
1196.25 521.02 45.00 12.66 1.0000 high
1196.25 521.02 41.25 10.55 1.0000 high
1192.50 521.02 37.50 12.66 1.0000 high
1188.75 521.02 33.75 10.55 1.0000 high
1188.75 521.02 33.75 10.55 1.0000 high
1181.25 521.02 33.75 12.66 1.0000 high
1192.50 521.02 7.50 4.22 0.9725 high
1173.75 518.91 30.00 10.55 1.0000 high
1173.75 516.80 26.25 10.55 1.0000 high
1166.25 514.69 33.75 12.66 1.0000 high
1162.50 514.69 33.75 10.55 1.0000 high
1158.75 510.47 33.75 12.66 1.0000 high
1162.50 512.58 22.50 6.33 1.0000 high
1155.00 506.25 33.75 14.77 1.0000 high
1170.00 508.36 3.75 4.22 0.7765 high
1155.00 504.14 22.50 8.44 1.0000 high
1162.50 504.14 11.25 4.22 0.9961 high
1156.36 502.23 14.14 5.15 0.0000 coast
1155.00 497.81 11.25 6.33 1.0000 high
1152.75 496.22 10.19 5.87 0.0000 coast
1151.25 493.59 3.75 2.11 0.6471 high
1149.17 491.59 1.98 1.52 0.0000 coast
1146.52 489.32 1.00 1.00 0.0000 coast
1143.37 486.80 1.00 1.00 0.0000 coast
1140.22 484.27 1.00 1.00 0.0000 coast
1113.75 478.83 26.25 14.77 1.0000 reinit
1113.75 476.72 26.25 10.55 1.0000 high
1121.25 483.05 3.75 2.11 0.3176 low
1122.01 482.98 1.46 1.00 0.0000 coast
1121.03 482.89 1.00 1.00 0.0000 coast
1119.83 482.80 1.00 1.00 0.0000 coast
1118.62 482.70 1.00 1.00 0.0000 coast
1117.41 482.61 1.00 1.00 0.0000 coast
1116.20 482.52 1.00 1.00 0.0000 coast
1114.99 482.43 1.00 1.00 0.0000 coast
1113.78 482.34 1.00 1.00 0.0000 coast
1112.58 482.25 1.00 1.00 0.0000 coast
1111.37 482.16 1.00 1.00 0.0000 coast
-100 -100 -100 -100 0.0000 miss
303.75 358.59 11.25 6.33 1.0000 reinit
303.75 358.59 11.25 6.33 0.0000 coast
303.75 358.59 11.25 6.33 0.0000 coast
303.75 358.59 11.25 6.33 0.0000 coast
303.75 358.59 11.25 6.33 0.0000 coast
303.75 358.59 11.25 6.33 0.0000 coast
303.75 358.59 11.25 6.33 0.0000 coast
303.75 358.59 11.25 6.33 0.0000 coast
303.75 358.59 11.25 6.33 0.0000 coast
303.75 358.59 11.25 6.33 0.0000 coast
303.75 358.59 11.25 6.33 0.0000 coast
-100 -100 -100 -100 0.0000 miss
-100 -100 -100 -100 0.0000 miss
-100 -100 -100 -100 0.0000 miss
-100 -100 -100 -100 0.0000 miss
-100 -100 -100 -100 0.0000 miss
-100 -100 -100 -100 0.0000 miss
-100 -100 -100 -100 0.0000 miss
-100 -100 -100 -100 0.0000 miss
-100 -100 -100 -100 0.0000 miss
-100 -100 -100 -100 0.0000 miss
-100 -100 -100 -100 0.0000 miss
-100 -100 -100 -100 0.0000 miss
-100 -100 -100 -100 0.0000 miss
-100 -100 -100 -100 0.0000 miss
-100 -100 -100 -100 0.0000 miss
-100 -100 -100 -100 0.0000 miss
-100 -100 -100 -100 0.0000 miss
-100 -100 -100 -100 0.0000 miss
-100 -100 -100 -100 0.0000 miss
-100 -100 -100 -100 0.0000 miss
-100 -100 -100 -100 0.0000 lost
825.00 411.33 11.25 10.55 0.9961 init
825.00 415.55 7.50 6.33 0.9843 high
825.00 415.55 7.50 2.11 0.9059 high
825.00 415.93 6.80 1.00 0.0000 coast
825.00 415.43 6.14 1.00 0.0000 coast
825.00 414.93 5.48 1.00 0.0000 coast
810.00 405.00 26.25 14.77 1.0000 high
807.66 404.27 28.94 14.44 0.0000 coast
804.82 403.22 32.34 14.56 0.0000 coast
801.98 402.18 35.73 14.69 0.0000 coast
810.00 402.89 3.75 2.11 0.4510 low
804.65 401.44 15.31 5.16 0.0000 coast
802.10 400.45 17.77 4.95 0.0000 coast
798.75 394.45 18.75 8.44 1.0000 high
795.00 392.34 22.50 12.66 1.0000 high
792.72 391.29 24.50 11.50 0.0000 coast
790.01 389.77 26.92 11.94 0.0000 coast
787.30 388.25 29.35 12.39 0.0000 coast
784.58 386.73 31.77 12.83 0.0000 coast
781.87 385.21 34.20 13.27 0.0000 coast
779.16 383.69 36.62 13.72 0.0000 coast
776.45 382.17 39.05 14.16 0.0000 coast
773.74 380.65 41.47 14.60 0.0000 coast
771.03 379.13 43.89 15.05 0.0000 coast
768.32 377.61 46.32 15.49 0.0000 coast
-100 -100 -100 -100 0.0000 miss
753.75 354.38 26.25 10.55 1.0000 reinit
753.75 354.38 26.25 10.55 0.0000 coast
753.75 354.38 26.25 10.55 0.0000 coast
753.75 354.38 26.25 10.55 0.0000 coast
753.75 354.38 26.25 10.55 0.0000 coast
753.75 354.38 26.25 10.55 0.0000 coast
753.75 354.38 26.25 10.55 0.0000 coast
753.75 354.38 26.25 10.55 0.0000 coast
753.75 354.38 26.25 10.55 0.0000 coast
753.75 354.38 26.25 10.55 0.0000 coast
753.75 354.38 26.25 10.55 0.0000 coast
-100 -100 -100 -100 0.0000 miss
-100 -100 -100 -100 0.0000 miss
-100 -100 -100 -100 0.0000 miss
-100 -100 -100 -100 0.0000 miss
746.25 362.81 3.75 4.22 0.6000 high
745.78 363.34 2.35 3.83 0.0000 coast
745.25 363.88 1.00 3.42 0.0000 coast
744.03 364.43 1.00 3.01 0.0000 coast
742.82 364.98 1.00 2.60 0.0000 coast
727.50 373.36 30.00 23.20 1.0000 reinit
727.50 373.36 30.00 23.20 0.0000 coast
727.50 373.36 30.00 23.20 0.0000 coast
727.50 373.36 30.00 23.20 0.0000 coast
727.50 373.36 30.00 23.20 0.0000 coast
727.50 373.36 30.00 23.20 0.0000 coast
727.50 373.36 30.00 23.20 0.0000 coast
727.50 373.36 30.00 23.20 0.0000 coast
727.50 373.36 30.00 23.20 0.0000 coast
727.50 373.36 30.00 23.20 0.0000 coast
727.50 373.36 30.00 23.20 0.0000 coast
-100 -100 -100 -100 0.0000 miss
866.25 613.83 15.00 8.44 1.0000 reinit
866.25 613.83 15.00 8.44 0.0000 coast
866.25 613.83 15.00 8.44 0.0000 coast
866.25 613.83 15.00 8.44 0.0000 coast
866.25 613.83 15.00 8.44 0.0000 coast
866.25 613.83 15.00 8.44 0.0000 coast
866.25 613.83 15.00 8.44 0.0000 coast
866.25 613.83 15.00 8.44 0.0000 coast
866.25 613.83 15.00 8.44 0.0000 coast
866.25 613.83 15.00 8.44 0.0000 coast
866.25 613.83 15.00 8.44 0.0000 coast
-100 -100 -100 -100 0.0000 miss
-100 -100 -100 -100 0.0000 miss
-100 -100 -100 -100 0.0000 miss
-100 -100 -100 -100 0.0000 miss
-100 -100 -100 -100 0.0000 miss
-100 -100 -100 -100 0.0000 miss
-100 -100 -100 -100 0.0000 miss
-100 -100 -100 -100 0.0000 miss
-100 -100 -100 -100 0.0000 miss
-100 -100 -100 -100 0.0000 miss
-100 -100 -100 -100 0.0000 miss
-100 -100 -100 -100 0.0000 miss
-100 -100 -100 -100 0.0000 miss
-100 -100 -100 -100 0.0000 miss
-100 -100 -100 -100 0.0000 miss
-100 -100 -100 -100 0.0000 miss
-100 -100 -100 -100 0.0000 miss
-100 -100 -100 -100 0.0000 miss
-100 -100 -100 -100 0.0000 miss
-100 -100 -100 -100 0.0000 miss
-100 -100 -100 -100 0.0000 lost
-100 -100 -100 -100 0.0000 none
-100 -100 -100 -100 0.0000 none
-100 -100 -100 -100 0.0000 none
-100 -100 -100 -100 0.0000 none
-100 -100 -100 -100 0.0000 none
750.00 508.36 18.75 6.33 1.0000 init
750.00 508.36 18.75 6.33 0.0000 coast
750.00 508.36 18.75 6.33 0.0000 coast
750.00 508.36 18.75 6.33 0.0000 coast
757.50 512.58 11.25 4.22 0.9961 high
758.67 513.24 10.08 3.89 0.0000 coast
760.06 514.02 8.69 3.50 0.0000 coast
761.45 514.80 7.30 3.11 0.0000 coast
762.84 515.58 5.91 2.72 0.0000 coast
764.23 516.37 4.52 2.33 0.0000 coast
746.25 514.69 22.50 8.44 0.9961 high
745.12 515.15 23.63 8.89 0.0000 coast
743.82 515.59 24.93 9.40 0.0000 coast
750.00 518.91 3.75 2.11 0.4118 low
747.09 518.73 9.91 4.31 0.0000 coast
746.06 519.27 10.39 4.54 0.0000 coast
745.04 519.82 10.86 4.76 0.0000 coast
744.01 520.36 11.34 4.99 0.0000 coast
742.99 520.91 11.82 5.22 0.0000 coast
741.96 521.45 12.30 5.44 0.0000 coast
740.94 522.00 12.78 5.67 0.0000 coast
739.91 522.54 13.25 5.90 0.0000 coast
738.89 523.09 13.73 6.12 0.0000 coast
737.86 523.64 14.21 6.35 0.0000 coast
-100 -100 -100 -100 0.0000 miss
-100 -100 -100 -100 0.0000 miss
-100 -100 -100 -100 0.0000 miss
-100 -100 -100 -100 0.0000 miss
-100 -100 -100 -100 0.0000 miss
-100 -100 -100 -100 0.0000 miss
-100 -100 -100 -100 0.0000 miss
-100 -100 -100 -100 0.0000 miss
-100 -100 -100 -100 0.0000 miss
-100 -100 -100 -100 0.0000 miss
-100 -100 -100 -100 0.0000 miss
-100 -100 -100 -100 0.0000 miss
-100 -100 -100 -100 0.0000 miss
-100 -100 -100 -100 0.0000 miss
-100 -100 -100 -100 0.0000 miss
-100 -100 -100 -100 0.0000 miss
-100 -100 -100 -100 0.0000 miss
-100 -100 -100 -100 0.0000 miss
-100 -100 -100 -100 0.0000 miss
-100 -100 -100 -100 0.0000 miss
-100 -100 -100 -100 0.0000 lost
-100 -100 -100 -100 0.0000 none
-100 -100 -100 -100 0.0000 none
-100 -100 -100 -100 0.0000 none
-100 -100 -100 -100 0.0000 none
-100 -100 -100 -100 0.0000 none
-100 -100 -100 -100 0.0000 none
-100 -100 -100 -100 0.0000 none
-100 -100 -100 -100 0.0000 none
-100 -100 -100 -100 0.0000 none
-100 -100 -100 -100 0.0000 none
-100 -100 -100 -100 0.0000 none
-100 -100 -100 -100 0.0000 none
-100 -100 -100 -100 0.0000 none
-100 -100 -100 -100 0.0000 none
-100 -100 -100 -100 0.0000 none
-100 -100 -100 -100 0.0000 none
-100 -100 -100 -100 0.0000 none
-100 -100 -100 -100 0.0000 none
-100 -100 -100 -100 0.0000 none
-100 -100 -100 -100 0.0000 none
-100 -100 -100 -100 0.0000 none
-100 -100 -100 -100 0.0000 none
-100 -100 -100 -100 0.0000 none
-100 -100 -100 -100 0.0000 none
-100 -100 -100 -100 0.0000 none
-100 -100 -100 -100 0.0000 none
-100 -100 -100 -100 0.0000 none
-100 -100 -100 -100 0.0000 none
-100 -100 -100 -100 0.0000 none
-100 -100 -100 -100 0.0000 none
-100 -100 -100 -100 0.0000 none
-100 -100 -100 -100 0.0000 none
-100 -100 -100 -100 0.0000 none
-100 -100 -100 -100 0.0000 none
-100 -100 -100 -100 0.0000 none
-100 -100 -100 -100 0.0000 none
-100 -100 -100 -100 0.0000 none
-100 -100 -100 -100 0.0000 none
-100 -100 -100 -100 0.0000 none
-100 -100 -100 -100 0.0000 none
-100 -100 -100 -100 0.0000 none
-100 -100 -100 -100 0.0000 none
-100 -100 -100 -100 0.0000 none
-100 -100 -100 -100 0.0000 none
-100 -100 -100 -100 0.0000 none
-100 -100 -100 -100 0.0000 none
-100 -100 -100 -100 0.0000 none
-100 -100 -100 -100 0.0000 none
-100 -100 -100 -100 0.0000 none
-100 -100 -100 -100 0.0000 none
-100 -100 -100 -100 0.0000 none
-100 -100 -100 -100 0.0000 none
-100 -100 -100 -100 0.0000 none
-100 -100 -100 -100 0.0000 none
-100 -100 -100 -100 0.0000 none
-100 -100 -100 -100 0.0000 none
-100 -100 -100 -100 0.0000 none
-100 -100 -100 -100 0.0000 none
-100 -100 -100 -100 0.0000 none
-100 -100 -100 -100 0.0000 none
-100 -100 -100 -100 0.0000 none
-100 -100 -100 -100 0.0000 none
-100 -100 -100 -100 0.0000 none
-100 -100 -100 -100 0.0000 none
-100 -100 -100 -100 0.0000 none
-100 -100 -100 -100 0.0000 none
-100 -100 -100 -100 0.0000 none
-100 -100 -100 -100 0.0000 none
-100 -100 -100 -100 0.0000 none
-100 -100 -100 -100 0.0000 none
-100 -100 -100 -100 0.0000 none
-100 -100 -100 -100 0.0000 none
-100 -100 -100 -100 0.0000 none
-100 -100 -100 -100 0.0000 none
-100 -100 -100 -100 0.0000 none
-100 -100 -100 -100 0.0000 none
-100 -100 -100 -100 0.0000 none
-100 -100 -100 -100 0.0000 none
-100 -100 -100 -100 0.0000 none
-100 -100 -100 -100 0.0000 none
753.75 523.12 18.75 10.55 1.0000 init
753.75 523.12 18.75 10.55 0.0000 coast
753.75 523.12 18.75 10.55 0.0000 coast
753.75 523.12 18.75 10.55 0.0000 coast
753.75 523.12 18.75 10.55 0.0000 coast
753.75 523.12 18.75 10.55 0.0000 coast
753.75 523.12 18.75 10.55 0.0000 coast
753.75 523.12 18.75 10.55 0.0000 coast
753.75 523.12 18.75 10.55 0.0000 coast
753.75 523.12 18.75 10.55 0.0000 coast
753.75 523.12 18.75 10.55 0.0000 coast
-100 -100 -100 -100 0.0000 miss
-100 -100 -100 -100 0.0000 miss
-100 -100 -100 -100 0.0000 miss
-100 -100 -100 -100 0.0000 miss
-100 -100 -100 -100 0.0000 miss
-100 -100 -100 -100 0.0000 miss
-100 -100 -100 -100 0.0000 miss
-100 -100 -100 -100 0.0000 miss
-100 -100 -100 -100 0.0000 miss
-100 -100 -100 -100 0.0000 miss
-100 -100 -100 -100 0.0000 miss
-100 -100 -100 -100 0.0000 miss
-100 -100 -100 -100 0.0000 miss
-100 -100 -100 -100 0.0000 miss
-100 -100 -100 -100 0.0000 miss
-100 -100 -100 -100 0.0000 miss
-100 -100 -100 -100 0.0000 miss
-100 -100 -100 -100 0.0000 miss
-100 -100 -100 -100 0.0000 miss
-100 -100 -100 -100 0.0000 miss
-100 -100 -100 -100 0.0000 lost
-100 -100 -100 -100 0.0000 none
-100 -100 -100 -100 0.0000 none
-100 -100 -100 -100 0.0000 none
-100 -100 -100 -100 0.0000 none
-100 -100 -100 -100 0.0000 none
-100 -100 -100 -100 0.0000 none
-100 -100 -100 -100 0.0000 none
-100 -100 -100 -100 0.0000 none
-100 -100 -100 -100 0.0000 none
-100 -100 -100 -100 0.0000 none
-100 -100 -100 -100 0.0000 none
-100 -100 -100 -100 0.0000 none
971.25 613.83 15.00 10.55 1.0000 init
971.25 613.83 15.00 10.55 0.0000 coast
971.25 613.83 15.00 10.55 0.0000 coast
971.25 613.83 15.00 10.55 0.0000 coast
971.25 613.83 15.00 10.55 0.0000 coast
1016.25 615.94 3.75 4.22 0.8510 reinit
1016.25 615.94 3.75 4.22 0.0000 coast
1016.25 615.94 3.75 4.22 0.0000 coast
1016.25 615.94 3.75 4.22 0.0000 coast
866.25 613.83 7.50 4.22 0.9059 reinit
870.00 615.94 3.75 2.11 0.5961 high
870.00 615.94 3.75 2.11 0.5137 high
866.25 613.83 11.25 6.33 0.9961 high
866.25 615.94 7.50 4.22 0.8667 high
870.00 615.94 3.75 2.11 0.5490 high
870.00 615.94 3.75 2.11 0.3059 low
870.00 615.94 3.75 2.11 0.3412 low
870.17 616.06 3.65 2.05 0.0000 coast
870.00 615.94 3.75 4.22 0.7529 high
866.25 613.83 11.25 6.33 1.0000 high
867.27 614.38 9.43 5.97 0.0000 coast
867.05 614.23 10.00 6.35 0.0000 coast
866.83 614.09 10.57 6.73 0.0000 coast
866.61 613.95 11.14 7.12 0.0000 coast
866.40 613.81 11.71 7.50 0.0000 coast
866.18 613.67 12.28 7.88 0.0000 coast
865.96 613.53 12.85 8.26 0.0000 coast
865.75 613.39 13.42 8.64 0.0000 coast
865.53 613.25 13.99 9.03 0.0000 coast
865.31 613.11 14.56 9.41 0.0000 coast
-100 -100 -100 -100 0.0000 miss
-100 -100 -100 -100 0.0000 miss
1203.75 620.16 37.50 21.09 1.0000 reinit
1218.75 630.70 11.25 6.33 1.0000 high
1222.50 632.81 18.75 8.44 1.0000 high
1226.94 635.67 18.14 7.02 0.0000 coast
1237.50 634.92 18.75 10.55 1.0000 high
1241.25 637.03 26.25 14.77 1.0000 high
1252.50 639.14 18.75 10.55 1.0000 high
1257.45 640.65 22.22 12.99 0.0000 coast
1271.25 647.58 7.50 4.22 0.4510 low
1267.50 641.25 30.00 12.66 1.0000 high
1274.22 642.98 30.55 12.85 0.0000 coast
1271.25 643.36 37.50 16.88 1.0000 high
1271.25 641.25 45.00 21.09 1.0000 high
1275.00 643.36 45.00 18.98 1.0000 high
1278.75 643.36 45.00 18.98 1.0000 high
1290.00 647.58 30.00 8.44 1.0000 high
1301.25 647.58 22.50 8.44 1.0000 high
1303.82 648.33 29.61 10.63 0.0000 coast
1301.25 643.36 37.50 16.88 1.0000 high
1308.75 643.36 30.00 12.66 1.0000 high
1312.50 639.14 37.50 16.88 1.0000 high
1316.25 639.14 37.50 14.77 1.0000 high
1320.00 637.03 37.50 14.77 1.0000 high
1323.75 634.92 41.25 14.77 1.0000 high
1327.50 632.81 52.50 16.88 1.0000 high
1327.50 628.59 56.25 21.09 1.0000 high
1331.25 626.48 52.50 21.09 1.0000 high
1338.75 626.48 41.25 18.98 1.0000 high
1342.50 622.27 37.50 23.20 1.0000 high
1342.50 615.94 41.25 29.53 1.0000 high
1350.00 620.16 33.75 21.09 1.0000 high
1365.00 624.38 3.75 2.11 0.6039 high
1366.58 621.51 11.04 7.58 0.0000 coast
1365.00 615.94 15.00 10.55 1.0000 high
1361.25 611.72 26.25 16.88 1.0000 high
1361.25 609.61 26.25 21.09 1.0000 high
1364.64 607.41 26.90 20.52 0.0000 coast
1366.26 605.00 28.53 22.08 0.0000 coast
307.50 360.70 7.50 2.11 0.8078 reinit
307.50 360.70 7.50 4.22 0.9725 high
307.50 360.70 7.50 4.22 0.8980 high
307.50 360.70 7.50 4.64 0.0000 coast
311.25 360.70 3.75 2.11 0.4510 low
311.67 360.70 3.33 2.16 0.0000 coast
312.55 360.70 2.45 1.87 0.0000 coast
313.43 360.70 1.57 1.57 0.0000 coast
314.15 360.70 1.00 1.28 0.0000 coast
314.59 360.69 1.00 1.00 0.0000 coast
315.03 360.54 1.00 1.00 0.0000 coast
315.47 360.40 1.00 1.00 0.0000 coast
315.91 360.25 1.00 1.00 0.0000 coast
316.35 360.10 1.00 1.00 0.0000 coast
316.78 359.95 1.00 1.00 0.0000 coast
-100 -100 -100 -100 0.0000 miss
-100 -100 -100 -100 0.0000 miss
-100 -100 -100 -100 0.0000 miss
-100 -100 -100 -100 0.0000 miss
-100 -100 -100 -100 0.0000 miss
-100 -100 -100 -100 0.0000 miss
-100 -100 -100 -100 0.0000 miss
-100 -100 -100 -100 0.0000 miss
-100 -100 -100 -100 0.0000 miss
-100 -100 -100 -100 0.0000 miss
-100 -100 -100 -100 0.0000 miss
-100 -100 -100 -100 0.0000 miss
-100 -100 -100 -100 0.0000 miss
-100 -100 -100 -100 0.0000 miss
-100 -100 -100 -100 0.0000 miss
-100 -100 -100 -100 0.0000 miss
-100 -100 -100 -100 0.0000 miss
-100 -100 -100 -100 0.0000 miss
-100 -100 -100 -100 0.0000 miss
-100 -100 -100 -100 0.0000 miss
-100 -100 -100 -100 0.0000 lost
-100 -100 -100 -100 0.0000 none
-100 -100 -100 -100 0.0000 none
-100 -100 -100 -100 0.0000 none
-100 -100 -100 -100 0.0000 none
-100 -100 -100 -100 0.0000 none
-100 -100 -100 -100 0.0000 none
-100 -100 -100 -100 0.0000 none
-100 -100 -100 -100 0.0000 none
-100 -100 -100 -100 0.0000 none
-100 -100 -100 -100 0.0000 none
-100 -100 -100 -100 0.0000 none
-100 -100 -100 -100 0.0000 none
-100 -100 -100 -100 0.0000 none
-100 -100 -100 -100 0.0000 none
-100 -100 -100 -100 0.0000 none
-100 -100 -100 -100 0.0000 none
-100 -100 -100 -100 0.0000 none
-100 -100 -100 -100 0.0000 none
-100 -100 -100 -100 0.0000 none
1383.75 613.83 41.25 16.88 1.0000 init
1372.50 615.94 37.50 12.66 1.0000 high
1371.66 616.09 37.22 12.34 0.0000 coast
1353.75 609.61 33.75 23.20 1.0000 high
1342.50 611.72 33.75 23.20 1.0000 high
1331.25 609.61 45.00 23.20 1.0000 high
1323.75 615.94 26.25 12.66 1.0000 high
1314.52 613.22 31.51 17.52 0.0000 coast
1305.48 613.06 30.80 17.75 0.0000 coast
1296.44 612.91 30.09 17.98 0.0000 coast
1287.39 612.76 29.38 18.21 0.0000 coast
1278.35 612.60 28.68 18.44 0.0000 coast
1269.31 612.45 27.97 18.67 0.0000 coast
1260.27 612.29 27.26 18.90 0.0000 coast
307.50 360.70 7.50 4.22 0.9490 reinit
307.50 360.70 7.50 4.22 0.0000 coast
307.50 360.70 7.50 4.22 0.0000 coast
1226.25 618.05 11.25 10.55 1.0000 reinit
1226.25 618.05 11.25 10.55 0.0000 coast
1226.25 618.05 11.25 10.55 0.0000 coast
1226.25 618.05 11.25 10.55 0.0000 coast
1226.25 618.05 11.25 10.55 0.0000 coast
1226.25 618.05 11.25 10.55 0.0000 coast
1226.25 618.05 11.25 10.55 0.0000 coast
1226.25 618.05 11.25 10.55 0.0000 coast
1162.50 643.36 3.75 4.22 0.8980 reinit
1162.50 643.36 3.75 4.22 0.0000 coast
1162.50 643.36 3.75 4.22 0.0000 coast
1113.75 643.36 52.50 18.98 1.0000 reinit
1110.00 647.58 41.25 12.66 1.0000 high
1109.72 647.89 40.41 12.19 0.0000 coast
1128.75 658.12 3.75 2.11 0.8000 high
1128.87 660.19 1.00 1.00 0.0000 coast
1127.78 662.00 1.00 1.00 0.0000 coast
1113.75 656.02 7.50 4.22 0.9059 high
1106.25 653.91 15.00 8.44 1.0000 high
1107.06 654.98 6.04 6.58 0.0000 coast
1105.88 655.30 1.00 6.14 0.0000 coast
1102.18 655.63 1.00 5.70 0.0000 coast
1098.48 655.95 1.00 5.25 0.0000 coast
1094.78 656.28 1.00 4.81 0.0000 coast
1091.08 656.60 1.00 4.37 0.0000 coast
1087.37 656.93 1.00 3.92 0.0000 coast
1083.67 657.25 1.00 3.48 0.0000 coast
1079.97 657.58 1.00 3.04 0.0000 coast
1076.27 657.90 1.00 2.60 0.0000 coast
-100 -100 -100 -100 0.0000 miss
-100 -100 -100 -100 0.0000 miss
-100 -100 -100 -100 0.0000 miss
-100 -100 -100 -100 0.0000 miss
-100 -100 -100 -100 0.0000 miss
-100 -100 -100 -100 0.0000 miss
1020.00 624.38 11.25 4.22 0.9843 reinit
1020.00 624.38 11.25 4.22 0.0000 coast
1008.75 620.16 26.25 12.66 1.0000 high
1001.25 615.94 33.75 12.66 1.0000 high
1000.83 616.33 35.30 15.19 0.0000 coast
997.71 615.05 39.25 17.08 0.0000 coast
982.50 609.61 41.25 21.09 1.0000 reinit
975.00 605.39 41.25 21.09 1.0000 high
967.50 605.39 37.50 21.09 1.0000 high
965.24 604.55 37.12 21.09 0.0000 coast
948.75 599.06 41.25 25.31 1.0000 high
943.02 597.57 40.86 25.96 0.0000 coast
936.05 595.62 40.99 27.02 0.0000 coast
926.25 603.28 11.25 4.22 0.9961 high
919.19 601.61 10.50 4.57 0.0000 coast
911.82 601.01 6.41 2.26 0.0000 coast
904.44 599.89 2.33 1.00 0.0000 coast
881.25 596.95 11.25 6.33 0.9686 high
871.47 596.16 8.87 4.91 0.0000 coast
862.50 594.84 3.75 4.22 0.8549 high
847.50 592.73 11.25 4.22 0.9922 high
838.06 591.86 7.84 2.94 0.0000 coast
827.30 590.68 7.01 1.99 0.0000 coast
802.50 584.30 41.25 18.98 1.0000 reinit
802.50 584.30 41.25 18.98 0.0000 coast
802.50 584.30 41.25 18.98 0.0000 coast
802.50 584.30 41.25 18.98 0.0000 coast
742.50 569.53 41.25 18.98 1.0000 reinit
742.50 569.53 41.25 18.98 0.0000 coast
742.50 569.53 41.25 18.98 0.0000 coast
690.00 554.77 52.50 35.86 1.0000 reinit
678.75 552.66 52.50 31.64 1.0000 high
697.50 565.31 15.00 10.55 1.0000 high
697.17 566.18 11.18 7.56 0.0000 coast
700.21 569.37 1.00 1.00 0.0000 coast
698.15 569.28 1.00 1.00 0.0000 coast
696.10 569.19 1.00 1.00 0.0000 coast
694.04 569.10 1.00 1.00 0.0000 coast
691.99 569.01 1.00 1.00 0.0000 coast
689.93 568.92 1.00 1.00 0.0000 coast
600.00 487.27 22.50 10.55 1.0000 reinit
600.00 487.27 22.50 10.55 0.0000 coast
600.00 487.27 22.50 10.55 0.0000 coast
600.00 487.27 22.50 10.55 0.0000 coast
600.00 487.27 22.50 10.55 0.0000 coast
600.00 487.27 22.50 10.55 0.0000 coast
600.00 487.27 22.50 10.55 0.0000 coast
573.75 415.55 48.75 33.75 1.0000 reinit
592.50 434.53 7.50 8.44 0.9961 high
593.89 435.94 4.43 6.55 0.0000 coast
595.22 439.87 1.00 1.32 0.0000 coast
562.50 360.70 37.50 25.31 1.0000 reinit
566.25 356.48 26.25 18.98 1.0000 high
566.53 356.17 25.41 18.51 0.0000 coast
567.30 355.30 23.09 17.21 0.0000 coast
568.08 354.43 20.76 15.90 0.0000 coast
568.85 353.56 18.44 14.59 0.0000 coast
569.63 352.68 16.12 13.28 0.0000 coast
570.40 351.81 13.79 11.98 0.0000 coast
571.18 350.94 11.47 10.67 0.0000 coast
571.95 350.07 9.14 9.36 0.0000 coast
572.73 349.20 6.82 8.05 0.0000 coast
573.50 348.33 4.49 6.75 0.0000 coast
-100 -100 -100 -100 0.0000 miss
-100 -100 -100 -100 0.0000 miss
551.25 172.97 37.50 29.53 1.0000 reinit
558.75 185.62 3.75 4.22 0.8706 high
559.31 186.57 1.24 2.34 0.0000 coast
557.49 187.23 1.00 1.00 0.0000 coast
543.75 141.33 41.25 29.53 1.0000 reinit
547.50 137.11 30.00 12.66 1.0000 high
543.75 130.78 33.75 29.53 1.0000 high
540.00 124.45 37.50 31.64 1.0000 high
536.25 122.34 41.25 31.64 1.0000 high
532.50 120.23 45.00 33.75 1.0000 high
532.50 118.12 41.25 31.64 1.0000 high
532.50 118.12 37.50 31.64 1.0000 high
532.50 116.02 37.50 33.75 1.0000 high
528.75 118.12 37.50 33.75 1.0000 high
528.75 118.12 37.50 33.75 1.0000 high
525.00 120.23 41.25 33.75 1.0000 high
525.00 122.34 41.25 31.64 1.0000 high
525.00 126.56 37.50 31.64 1.0000 high
525.00 126.56 37.50 33.75 1.0000 high
525.00 130.78 37.50 31.64 1.0000 high
525.00 135.00 37.50 31.64 1.0000 high
525.00 139.22 37.50 31.64 1.0000 high
525.00 141.33 37.50 31.64 1.0000 high
525.00 145.55 37.50 31.64 1.0000 high
525.00 149.77 37.50 31.64 1.0000 high
528.75 156.09 33.75 29.53 1.0000 high
528.75 160.31 33.75 29.53 1.0000 high
528.75 166.64 33.75 27.42 1.0000 high
528.75 170.86 37.50 29.53 1.0000 high
532.50 175.08 33.75 29.53 1.0000 high
528.75 181.41 41.25 27.42 1.0000 high
532.50 187.73 37.50 25.31 1.0000 high
532.50 191.95 41.25 25.31 1.0000 high
532.50 196.17 45.00 23.20 1.0000 high
536.25 200.39 41.25 23.20 1.0000 high
536.25 204.61 41.25 21.09 1.0000 high
536.25 206.72 37.50 23.20 1.0000 high
540.00 213.05 26.25 16.88 1.0000 high
540.00 215.16 26.25 16.88 1.0000 high
543.75 217.27 18.75 16.88 1.0000 high
544.04 221.61 18.73 15.82 0.0000 coast
545.18 225.33 16.69 14.97 0.0000 coast
546.32 229.05 14.66 14.11 0.0000 coast
547.46 232.76 12.62 13.26 0.0000 coast
548.61 236.48 10.59 12.40 0.0000 coast
866.25 613.83 11.25 6.33 1.0000 reinit
866.25 613.83 11.25 6.33 1.0000 high
866.25 613.83 11.25 6.33 0.0000 coast
866.25 613.83 11.25 6.33 0.0000 coast
866.25 613.83 11.25 6.33 0.0000 coast
866.25 613.83 11.25 6.33 0.0000 coast
866.25 613.83 11.25 6.33 0.0000 coast
866.25 613.83 11.25 6.33 0.0000 coast
866.25 613.83 11.25 6.33 0.0000 coast
866.25 613.83 11.25 6.33 0.0000 coast
866.25 613.83 11.25 6.33 0.0000 coast
866.25 613.83 11.25 6.33 0.0000 coast
-100 -100 -100 -100 0.0000 miss
-100 -100 -100 -100 0.0000 miss
-100 -100 -100 -100 0.0000 miss
-100 -100 -100 -100 0.0000 miss
-100 -100 -100 -100 0.0000 miss
-100 -100 -100 -100 0.0000 miss
-100 -100 -100 -100 0.0000 miss
-100 -100 -100 -100 0.0000 miss
-100 -100 -100 -100 0.0000 miss
-100 -100 -100 -100 0.0000 miss
-100 -100 -100 -100 0.0000 miss
-100 -100 -100 -100 0.0000 miss
-100 -100 -100 -100 0.0000 miss
-100 -100 -100 -100 0.0000 miss
-100 -100 -100 -100 0.0000 miss
-100 -100 -100 -100 0.0000 miss
-100 -100 -100 -100 0.0000 miss
-100 -100 -100 -100 0.0000 miss
-100 -100 -100 -100 0.0000 miss
-100 -100 -100 -100 0.0000 miss
-100 -100 -100 -100 0.0000 lost
-100 -100 -100 -100 0.0000 none
-100 -100 -100 -100 0.0000 none
-100 -100 -100 -100 0.0000 none
-100 -100 -100 -100 0.0000 none
-100 -100 -100 -100 0.0000 none
-100 -100 -100 -100 0.0000 none
-100 -100 -100 -100 0.0000 none
-100 -100 -100 -100 0.0000 none
-100 -100 -100 -100 0.0000 none
-100 -100 -100 -100 0.0000 none
-100 -100 -100 -100 0.0000 none
-100 -100 -100 -100 0.0000 none
-100 -100 -100 -100 0.0000 none
-100 -100 -100 -100 0.0000 none
-100 -100 -100 -100 0.0000 none
-100 -100 -100 -100 0.0000 none
-100 -100 -100 -100 0.0000 none
-100 -100 -100 -100 0.0000 none
-100 -100 -100 -100 0.0000 none
618.75 263.67 3.75 2.11 0.6039 init
603.75 255.23 30.00 16.88 1.0000 high
603.75 246.80 33.75 27.42 1.0000 high
600.00 246.80 45.00 29.53 1.0000 high
597.00 245.54 47.72 31.51 0.0000 coast
593.95 243.32 53.52 35.19 0.0000 coast
633.75 246.80 30.00 25.31 1.0000 reinit
641.25 246.80 33.75 25.31 1.0000 high
641.81 246.80 34.03 25.31 0.0000 coast
643.36 246.80 34.80 25.31 0.0000 coast
644.91 246.80 35.58 25.31 0.0000 coast
646.46 246.80 36.35 25.31 0.0000 coast
648.01 246.80 37.13 25.31 0.0000 coast
649.56 246.80 37.90 25.31 0.0000 coast
651.11 246.80 38.68 25.31 0.0000 coast
652.65 246.80 39.45 25.31 0.0000 coast
654.20 246.80 40.23 25.31 0.0000 coast
655.75 246.80 41.00 25.31 0.0000 coast
-100 -100 -100 -100 0.0000 miss
-100 -100 -100 -100 0.0000 miss
-100 -100 -100 -100 0.0000 miss
-100 -100 -100 -100 0.0000 miss
-100 -100 -100 -100 0.0000 miss
-100 -100 -100 -100 0.0000 miss
-100 -100 -100 -100 0.0000 miss
-100 -100 -100 -100 0.0000 miss
-100 -100 -100 -100 0.0000 miss
-100 -100 -100 -100 0.0000 miss
-100 -100 -100 -100 0.0000 miss
873.75 236.25 33.75 25.31 1.0000 reinit
873.75 236.25 33.75 25.31 0.0000 coast
873.75 236.25 33.75 25.31 0.0000 coast
915.00 232.03 33.75 29.53 1.0000 reinit
915.00 232.03 33.75 29.53 0.0000 coast
915.00 232.03 33.75 29.53 0.0000 coast
956.25 232.03 33.75 27.42 1.0000 reinit
956.25 232.03 33.75 27.42 0.0000 coast
956.25 232.03 33.75 27.42 0.0000 coast
1001.25 232.03 37.50 27.42 1.0000 reinit
1016.25 232.03 37.50 25.31 1.0000 high
1017.37 232.03 37.50 25.16 0.0000 coast
1020.46 232.03 37.50 24.72 0.0000 coast
1061.25 232.03 37.50 23.20 1.0000 reinit
1061.25 232.03 37.50 23.20 0.0000 coast
1061.25 232.03 37.50 23.20 0.0000 coast
1110.00 227.81 33.75 23.20 1.0000 reinit
1110.00 227.81 33.75 23.20 0.0000 coast
1110.00 227.81 33.75 23.20 0.0000 coast
1151.25 225.70 33.75 27.42 1.0000 reinit
1151.25 225.70 33.75 27.42 0.0000 coast
1151.25 225.70 33.75 27.42 0.0000 coast
1188.75 223.59 37.50 29.53 1.0000 reinit
1203.75 221.48 33.75 31.64 1.0000 high
1215.00 223.59 33.75 29.53 1.0000 high
1222.50 221.48 33.75 31.64 1.0000 high
1233.75 221.48 33.75 31.64 1.0000 high
1241.25 221.48 37.50 29.53 1.0000 high
1252.50 221.48 33.75 31.64 1.0000 high
1260.00 221.48 33.75 29.53 1.0000 high
1267.50 221.48 33.75 29.53 1.0000 high
1275.00 223.59 33.75 27.42 1.0000 high
1282.50 221.48 33.75 29.53 1.0000 high
1290.00 221.48 33.75 29.53 1.0000 high
1293.75 221.48 37.50 29.53 1.0000 high
1301.25 223.59 33.75 29.53 1.0000 high
1308.75 223.59 33.75 27.42 1.0000 high
1312.50 221.48 33.75 31.64 1.0000 high
1320.00 225.70 33.75 29.53 1.0000 high
1323.75 227.81 37.50 29.53 1.0000 high
1327.50 229.92 37.50 29.53 1.0000 high
1335.00 234.14 33.75 29.53 1.0000 high
1338.75 236.25 37.50 31.64 1.0000 high
1342.50 240.47 37.50 31.64 1.0000 high
1350.00 246.80 33.75 31.64 1.0000 high
1353.75 253.12 37.50 31.64 1.0000 high
1357.50 261.56 33.75 29.53 1.0000 high
1365.00 265.78 33.75 31.64 1.0000 high
1368.75 274.22 33.75 29.53 1.0000 high
1372.50 282.66 33.75 29.53 1.0000 high
1376.25 291.09 37.50 29.53 1.0000 high
1380.00 299.53 33.75 27.42 1.0000 high
1383.75 307.97 33.75 27.42 1.0000 high
1387.50 316.41 33.75 27.42 1.0000 high
1391.25 324.84 30.00 27.42 1.0000 high
1391.25 333.28 33.75 27.42 1.0000 high
1395.00 339.61 33.75 29.53 1.0000 high
1395.00 348.05 37.50 29.53 1.0000 high
1398.75 356.48 33.75 29.53 1.0000 high
1398.75 364.92 37.50 29.53 1.0000 high
1402.50 373.36 33.75 27.42 1.0000 high
1402.50 381.80 33.75 25.31 1.0000 high
1406.25 392.34 33.75 21.09 1.0000 high
1413.75 402.89 22.50 10.55 1.0000 high
1410.00 409.22 30.00 16.88 1.0000 high
1414.17 417.23 28.38 14.74 0.0000 coast
1416.87 425.18 27.97 13.65 0.0000 coast
1419.57 433.13 27.56 12.55 0.0000 coast
1422.27 441.07 27.16 11.46 0.0000 coast
1424.98 449.02 26.75 10.37 0.0000 coast
1427.68 456.97 26.34 9.28 0.0000 coast
1430.38 464.91 25.93 8.19 0.0000 coast
1433.08 472.86 25.52 7.10 0.0000 coast
1435.78 480.81 25.12 6.01 0.0000 coast
1438.48 488.75 24.71 4.92 0.0000 coast
-100 -100 -100 -100 0.0000 miss
-100 -100 -100 -100 0.0000 miss
-100 -100 -100 -100 0.0000 miss
-100 -100 -100 -100 0.0000 miss
-100 -100 -100 -100 0.0000 miss
-100 -100 -100 -100 0.0000 miss
-100 -100 -100 -100 0.0000 miss
-100 -100 -100 -100 0.0000 miss
-100 -100 -100 -100 0.0000 miss
-100 -100 -100 -100 0.0000 miss
-100 -100 -100 -100 0.0000 miss
-100 -100 -100 -100 0.0000 miss
-100 -100 -100 -100 0.0000 miss
-100 -100 -100 -100 0.0000 miss
-100 -100 -100 -100 0.0000 miss
-100 -100 -100 -100 0.0000 miss
-100 -100 -100 -100 0.0000 miss
-100 -100 -100 -100 0.0000 miss
-100 -100 -100 -100 0.0000 miss
-100 -100 -100 -100 0.0000 miss
-100 -100 -100 -100 0.0000 lost
-100 -100 -100 -100 0.0000 none
-100 -100 -100 -100 0.0000 none
-100 -100 -100 -100 0.0000 none
-100 -100 -100 -100 0.0000 none
-100 -100 -100 -100 0.0000 none
-100 -100 -100 -100 0.0000 none
1473.75 561.09 15.00 6.33 0.9961 init
1473.75 561.09 15.00 6.33 0.0000 coast
1473.75 561.09 15.00 6.33 0.0000 coast
1473.75 561.09 15.00 6.33 0.0000 coast
1473.75 561.09 15.00 6.33 0.0000 coast
1473.75 561.09 15.00 6.33 0.0000 coast
1481.25 542.11 3.75 6.33 0.9882 reinit
1481.25 542.11 3.75 6.33 0.0000 coast
1481.25 542.11 3.75 6.33 0.0000 coast
1481.25 542.11 3.75 6.33 0.0000 coast
1481.25 542.11 3.75 6.33 0.0000 coast
1481.25 542.11 3.75 6.33 0.0000 coast
1481.25 542.11 3.75 6.33 0.0000 coast
1481.25 542.11 3.75 6.33 0.0000 coast
1481.25 542.11 3.75 6.33 0.0000 coast
1481.25 542.11 3.75 6.33 0.0000 coast
1481.25 542.11 3.75 6.33 0.0000 coast
-100 -100 -100 -100 0.0000 miss
-100 -100 -100 -100 0.0000 miss
-100 -100 -100 -100 0.0000 miss
-100 -100 -100 -100 0.0000 miss
-100 -100 -100 -100 0.0000 miss
-100 -100 -100 -100 0.0000 miss
-100 -100 -100 -100 0.0000 miss
-100 -100 -100 -100 0.0000 miss
-100 -100 -100 -100 0.0000 miss
-100 -100 -100 -100 0.0000 miss
1507.50 434.53 37.50 21.09 1.0000 reinit
1507.50 428.20 33.75 14.77 1.0000 high
1503.75 417.66 41.25 23.20 1.0000 high
1503.75 407.11 41.25 27.42 1.0000 high
1503.75 398.67 41.25 27.42 1.0000 high
1503.75 388.12 41.25 29.53 1.0000 high
1503.75 377.58 41.25 29.53 1.0000 high
1503.75 369.14 41.25 29.53 1.0000 high
1503.75 356.48 41.25 31.64 1.0000 high
1503.75 348.05 37.50 29.53 1.0000 high
1503.75 337.50 37.50 29.53 1.0000 high
1503.75 324.84 41.25 31.64 1.0000 high
1500.00 316.41 41.25 31.64 1.0000 high
1500.00 307.97 41.25 31.64 1.0000 high
1503.75 297.42 37.50 31.64 1.0000 high
1496.25 291.09 45.00 31.64 1.0000 high
1500.00 284.77 41.25 29.53 1.0000 high
1500.00 278.44 45.00 29.53 1.0000 high
1496.25 270.00 48.75 31.64 1.0000 high
1500.00 263.67 41.25 33.75 1.0000 high
1496.25 257.34 48.75 35.86 1.0000 high
1500.00 253.12 45.00 35.86 1.0000 high
1500.00 248.91 41.25 35.86 1.0000 high
1500.00 248.91 41.25 35.86 1.0000 high
1500.00 246.80 41.25 35.86 1.0000 high
1496.25 246.80 45.00 33.75 1.0000 high
1500.00 244.69 41.25 35.86 1.0000 high
1500.00 244.69 41.25 35.86 1.0000 high
1500.00 246.80 41.25 33.75 1.0000 high
1500.00 246.80 41.25 35.86 1.0000 high
1500.00 248.91 41.25 35.86 1.0000 high
1500.00 251.02 41.25 33.75 1.0000 high
1500.00 253.12 41.25 33.75 1.0000 high
1496.25 257.34 45.00 31.64 1.0000 high
1500.00 259.45 41.25 33.75 1.0000 high
1496.25 261.56 41.25 33.75 1.0000 high
1496.25 265.78 41.25 33.75 1.0000 high
1496.25 270.00 41.25 33.75 1.0000 high
1496.25 274.22 41.25 31.64 1.0000 high
1492.50 278.44 45.00 31.64 1.0000 high
1492.50 282.66 45.00 31.64 1.0000 high
1492.50 284.77 45.00 33.75 1.0000 high
1492.50 288.98 41.25 33.75 1.0000 high
1492.50 293.20 41.25 31.64 1.0000 high
1488.75 297.42 41.25 31.64 1.0000 high
1488.75 303.75 41.25 29.53 1.0000 high
1485.00 310.08 45.00 29.53 1.0000 high
1488.75 314.30 37.50 29.53 1.0000 high
1485.00 320.62 41.25 27.42 1.0000 high
1485.00 324.84 37.50 27.42 1.0000 high
1485.00 331.17 37.50 23.20 1.0000 high
1481.25 335.39 37.50 23.20 1.0000 high
1481.25 339.61 37.50 23.20 1.0000 high
1481.25 341.72 37.50 23.20 1.0000 high
1481.25 345.94 37.50 23.20 1.0000 high
1477.50 348.05 41.25 23.20 1.0000 high
1477.50 352.27 37.50 21.09 1.0000 high
1477.50 354.38 37.50 23.20 1.0000 high
1473.75 356.48 37.50 23.20 1.0000 high
1473.75 356.48 37.50 25.31 1.0000 high
1473.75 358.59 37.50 25.31 1.0000 high
1473.75 360.70 37.50 25.31 1.0000 high
1473.75 360.70 37.50 25.31 1.0000 high
1473.75 362.81 37.50 25.31 1.0000 high
1473.75 362.81 37.50 27.42 1.0000 high
1477.50 364.92 33.75 27.42 1.0000 high
1477.50 367.03 33.75 27.42 1.0000 high
1477.50 367.03 33.75 27.42 1.0000 high
1477.50 369.14 33.75 27.42 1.0000 high
1481.25 371.25 37.50 27.42 1.0000 high
1485.00 371.25 33.75 29.53 1.0000 high
1488.75 373.36 33.75 27.42 1.0000 high
1492.50 375.47 33.75 27.42 1.0000 high
1496.25 375.47 37.50 27.42 1.0000 high
1503.75 377.58 33.75 25.31 1.0000 high
1507.50 379.69 33.75 23.20 1.0000 high
1515.00 381.80 33.75 23.20 1.0000 high
1518.75 381.80 37.50 23.20 1.0000 high
1522.50 381.80 37.50 23.20 1.0000 high
1530.00 381.80 37.50 23.20 1.0000 high
1537.50 381.80 33.75 23.20 1.0000 high
1545.00 381.80 33.75 25.31 1.0000 high
1548.75 381.80 33.75 25.31 1.0000 high
1552.50 381.80 37.50 25.31 1.0000 high
1556.25 381.80 37.50 25.31 1.0000 high
1563.75 381.80 37.50 27.42 1.0000 high
1567.50 381.80 33.75 27.42 1.0000 high
1571.25 381.80 37.50 25.31 1.0000 high
1575.00 381.80 37.50 25.31 1.0000 high
1578.75 379.69 37.50 27.42 1.0000 high
1582.50 379.69 37.50 27.42 1.0000 high
1586.25 379.69 37.50 25.31 1.0000 high
1590.00 377.58 33.75 27.42 1.0000 high
1590.00 377.58 37.50 25.31 1.0000 high
1593.75 377.58 37.50 25.31 1.0000 high
1597.50 375.47 33.75 27.42 1.0000 high
1597.50 375.47 37.50 27.42 1.0000 high
1601.25 373.36 37.50 29.53 1.0000 high
1601.25 373.36 37.50 27.42 1.0000 high
1601.25 373.36 37.50 27.42 1.0000 high
1605.00 373.36 33.75 25.31 1.0000 high
1605.00 371.25 41.25 27.42 1.0000 high
1608.75 371.25 37.50 27.42 1.0000 high
1608.75 371.25 37.50 25.31 1.0000 high
1608.75 369.14 37.50 27.42 1.0000 high
1608.75 367.03 37.50 29.53 1.0000 high
1612.50 367.03 37.50 27.42 1.0000 high
1612.50 364.92 37.50 31.64 1.0000 high
1612.50 364.92 37.50 31.64 1.0000 high
1612.50 362.81 37.50 31.64 1.0000 high
1612.50 360.70 37.50 33.75 1.0000 high
1612.50 360.70 37.50 33.75 1.0000 high
1608.75 360.70 37.50 33.75 1.0000 high
1608.75 360.70 37.50 31.64 1.0000 high
1605.00 360.70 37.50 33.75 1.0000 high
1597.50 360.70 41.25 31.64 1.0000 high
1593.75 356.48 37.50 35.86 1.0000 high
1586.25 358.59 41.25 33.75 1.0000 high
1582.50 358.59 33.75 33.75 1.0000 high
1575.00 358.59 37.50 33.75 1.0000 high
1567.50 358.59 37.50 31.64 1.0000 high
1560.00 356.48 37.50 33.75 1.0000 high
1552.50 356.48 37.50 31.64 1.0000 high
1545.00 356.48 33.75 31.64 1.0000 high
1533.75 356.48 37.50 31.64 1.0000 high
1522.50 356.48 41.25 31.64 1.0000 high
1515.00 356.48 37.50 29.53 1.0000 high
1503.75 354.38 37.50 31.64 1.0000 high
1492.50 354.38 37.50 31.64 1.0000 high
1481.25 354.38 37.50 31.64 1.0000 high
1470.00 354.38 37.50 31.64 1.0000 high
1458.75 354.38 37.50 31.64 1.0000 high
1447.50 352.27 37.50 33.75 1.0000 high
1436.25 354.38 37.50 31.64 1.0000 high
1425.00 354.38 33.75 31.64 1.0000 high
1410.00 354.38 37.50 29.53 1.0000 high
1398.75 354.38 37.50 29.53 1.0000 high
1387.50 354.38 33.75 29.53 1.0000 high
1372.50 354.38 33.75 29.53 1.0000 high
1357.50 354.38 37.50 31.64 1.0000 high
1346.25 354.38 33.75 31.64 1.0000 high
1331.25 354.38 37.50 31.64 1.0000 high
1316.25 354.38 37.50 31.64 1.0000 high
1305.00 356.48 33.75 29.53 1.0000 high
1290.00 356.48 33.75 27.42 1.0000 high
1278.75 358.59 30.00 18.98 1.0000 high
1263.75 360.70 22.50 14.77 1.0000 high
1252.50 367.03 15.00 12.66 0.9961 high
1239.85 366.62 15.02 11.46 0.0000 coast
1227.34 367.92 12.75 9.62 0.0000 coast
1214.82 369.21 10.48 7.77 0.0000 coast
1202.31 370.51 8.21 5.93 0.0000 coast
1189.79 371.80 5.93 4.09 0.0000 coast
1177.28 373.10 3.66 2.25 0.0000 coast
1164.76 374.10 1.39 1.00 0.0000 coast
1151.31 374.47 1.00 1.00 0.0000 coast
1137.66 374.85 1.00 1.00 0.0000 coast
1124.01 375.22 1.00 1.00 0.0000 coast
-100 -100 -100 -100 0.0000 miss
-100 -100 -100 -100 0.0000 miss
-100 -100 -100 -100 0.0000 miss
-100 -100 -100 -100 0.0000 miss
-100 -100 -100 -100 0.0000 miss
-100 -100 -100 -100 0.0000 miss
-100 -100 -100 -100 0.0000 miss
-100 -100 -100 -100 0.0000 miss
-100 -100 -100 -100 0.0000 miss
-100 -100 -100 -100 0.0000 miss
-100 -100 -100 -100 0.0000 miss
-100 -100 -100 -100 0.0000 miss
-100 -100 -100 -100 0.0000 miss
-100 -100 -100 -100 0.0000 miss
-100 -100 -100 -100 0.0000 miss
-100 -100 -100 -100 0.0000 miss
-100 -100 -100 -100 0.0000 miss
-100 -100 -100 -100 0.0000 miss
-100 -100 -100 -100 0.0000 miss
-100 -100 -100 -100 0.0000 miss
-100 -100 -100 -100 0.0000 lost
-100 -100 -100 -100 0.0000 none
-100 -100 -100 -100 0.0000 none
-100 -100 -100 -100 0.0000 none
-100 -100 -100 -100 0.0000 none
-100 -100 -100 -100 0.0000 none
870.00 453.52 18.75 8.44 0.9922 init
866.25 453.52 22.50 10.55 1.0000 high
865.97 453.52 22.78 10.70 0.0000 coast
865.20 453.52 23.55 11.14 0.0000 coast
864.42 453.52 24.33 11.58 0.0000 coast
863.65 453.52 25.10 12.01 0.0000 coast
862.87 453.52 25.88 12.45 0.0000 coast
862.10 453.52 26.65 12.88 0.0000 coast
866.25 455.62 3.75 2.11 0.4196 low
865.92 455.82 2.38 1.53 0.0000 coast
865.42 455.89 1.00 1.00 0.0000 coast
864.22 455.70 1.00 1.00 0.0000 coast
863.03 455.51 1.00 1.00 0.0000 coast
861.83 455.32 1.00 1.00 0.0000 coast
860.64 455.13 1.00 1.00 0.0000 coast
859.45 454.94 1.00 1.00 0.0000 coast
858.25 454.75 1.00 1.00 0.0000 coast
857.06 454.56 1.00 1.00 0.0000 coast
855.86 454.37 1.00 1.00 0.0000 coast
840.00 461.95 30.00 12.66 1.0000 high
838.69 462.79 30.21 12.67 0.0000 coast
837.32 463.65 30.53 12.72 0.0000 coast
835.96 464.52 30.84 12.77 0.0000 coast
834.59 465.38 31.16 12.83 0.0000 coast
833.23 466.25 31.47 12.88 0.0000 coast
831.86 467.11 31.79 12.94 0.0000 coast
843.75 470.39 11.25 8.44 1.0000 high
847.50 472.50 3.75 4.22 0.4275 low
846.60 473.44 3.34 4.15 0.0000 coast
846.37 474.55 1.88 3.56 0.0000 coast
813.75 466.17 48.75 23.20 1.0000 reinit
810.00 466.17 52.50 23.20 1.0000 high
810.00 466.17 56.25 23.20 1.0000 high
813.75 464.06 52.50 23.20 1.0000 high
813.75 464.06 48.75 18.98 1.0000 high
840.00 466.17 18.75 6.33 1.0000 high
837.98 465.41 21.42 6.79 0.0000 coast
836.25 461.95 30.00 10.55 1.0000 high
843.75 459.84 15.00 8.44 1.0000 high
846.34 459.16 14.94 7.20 0.0000 coast
850.26 458.04 10.82 5.78 0.0000 coast
854.17 456.93 6.69 4.36 0.0000 coast
858.08 455.81 2.57 2.94 0.0000 coast
860.71 454.70 1.00 1.52 0.0000 coast
862.56 453.13 1.00 1.00 0.0000 coast
864.41 451.30 1.00 1.00 0.0000 coast
866.26 449.48 1.00 1.00 0.0000 coast
868.11 447.65 1.00 1.00 0.0000 coast
869.96 445.82 1.00 1.00 0.0000 coast
-100 -100 -100 -100 0.0000 miss
-100 -100 -100 -100 0.0000 miss
-100 -100 -100 -100 0.0000 miss
-100 -100 -100 -100 0.0000 miss
-100 -100 -100 -100 0.0000 miss
825.00 409.22 22.50 10.55 1.0000 reinit
817.50 396.56 33.75 23.20 1.0000 high
813.75 396.56 37.50 27.42 1.0000 high
810.00 394.45 41.25 31.64 1.0000 high
802.50 388.12 48.75 33.75 1.0000 high
798.75 383.91 52.50 29.53 1.0000 high
798.75 381.80 48.75 29.53 1.0000 high
795.00 377.58 48.75 31.64 1.0000 high
810.00 388.12 11.25 6.33 1.0000 high
787.50 381.80 41.25 21.09 1.0000 high
798.75 381.80 18.75 10.55 1.0000 high
790.95 378.98 27.64 14.78 0.0000 coast
788.16 377.04 27.81 14.76 0.0000 coast
785.38 375.11 27.99 14.75 0.0000 coast
782.60 373.17 28.16 14.74 0.0000 coast
738.75 362.81 30.00 21.09 1.0000 reinit
723.75 356.48 41.25 27.42 1.0000 high
723.75 358.59 26.25 12.66 1.0000 high
720.56 357.08 29.85 15.20 0.0000 coast
717.72 356.37 28.48 12.95 0.0000 coast
714.88 355.67 27.11 10.70 0.0000 coast
712.04 354.96 25.73 8.45 0.0000 coast
709.21 354.26 24.36 6.20 0.0000 coast
706.37 353.55 22.99 3.95 0.0000 coast
703.53 352.85 21.61 1.70 0.0000 coast
700.69 351.36 20.24 1.00 0.0000 coast
648.75 299.53 26.25 10.55 1.0000 reinit
645.00 295.31 33.75 12.66 1.0000 high
641.25 295.31 26.25 14.77 1.0000 high
637.50 293.20 26.25 14.77 1.0000 high
635.74 292.37 25.70 15.68 0.0000 coast
633.30 291.26 24.74 16.52 0.0000 coast
622.50 263.67 37.50 27.42 1.0000 reinit
618.75 257.34 41.25 27.42 1.0000 high
618.75 253.12 37.50 27.42 1.0000 high
618.75 248.91 33.75 27.42 1.0000 high
603.75 240.47 48.75 31.64 1.0000 high
600.00 238.36 48.75 31.64 1.0000 high
596.25 234.14 52.50 33.75 1.0000 high
600.00 234.14 41.25 31.64 1.0000 high
596.25 232.03 45.00 33.75 1.0000 high
596.25 229.92 41.25 33.75 1.0000 high
588.75 229.92 45.00 35.86 1.0000 high
586.44 225.54 45.39 36.43 0.0000 coast
592.50 236.25 37.50 31.64 1.0000 high
592.50 238.36 37.50 31.64 1.0000 high
589.21 235.30 37.84 32.33 0.0000 coast
587.20 234.21 37.64 32.55 0.0000 coast
585.19 233.11 37.44 32.77 0.0000 coast
583.18 232.02 37.24 33.00 0.0000 coast
581.17 230.92 37.03 33.22 0.0000 coast
579.16 229.83 36.83 33.44 0.0000 coast
577.15 228.73 36.63 33.66 0.0000 coast
575.14 227.64 36.43 33.89 0.0000 coast
573.13 226.54 36.23 34.11 0.0000 coast
571.12 225.45 36.03 34.33 0.0000 coast
-100 -100 -100 -100 0.0000 miss
-100 -100 -100 -100 0.0000 miss
-100 -100 -100 -100 0.0000 miss
-100 -100 -100 -100 0.0000 miss
-100 -100 -100 -100 0.0000 miss
-100 -100 -100 -100 0.0000 miss
577.50 362.81 7.50 2.11 0.8588 reinit
577.50 362.81 7.50 2.11 0.0000 coast
577.50 362.81 7.50 2.11 0.0000 coast
577.50 362.81 7.50 2.11 0.0000 coast
581.25 362.81 11.25 4.22 0.9804 high
581.84 362.81 11.84 4.55 0.0000 coast
582.53 362.81 12.53 4.94 0.0000 coast
555.00 360.70 48.75 31.64 1.0000 reinit
558.75 364.92 45.00 27.42 1.0000 high
555.00 362.81 63.75 31.64 1.0000 high
551.25 362.81 52.50 33.75 1.0000 high
551.25 364.92 52.50 31.64 1.0000 high
551.25 364.92 52.50 31.64 1.0000 high
551.25 362.81 52.50 33.75 1.0000 high
551.25 364.92 48.75 31.64 1.0000 high
555.00 364.92 45.00 27.42 1.0000 high
558.75 360.70 37.50 29.53 1.0000 high
