866.25 398.67 56.25 46.41 1.0000 init
870.00 400.78 56.25 44.30 1.0000 high
870.00 402.89 56.25 44.30 1.0000 high
870.00 402.89 56.25 44.30 1.0000 high
870.00 405.00 56.25 42.19 1.0000 high
873.75 405.00 52.50 42.19 1.0000 high
873.75 405.00 56.25 44.30 1.0000 high
873.75 405.00 56.25 44.30 1.0000 high
877.50 405.00 56.25 44.30 1.0000 high
877.50 405.00 56.25 44.30 1.0000 high
877.50 405.00 60.00 44.30 1.0000 high
881.25 405.00 60.00 44.30 1.0000 high
881.25 405.00 60.00 44.30 1.0000 high
885.00 405.00 56.25 42.19 1.0000 high
888.75 402.89 60.00 44.30 1.0000 high
888.75 402.89 60.00 44.30 1.0000 high
892.50 402.89 60.00 44.30 1.0000 high
896.25 402.89 60.00 44.30 1.0000 high
896.25 400.78 60.00 44.30 1.0000 high
900.00 400.78 60.00 44.30 1.0000 high
900.00 400.78 60.00 44.30 1.0000 high
903.75 398.67 60.00 46.41 1.0000 high
903.75 398.67 63.75 44.30 1.0000 high
907.50 398.67 63.75 44.30 1.0000 high
907.50 396.56 63.75 44.30 1.0000 high
907.50 396.56 63.75 44.30 1.0000 high
911.25 394.45 60.00 44.30 1.0000 high
911.25 392.34 63.75 46.41 1.0000 high
911.25 392.34 63.75 44.30 1.0000 high
911.25 392.34 63.75 44.30 1.0000 high
911.25 390.23 67.50 44.30 1.0000 high
915.00 388.12 63.75 44.30 1.0000 high
915.00 383.91 63.75 48.52 1.0000 high
915.00 383.91 63.75 46.41 1.0000 high
915.00 381.80 63.75 46.41 1.0000 high
915.00 381.80 63.75 46.41 1.0000 high
915.00 377.58 63.75 48.52 1.0000 high
915.00 377.58 63.75 48.52 1.0000 high
911.25 375.47 67.50 48.52 1.0000 high
911.25 373.36 67.50 48.52 1.0000 high
911.25 373.36 67.50 48.52 1.0000 high
907.50 373.36 67.50 46.41 1.0000 high
907.50 369.14 67.50 50.62 1.0000 high
907.50 367.03 63.75 50.62 1.0000 high
903.75 367.03 67.50 50.62 1.0000 high
903.75 364.92 67.50 50.62 1.0000 high
900.00 362.81 67.50 50.62 1.0000 high
900.00 360.70 67.50 52.73 1.0000 high
896.25 358.59 67.50 52.73 1.0000 high
896.25 358.59 67.50 50.62 1.0000 high
892.50 356.48 71.25 50.62 1.0000 high
892.50 348.05 67.50 56.95 1.0000 high
888.75 348.05 71.25 54.84 1.0000 high
885.00 348.05 71.25 52.73 1.0000 high
885.00 343.83 71.25 54.84 1.0000 high
881.25 339.61 71.25 54.84 1.0000 high
881.25 335.39 71.25 56.95 1.0000 high
877.50 331.17 71.25 59.06 1.0000 high
873.75 331.17 71.25 54.84 1.0000 high
870.00 326.95 75.00 59.06 1.0000 high
866.25 326.95 75.00 56.95 1.0000 high
862.50 324.84 75.00 59.06 1.0000 high
858.75 324.84 75.00 59.06 1.0000 high
855.00 324.84 75.00 59.06 1.0000 high
851.25 324.84 75.00 59.06 1.0000 high
847.50 326.95 75.00 56.95 1.0000 high
840.00 326.95 78.75 59.06 1.0000 high
836.25 326.95 78.75 59.06 1.0000 high
832.50 329.06 75.00 59.06 1.0000 high
828.75 329.06 75.00 61.17 1.0000 high
821.25 329.06 78.75 63.28 1.0000 high
817.50 331.17 78.75 61.17 1.0000 high
813.75 331.17 75.00 61.17 1.0000 high
806.25 331.17 78.75 61.17 1.0000 high
802.50 331.17 78.75 61.17 1.0000 high
795.00 331.17 82.50 63.28 1.0000 high
791.25 331.17 78.75 63.28 1.0000 high
783.75 331.17 78.75 63.28 1.0000 high
776.25 331.17 82.50 63.28 1.0000 high
772.50 331.17 82.50 65.39 1.0000 high
765.00 331.17 82.50 63.28 1.0000 high
761.25 331.17 82.50 65.39 1.0000 high
753.75 331.17 78.75 65.39 1.0000 high
746.25 331.17 82.50 67.50 1.0000 high
738.75 333.28 86.25 65.39 1.0000 high
731.25 333.28 86.25 67.50 1.0000 high
727.50 335.39 82.50 67.50 1.0000 high
720.00 335.39 82.50 69.61 1.0000 high
712.50 339.61 86.25 67.50 1.0000 high
708.75 339.61 86.25 67.50 1.0000 high
701.25 339.61 86.25 69.61 1.0000 high
693.75 341.72 90.00 69.61 1.0000 high
686.25 343.83 90.00 69.61 1.0000 high
682.50 343.83 86.25 71.72 1.0000 high
675.00 348.05 90.00 69.61 1.0000 high
671.25 345.94 90.00 71.72 1.0000 high
663.75 348.05 93.75 69.61 1.0000 high
660.00 348.05 90.00 71.72 1.0000 high
652.50 348.05 93.75 73.83 1.0000 high
648.75 348.05 93.75 73.83 1.0000 high
645.00 350.16 90.00 71.72 1.0000 high
637.50 348.05 93.75 75.94 1.0000 high
633.75 348.05 93.75 75.94 1.0000 high
630.00 350.16 93.75 73.83 1.0000 high
622.50 348.05 97.50 75.94 1.0000 high
618.75 348.05 97.50 75.94 1.0000 high
615.00 348.05 97.50 75.94 1.0000 high
611.25 348.05 97.50 75.94 1.0000 high
607.50 345.94 97.50 78.05 1.0000 high
603.75 345.94 97.50 78.05 1.0000 high
600.00 345.94 101.25 78.05 1.0000 high
596.25 345.94 101.25 80.16 1.0000 high
592.50 345.94 101.25 80.16 1.0000 high
588.75 345.94 105.00 82.27 1.0000 high
585.00 345.94 105.00 82.27 1.0000 high
585.00 348.05 105.00 80.16 1.0000 high
581.25 348.05 105.00 82.27 1.0000 high
577.50 348.05 108.75 80.16 1.0000 high
577.50 345.94 108.75 82.27 1.0000 high
577.50 343.83 108.75 82.27 1.0000 high
577.50 341.72 108.75 84.38 1.0000 high
573.75 339.61 112.50 84.38 1.0000 high
573.75 335.39 112.50 86.48 1.0000 high
573.75 335.39 112.50 84.38 1.0000 high
573.75 333.28 116.25 86.48 1.0000 high
573.75 331.17 120.00 86.48 1.0000 high
577.50 331.17 116.25 86.48 1.0000 high
577.50 326.95 116.25 88.59 1.0000 high
577.50 324.84 120.00 88.59 1.0000 high
581.25 324.84 116.25 88.59 1.0000 high
581.25 322.73 120.00 88.59 1.0000 high
581.25 318.52 123.75 90.70 1.0000 high
581.25 316.41 123.75 92.81 1.0000 high
585.00 314.30 123.75 92.81 1.0000 high
585.00 314.30 123.75 92.81 1.0000 high
585.00 314.30 127.50 92.81 1.0000 high
585.00 314.30 127.50 92.81 1.0000 high
585.00 314.30 127.50 94.92 1.0000 high
585.00 314.30 127.50 94.92 1.0000 high
581.25 312.19 131.25 97.03 1.0000 high
581.25 314.30 131.25 97.03 1.0000 high
581.25 314.30 135.00 99.14 1.0000 high
577.50 314.30 138.75 101.25 1.0000 high
577.50 316.41 135.00 101.25 1.0000 high
573.75 316.41 135.00 103.36 1.0000 high
570.00 318.52 138.75 103.36 1.0000 high
566.25 322.73 142.50 101.25 1.0000 high
562.50 322.73 142.50 103.36 1.0000 high
562.50 324.84 142.50 105.47 1.0000 high
558.75 326.95 138.75 105.47 1.0000 high
551.25 329.06 142.50 107.58 1.0000 high
551.25 331.17 142.50 109.69 1.0000 high
547.50 341.72 142.50 103.36 1.0000 high
543.75 345.94 146.25 103.36 1.0000 high
540.00 343.83 146.25 109.69 1.0000 high
536.25 350.16 146.25 109.69 1.0000 high
532.50 356.48 150.00 109.69 1.0000 high
532.50 360.70 150.00 109.69 1.0000 high
525.00 364.92 153.75 111.80 1.0000 high
525.00 373.36 150.00 109.69 1.0000 high
521.25 375.47 153.75 111.80 1.0000 high
517.50 381.80 150.00 109.69 1.0000 high
513.75 388.12 150.00 107.58 1.0000 high
510.00 390.23 150.00 111.80 1.0000 high
502.50 394.45 153.75 111.80 1.0000 high
498.75 400.78 157.50 111.80 1.0000 high
495.00 405.00 157.50 111.80 1.0000 high
491.25 411.33 157.50 111.80 1.0000 high
487.50 415.55 157.50 111.80 1.0000 high
483.75 419.77 157.50 113.91 1.0000 high
476.25 423.98 161.25 113.91 1.0000 high
472.50 428.20 161.25 116.02 1.0000 high
468.75 434.53 161.25 116.02 1.0000 high
465.00 440.86 161.25 116.02 1.0000 high
461.25 447.19 165.00 116.02 1.0000 high
457.50 455.62 165.00 113.91 1.0000 high
457.50 461.95 165.00 113.91 1.0000 high
453.75 468.28 168.75 116.02 1.0000 high
453.75 474.61 165.00 116.02 1.0000 high
453.75 480.94 165.00 113.91 1.0000 high
450.00 485.16 168.75 116.02 1.0000 high
450.00 491.48 168.75 116.02 1.0000 high
450.00 497.81 172.50 116.02 1.0000 high
450.00 504.14 172.50 116.02 1.0000 high
450.00 510.47 172.50 116.02 1.0000 high
450.00 516.80 172.50 116.02 1.0000 high
450.00 525.23 172.50 113.91 1.0000 high
450.00 531.56 176.25 113.91 1.0000 high
453.75 535.78 172.50 113.91 1.0000 high
453.75 544.22 176.25 111.80 1.0000 high
453.75 548.44 180.00 111.80 1.0000 high
457.50 552.66 176.25 111.80 1.0000 high
461.25 558.98 176.25 109.69 1.0000 high
461.25 563.20 180.00 109.69 1.0000 high
465.00 567.42 180.00 109.69 1.0000 high
465.00 571.64 183.75 109.69 1.0000 high
468.75 575.86 180.00 109.69 1.0000 high
472.50 577.97 180.00 109.69 1.0000 high
472.50 580.08 183.75 109.69 1.0000 high
476.25 582.19 183.75 109.69 1.0000 high
