1158.75 160.31 60.00 54.84 1.0000 init
1158.75 160.31 60.00 54.84 1.0000 high
1155.00 172.97 63.75 54.84 1.0000 high
1155.00 175.08 63.75 52.73 1.0000 high
1158.75 187.73 56.25 50.62 1.0000 high
1158.75 187.73 56.25 50.62 1.0000 high
1155.00 202.50 60.00 46.41 1.0000 high
1155.00 202.50 56.25 46.41 1.0000 high
1155.00 217.27 56.25 44.30 1.0000 high
1155.00 217.27 56.25 44.30 1.0000 high
1151.25 232.03 60.00 37.97 1.0000 high
1151.25 232.03 60.00 37.97 1.0000 high
1151.25 246.80 56.25 31.64 1.0000 high
1151.25 246.80 56.25 33.75 1.0000 high
1151.25 255.23 52.50 31.64 1.0000 high
1151.25 257.34 52.50 29.53 1.0000 high
1147.50 265.78 52.50 31.64 1.0000 high
1147.50 265.78 52.50 31.64 1.0000 high
1146.83 273.72 51.70 29.51 0.0000 coast
1146.09 279.62 51.16 28.27 0.0000 coast
1147.50 280.55 48.75 29.53 1.0000 high
1147.50 280.55 48.75 29.53 1.0000 high
1143.75 282.66 52.50 33.75 1.0000 high
1143.75 282.66 52.50 31.64 1.0000 high
1155.00 284.77 37.50 25.31 1.0000 high
1155.00 284.77 37.50 27.42 1.0000 high
1154.40 289.49 36.96 26.39 0.0000 coast
1154.92 292.76 35.40 25.63 0.0000 coast
1155.43 296.04 33.83 24.87 0.0000 coast
1155.94 299.31 32.27 24.10 0.0000 coast
1156.45 302.59 30.70 23.34 0.0000 coast
1156.96 305.86 29.14 22.58 0.0000 coast
757.50 531.56 15.00 8.44 1.0000 reinit
757.50 529.45 15.00 10.55 1.0000 high
757.50 529.45 15.00 12.66 1.0000 high
757.50 531.56 15.00 8.44 1.0000 high
757.50 531.56 11.25 6.33 0.9961 high
757.50 531.56 11.25 8.44 1.0000 high
757.50 531.91 10.48 7.58 0.0000 coast
757.50 532.21 9.67 7.19 0.0000 coast
1023.75 324.84 56.25 35.86 1.0000 reinit
1020.00 324.84 63.75 35.86 1.0000 high
1019.72 324.84 64.31 35.86 0.0000 coast
993.75 326.95 63.75 37.97 1.0000 high
989.75 327.22 65.03 38.24 0.0000 coast
967.50 331.17 60.00 33.75 1.0000 high
959.96 331.78 60.89 34.19 0.0000 coast
937.50 333.28 60.00 37.97 1.0000 high
927.99 334.40 59.99 37.53 0.0000 coast
903.75 333.28 63.75 37.97 1.0000 high
893.04 334.62 63.33 38.20 0.0000 coast
870.00 337.50 63.75 29.53 1.0000 high
847.50 339.61 60.00 23.20 1.0000 high
847.50 339.61 60.00 23.20 1.0000 high
829.86 341.01 60.30 22.31 0.0000 coast
817.50 348.05 56.25 27.42 1.0000 high
817.50 354.38 26.25 14.77 1.0000 high
800.65 354.78 32.40 16.36 0.0000 coast
783.75 354.38 30.00 16.88 1.0000 high
770.92 356.41 26.97 15.38 0.0000 coast
753.75 356.48 33.75 18.98 1.0000 high
740.26 358.16 31.37 17.99 0.0000 coast
742.50 367.03 15.00 8.44 1.0000 high
727.47 368.02 14.76 8.62 0.0000 coast
712.50 371.25 30.00 14.77 1.0000 high
700.10 373.75 29.47 14.31 0.0000 coast
697.50 386.02 11.25 4.22 0.9922 high
683.00 386.65 15.32 6.12 0.0000 coast
671.21 389.94 14.31 5.29 0.0000 coast
659.42 393.23 13.30 4.45 0.0000 coast
753.75 529.45 22.50 12.66 1.0000 reinit
761.25 535.78 7.50 2.11 0.7373 high
761.81 536.25 6.38 1.32 0.0000 coast
763.36 536.63 3.29 1.00 0.0000 coast
764.50 536.85 1.00 1.00 0.0000 coast
764.50 537.07 1.00 1.00 0.0000 coast
757.50 531.56 11.25 6.33 1.0000 high
757.50 533.67 11.25 6.33 1.0000 high
753.75 529.45 18.75 12.66 1.0000 high
753.75 529.45 18.75 12.66 1.0000 high
753.79 529.84 17.90 11.74 0.0000 coast
753.47 529.75 18.08 11.77 0.0000 coast
757.50 531.56 15.00 8.44 1.0000 high
757.50 531.56 15.00 8.44 1.0000 high
757.26 531.52 15.10 8.35 0.0000 coast
757.26 531.57 15.04 8.14 0.0000 coast
757.27 531.62 14.97 7.93 0.0000 coast
757.27 531.67 14.91 7.72 0.0000 coast
761.25 533.67 7.50 4.22 0.8784 high
765.00 535.78 3.75 2.11 0.4078 low
765.24 535.94 3.16 1.67 0.0000 coast
766.07 536.39 1.99 1.00 0.0000 coast
491.25 502.03 26.25 12.66 1.0000 reinit
491.25 502.03 22.50 10.55 1.0000 high
491.25 502.03 22.22 10.39 0.0000 coast
491.25 502.03 21.45 9.95 0.0000 coast
491.25 502.03 20.67 9.52 0.0000 coast
986.25 451.41 22.50 12.66 1.0000 reinit
978.75 451.41 26.25 12.66 1.0000 high
990.00 455.62 11.25 6.33 1.0000 high
988.61 455.68 11.82 6.24 0.0000 coast
990.36 456.86 8.32 4.47 0.0000 coast
992.11 458.04 4.83 2.71 0.0000 coast
993.85 459.19 1.34 1.00 0.0000 coast
397.50 493.59 26.25 10.55 1.0000 reinit
397.50 493.59 26.25 10.55 0.0000 coast
386.25 491.48 22.50 8.44 1.0000 high
390.00 491.48 15.00 8.44 1.0000 high
387.93 491.02 13.38 7.97 0.0000 coast
386.90 490.62 10.47 7.57 0.0000 coast
757.50 531.56 15.00 8.44 1.0000 reinit
753.75 531.56 18.75 10.55 1.0000 high
753.47 531.56 19.03 10.70 0.0000 coast
752.70 531.56 19.80 11.14 0.0000 coast
751.92 531.56 20.58 11.58 0.0000 coast
751.15 531.56 21.35 12.01 0.0000 coast
1312.50 442.97 11.25 8.44 1.0000 reinit
1312.50 442.97 11.25 8.44 1.0000 high
1312.50 442.97 11.25 6.33 1.0000 high
1312.50 442.97 11.25 6.33 1.0000 high
1312.50 442.97 11.25 5.65 0.0000 coast
1312.50 442.97 11.25 5.03 0.0000 coast
1312.50 442.97 11.25 4.41 0.0000 coast
656.25 502.03 11.25 6.33 1.0000 reinit
656.25 502.03 11.25 6.33 0.0000 coast
656.25 502.03 11.25 6.33 0.0000 coast
757.50 531.56 15.00 8.44 1.0000 reinit
757.50 531.56 15.00 8.44 1.0000 high
753.75 529.45 18.75 10.55 1.0000 high
753.37 529.24 19.13 10.76 0.0000 coast
761.25 533.67 3.75 2.11 0.5373 high
760.14 533.04 4.79 2.69 0.0000 coast
760.66 533.34 2.83 1.59 0.0000 coast
303.75 278.44 75.00 40.08 1.0000 reinit
311.25 276.33 67.50 35.86 1.0000 high
303.75 274.22 86.25 37.97 1.0000 high
307.50 274.22 67.50 31.64 1.0000 high
307.50 274.22 63.75 31.64 1.0000 high
300.00 265.78 90.00 42.19 1.0000 high
300.00 265.78 90.00 42.19 1.0000 high
318.75 263.67 60.00 35.86 1.0000 high
318.75 263.67 60.00 37.97 1.0000 high
315.00 261.56 60.00 31.64 1.0000 high
315.00 261.56 60.00 31.64 1.0000 high
315.00 255.23 60.00 29.53 1.0000 high
315.00 255.23 60.00 29.53 1.0000 high
318.75 248.91 48.75 25.31 1.0000 high
318.75 248.91 48.75 25.31 1.0000 high
319.35 246.34 47.21 24.11 0.0000 coast
307.50 223.59 60.00 40.08 1.0000 high
311.25 215.16 60.00 37.97 1.0000 high
311.25 215.16 60.00 37.97 1.0000 high
288.75 206.72 82.50 35.86 1.0000 high
285.00 204.61 86.25 37.97 1.0000 high
277.50 196.17 93.75 59.06 1.0000 high
273.75 196.17 93.75 59.06 1.0000 high
266.25 185.62 108.75 46.41 1.0000 high
270.00 185.62 101.25 46.41 1.0000 high
307.50 179.30 60.00 46.41 1.0000 high
307.50 179.30 63.75 46.41 1.0000 high
277.50 175.08 93.75 48.52 1.0000 high
277.50 175.08 93.75 48.52 1.0000 high
281.25 175.08 90.00 48.52 1.0000 high
277.50 175.08 93.75 50.62 1.0000 high
285.00 175.08 86.25 48.52 1.0000 high
307.50 177.19 63.75 46.41 1.0000 high
292.50 179.30 78.75 44.30 1.0000 high
285.00 179.30 86.25 44.30 1.0000 high
318.75 183.52 60.00 44.30 1.0000 high
318.75 183.52 60.00 44.30 1.0000 high
318.00 181.71 60.89 44.25 0.0000 coast
320.18 180.97 59.46 44.18 0.0000 coast
311.25 198.28 71.25 37.97 1.0000 high
307.50 198.28 75.00 37.97 1.0000 high
292.50 206.72 90.00 40.08 1.0000 high
300.00 206.72 82.50 33.75 1.0000 high
318.75 210.94 67.50 33.75 1.0000 high
318.75 210.94 67.50 33.75 1.0000 high
330.00 217.27 60.00 31.64 1.0000 high
333.75 217.27 56.25 31.64 1.0000 high
352.50 227.81 33.75 21.09 1.0000 high
352.50 229.92 33.75 16.88 1.0000 high
356.75 232.88 30.24 15.31 0.0000 coast
361.22 236.14 26.06 12.67 0.0000 coast
356.25 234.14 30.00 16.88 0.9804 high
359.45 236.69 26.92 15.16 0.0000 coast
362.23 239.01 24.20 13.74 0.0000 coast
365.01 241.33 21.48 12.33 0.0000 coast
371.25 248.91 37.50 16.88 1.0000 reinit
371.25 246.80 37.50 18.98 1.0000 high
371.25 246.64 37.50 19.14 0.0000 coast
371.25 246.20 37.50 19.58 0.0000 coast
386.25 251.02 7.50 8.44 0.9725 high
388.84 251.49 2.32 6.87 0.0000 coast
389.50 252.26 1.00 4.65 0.0000 coast
386.25 251.02 26.25 16.88 1.0000 high
388.97 251.34 24.98 17.87 0.0000 coast
391.67 251.64 23.91 18.98 0.0000 coast
416.25 259.45 52.50 29.53 1.0000 reinit
416.25 259.45 52.50 29.53 1.0000 high
416.25 259.45 52.50 29.53 0.0000 coast
416.25 259.45 52.50 29.53 0.0000 coast
416.25 259.45 52.50 29.53 0.0000 coast
416.25 259.45 52.50 29.53 0.0000 coast
416.25 259.45 52.50 29.53 0.0000 coast
416.25 259.45 52.50 29.53 0.0000 coast
502.50 286.88 41.25 16.88 1.0000 reinit
502.50 284.77 41.25 21.09 1.0000 high
498.75 284.77 71.25 27.42 1.0000 high
498.75 284.77 71.25 27.42 1.0000 high
497.44 284.27 81.74 30.63 0.0000 coast
551.25 293.20 33.75 18.98 1.0000 high
541.14 291.37 52.31 23.90 0.0000 coast
545.56 291.98 55.74 25.06 0.0000 coast
549.98 292.60 59.17 26.21 0.0000 coast
554.40 293.21 62.60 27.37 0.0000 coast
611.25 305.86 45.00 21.09 1.0000 reinit
611.25 307.97 45.00 18.98 1.0000 high
611.25 308.13 45.00 18.83 0.0000 coast
611.25 308.56 45.00 18.39 0.0000 coast
656.25 320.62 37.50 14.77 1.0000 reinit
652.50 316.41 41.25 18.98 1.0000 high
652.22 316.09 41.53 19.30 0.0000 coast
651.45 315.22 42.30 20.17 0.0000 coast
697.50 326.95 37.50 14.77 1.0000 reinit
712.50 333.28 18.75 8.44 1.0000 high
713.62 333.75 17.36 7.97 0.0000 coast
708.75 331.17 48.75 21.09 1.0000 high
709.05 331.11 57.26 24.85 0.0000 coast
727.50 335.39 48.75 25.31 1.0000 high
722.20 333.95 63.15 30.39 0.0000 coast
746.25 337.50 48.75 27.42 1.0000 high
761.25 343.83 48.75 27.42 1.0000 high
761.25 343.83 48.75 27.42 1.0000 high
780.00 350.16 45.00 25.31 1.0000 high
780.00 350.16 45.00 23.20 1.0000 high
795.00 354.38 45.00 27.42 1.0000 high
795.00 354.38 45.00 27.42 1.0000 high
810.00 360.70 45.00 25.31 1.0000 high
810.00 360.70 45.00 25.31 1.0000 high
825.00 367.03 41.25 23.20 1.0000 high
825.00 367.03 41.25 25.31 1.0000 high
832.50 373.36 48.75 27.42 1.0000 high
832.50 371.25 48.75 29.53 1.0000 high
847.50 381.80 48.75 23.20 1.0000 high
847.50 381.80 48.75 23.20 1.0000 high
862.50 390.23 45.00 25.31 1.0000 high
862.50 392.34 45.00 23.20 1.0000 high
873.75 400.78 45.00 25.31 1.0000 high
873.75 400.78 45.00 27.42 1.0000 high
885.00 411.33 41.25 25.31 1.0000 high
885.00 411.33 41.25 27.42 1.0000 high
888.75 423.98 48.75 27.42 1.0000 high
892.50 421.88 52.50 29.53 1.0000 high
903.75 434.53 52.50 25.31 1.0000 high
903.75 434.53 52.50 27.42 1.0000 high
911.25 442.97 63.75 33.75 1.0000 high
907.50 440.86 67.50 35.86 1.0000 high
918.75 449.30 60.00 31.64 1.0000 high
918.75 449.30 60.00 31.64 1.0000 high
926.25 461.95 48.75 25.31 1.0000 high
926.25 461.95 48.75 25.31 1.0000 high
930.00 468.28 48.75 27.42 1.0000 high
930.00 468.28 48.75 27.42 1.0000 high
937.50 468.28 45.00 29.53 1.0000 high
937.50 468.28 41.25 29.53 1.0000 high
945.00 470.39 41.25 31.64 1.0000 high
945.00 468.28 41.25 33.75 1.0000 high
952.50 478.83 41.25 27.42 1.0000 high
952.50 468.28 41.25 37.97 1.0000 high
956.25 483.05 45.00 27.42 1.0000 high
956.25 483.05 45.00 27.42 1.0000 high
967.50 485.16 45.00 29.53 1.0000 high
967.50 485.16 45.00 29.53 1.0000 high
978.75 487.27 45.00 29.53 1.0000 high
978.75 487.27 45.00 29.53 1.0000 high
993.75 487.27 41.25 29.53 1.0000 high
990.00 487.27 45.00 31.64 1.0000 high
1005.00 491.48 45.00 27.42 1.0000 high
1005.00 491.48 45.00 27.42 1.0000 high
1023.75 491.48 41.25 27.42 1.0000 high
1023.75 491.48 45.00 27.42 1.0000 high
1038.75 493.59 45.00 25.31 1.0000 high
1038.75 493.59 45.00 25.31 1.0000 high
1046.07 495.39 44.98 25.07 0.0000 coast
1053.75 493.59 52.50 27.42 1.0000 high
1059.69 495.35 51.50 26.69 0.0000 coast
1076.25 495.70 52.50 25.31 1.0000 high
1095.00 495.70 48.75 25.31 1.0000 high
1095.00 495.70 48.75 25.31 1.0000 high
1103.64 497.01 49.70 25.04 0.0000 coast
1117.50 495.70 48.75 27.42 1.0000 high
1124.22 496.87 49.24 26.83 0.0000 coast
1140.00 495.70 48.75 27.42 1.0000 high
1147.09 496.64 49.05 27.34 0.0000 coast
1158.75 497.81 52.50 27.42 1.0000 high
1167.09 498.26 52.21 27.46 0.0000 coast
1185.00 502.03 48.75 27.42 1.0000 high
1192.63 502.14 49.75 27.48 0.0000 coast
1211.25 504.14 48.75 27.42 1.0000 high
1219.74 504.82 49.02 27.47 0.0000 coast
1233.75 506.25 48.75 27.42 1.0000 high
1243.66 507.11 48.82 27.46 0.0000 coast
1260.00 508.36 48.75 23.20 1.0000 high
1278.75 512.58 48.75 21.09 1.0000 high
1278.75 512.58 48.75 23.20 1.0000 high
1301.25 514.69 48.75 21.09 1.0000 high
1301.25 514.69 48.75 21.09 1.0000 high
1323.75 516.80 52.50 21.09 1.0000 high
1323.75 516.80 52.50 25.31 1.0000 high
1342.50 514.69 48.75 25.31 1.0000 high
1342.50 514.69 48.75 27.42 1.0000 high
1361.25 512.58 48.75 29.53 1.0000 high
1361.25 512.58 48.75 29.53 1.0000 high
1376.25 510.47 45.00 27.42 1.0000 high
1386.22 511.65 45.93 28.50 0.0000 coast
1380.00 508.36 52.50 27.42 1.0000 high
1383.75 508.36 52.50 29.53 1.0000 high
1395.00 504.14 45.00 29.53 1.0000 high
1395.00 504.14 45.00 29.53 1.0000 high
1398.75 495.70 45.00 27.42 1.0000 high
1398.75 495.70 45.00 27.42 1.0000 high
1408.25 494.85 44.61 27.72 0.0000 coast
1402.50 483.05 48.75 27.42 1.0000 high
1410.38 482.98 47.88 27.47 0.0000 coast
1406.25 472.50 48.75 21.09 1.0000 high
1412.90 471.37 48.71 21.97 0.0000 coast
1428.75 459.84 22.50 18.98 1.0000 high
1431.73 458.11 26.33 18.80 0.0000 coast
1440.00 447.19 11.25 10.55 1.0000 high
1445.56 443.28 8.80 9.52 0.0000 coast
1451.39 438.65 5.03 7.74 0.0000 coast
1457.23 434.01 1.27 5.96 0.0000 coast
1461.32 429.38 1.00 4.18 0.0000 coast
708.75 590.62 11.25 8.44 1.0000 reinit
708.75 590.62 11.25 8.44 0.0000 coast
708.75 590.62 11.25 8.44 0.0000 coast
708.75 590.62 11.25 8.44 0.0000 coast
708.75 590.62 11.25 8.44 0.0000 coast
708.75 590.62 11.25 8.44 0.0000 coast
1477.50 364.92 3.75 4.22 0.9608 reinit
1473.75 364.92 11.25 6.33 1.0000 high
1473.47 364.92 11.81 6.49 0.0000 coast
1472.70 364.92 13.36 6.92 0.0000 coast
1471.92 364.92 14.91 7.36 0.0000 coast
1471.15 364.92 16.46 7.79 0.0000 coast
1492.50 386.02 7.50 4.22 0.9882 reinit
1492.50 386.02 7.50 4.22 0.0000 coast
1492.50 386.02 7.50 4.22 0.0000 coast
1492.50 386.02 7.50 4.22 0.0000 coast
1492.50 386.02 7.50 4.22 0.0000 coast
1492.50 386.02 7.50 4.22 0.0000 coast
712.50 592.73 3.75 4.22 0.8824 reinit
712.50 592.73 3.75 4.22 0.9490 high
712.50 592.73 3.75 4.22 0.0000 coast
712.50 592.73 3.75 4.22 0.0000 coast
1560.00 381.80 15.00 6.33 1.0000 reinit
1560.00 381.80 15.00 6.33 1.0000 high
1560.00 381.80 15.00 6.33 0.0000 coast
1560.00 381.80 15.00 6.33 0.0000 coast
1597.50 383.91 37.50 12.66 1.0000 reinit
1597.50 383.91 37.50 12.66 1.0000 high
1597.50 383.91 37.50 12.66 0.0000 coast
1597.50 383.91 37.50 12.66 0.0000 coast
963.75 470.39 7.50 4.22 0.9961 reinit
963.75 472.50 7.50 2.11 0.8667 high
963.75 472.66 7.50 1.95 0.0000 coast
963.75 473.09 7.50 1.52 0.0000 coast
963.75 473.53 7.50 1.08 0.0000 coast
1687.50 400.78 11.25 6.33 1.0000 reinit
1687.50 400.78 11.25 6.33 0.0000 coast
1687.50 400.78 11.25 6.33 0.0000 coast
956.25 468.28 18.75 10.55 1.0000 reinit
956.25 468.28 18.75 10.55 0.0000 coast
956.25 468.28 18.75 10.55 0.0000 coast
757.50 533.67 11.25 4.22 0.9961 reinit
757.50 533.67 11.25 4.22 0.0000 coast
757.50 533.67 11.25 4.22 0.0000 coast
757.50 533.67 11.25 4.22 0.0000 coast
757.50 533.67 11.25 4.22 0.0000 coast
757.50 533.67 11.25 4.22 0.0000 coast
757.50 533.67 11.25 4.22 0.0000 coast
1781.25 455.62 15.00 8.44 1.0000 reinit
1777.50 453.52 22.50 12.66 1.0000 high
1777.22 453.36 23.06 12.97 0.0000 coast
1776.45 452.92 24.61 13.84 0.0000 coast
1781.25 455.62 48.75 23.20 1.0000 reinit
1781.25 455.62 48.75 23.20 1.0000 high
1785.00 459.84 45.00 21.09 1.0000 high
1785.00 459.84 45.00 21.09 1.0000 high
1792.50 461.95 22.50 12.66 1.0000 high
1792.50 461.95 41.25 16.88 1.0000 high
1794.84 463.15 38.80 15.34 0.0000 coast
1797.08 464.21 38.47 14.32 0.0000 coast
663.75 383.91 3.75 4.22 0.9216 reinit
663.75 383.91 3.75 4.22 0.0000 coast
663.75 383.91 3.75 4.22 0.0000 coast
1837.50 472.50 7.50 4.22 0.9843 reinit
1837.50 472.50 7.50 4.22 0.0000 coast
1837.50 472.50 7.50 4.22 0.0000 coast
1856.25 466.17 11.25 8.44 1.0000 reinit
1856.25 466.17 11.25 8.44 0.0000 coast
1856.25 466.17 11.25 8.44 0.0000 coast
1856.25 466.17 11.25 8.44 0.0000 coast
1856.25 466.17 11.25 8.44 0.0000 coast
1856.25 466.17 11.25 8.44 0.0000 coast
1856.25 466.17 11.25 8.44 0.0000 coast
1856.25 466.17 11.25 8.44 0.0000 coast
1875.00 457.73 3.75 2.11 0.5765 reinit
1875.00 457.73 3.75 2.11 0.6039 high
1875.00 457.73 3.75 2.11 0.0000 coast
1875.00 457.73 3.75 2.11 0.0000 coast
1875.00 457.73 3.75 2.11 0.0000 coast
1875.00 457.73 3.75 2.11 0.0000 coast
1875.00 457.73 3.75 2.11 0.0000 coast
1875.00 457.73 3.75 2.11 0.0000 coast
1875.00 457.73 3.75 2.11 0.0000 coast
1875.00 457.73 3.75 2.11 0.0000 coast
967.50 472.50 3.75 2.11 0.9412 reinit
967.50 472.50 3.75 2.11 0.0000 coast
967.50 472.50 3.75 2.11 0.0000 coast
967.50 472.50 3.75 2.11 0.0000 coast
967.50 472.50 3.75 2.11 0.0000 coast
967.50 472.50 3.75 2.11 0.0000 coast
967.50 472.50 3.75 2.11 0.0000 coast
967.50 472.50 3.75 2.11 0.0000 coast
967.50 472.50 3.75 2.11 0.0000 coast
967.50 472.50 3.75 2.11 0.0000 coast
990.00 457.73 7.50 4.22 0.9882 reinit
990.00 457.73 7.50 4.22 0.0000 coast
990.00 457.73 7.50 4.22 0.0000 coast
990.00 457.73 7.50 4.22 0.0000 coast
990.00 457.73 7.50 4.22 0.0000 coast
990.00 457.73 7.50 4.22 0.0000 coast
990.00 457.73 7.50 4.22 0.0000 coast
990.00 457.73 7.50 4.22 0.0000 coast
990.00 457.73 7.50 4.22 0.0000 coast
990.00 457.73 7.50 4.22 0.0000 coast
990.00 457.73 7.50 4.22 0.0000 coast
-100 -100 -100 -100 0.0000 miss
-100 -100 -100 -100 0.0000 miss
-100 -100 -100 -100 0.0000 miss
-100 -100 -100 -100 0.0000 miss
-100 -100 -100 -100 0.0000 miss
-100 -100 -100 -100 0.0000 miss
-100 -100 -100 -100 0.0000 miss
-100 -100 -100 -100 0.0000 miss
-100 -100 -100 -100 0.0000 miss
-100 -100 -100 -100 0.0000 miss
-100 -100 -100 -100 0.0000 miss
-100 -100 -100 -100 0.0000 miss
-100 -100 -100 -100 0.0000 miss
-100 -100 -100 -100 0.0000 miss
566.25 177.19 15.00 6.33 0.9882 reinit
566.25 177.19 15.00 6.33 0.0000 coast
566.25 177.19 15.00 6.33 0.0000 coast
967.50 472.50 3.75 2.11 0.5255 reinit
967.50 472.50 3.75 2.11 0.0000 coast
967.50 472.50 3.75 2.11 0.0000 coast
967.50 472.50 3.75 2.11 0.0000 coast
967.50 472.50 3.75 2.11 0.0000 coast
967.50 472.50 3.75 2.11 0.0000 coast
967.50 472.50 3.75 2.11 0.0000 coast
757.50 531.56 11.25 6.33 0.9922 reinit
757.50 533.67 11.25 4.22 0.9843 high
757.50 533.83 11.25 4.06 0.0000 coast
757.50 534.26 11.25 3.63 0.0000 coast
963.75 468.28 11.25 8.44 1.0000 reinit
963.75 468.28 15.00 8.44 1.0000 high
963.75 468.28 15.00 8.44 1.0000 high
963.75 468.28 15.79 8.44 0.0000 coast
963.75 468.28 16.50 8.44 0.0000 coast
960.00 468.28 18.75 10.55 1.0000 high
960.00 468.28 15.00 8.44 1.0000 high
963.75 472.50 7.50 2.11 0.8745 high
962.25 471.62 10.00 3.73 0.0000 coast
962.10 472.04 9.59 3.15 0.0000 coast
961.95 472.45 9.17 2.57 0.0000 coast
961.80 472.87 8.75 1.99 0.0000 coast
967.50 470.39 3.75 4.22 0.7922 high
967.93 470.52 2.88 3.92 0.0000 coast
968.53 470.56 1.87 3.70 0.0000 coast
1458.75 449.30 7.50 6.33 0.9843 reinit
1458.75 451.41 7.50 2.11 0.9451 high
1458.75 451.56 7.50 1.80 0.0000 coast
1458.75 451.96 7.50 1.00 0.0000 coast
1458.75 451.96 7.50 1.00 0.0000 coast
1447.50 455.62 15.00 14.77 1.0000 reinit
1447.50 455.62 15.00 14.77 0.0000 coast
1447.50 455.62 15.00 14.77 0.0000 coast
963.75 470.39 11.25 6.33 1.0000 reinit
963.75 470.39 11.25 6.33 0.0000 coast
963.75 470.39 11.25 6.33 0.0000 coast
1436.25 464.06 7.50 6.33 1.0000 reinit
1436.25 464.06 7.50 6.33 0.0000 coast
1436.25 464.06 7.50 6.33 0.0000 coast
1413.75 464.06 22.50 16.88 1.0000 reinit
1417.50 466.17 15.00 10.55 1.0000 high
1417.78 466.33 14.44 10.08 0.0000 coast
1418.55 466.76 12.89 8.77 0.0000 coast
960.00 468.28 18.75 10.55 1.0000 reinit
960.00 468.28 22.50 10.55 1.0000 high
960.00 468.28 22.78 10.55 0.0000 coast
960.00 468.28 23.55 10.55 0.0000 coast
1350.00 464.06 41.25 18.98 1.0000 reinit
1350.00 464.06 41.25 18.98 1.0000 high
1338.75 461.95 45.00 25.31 1.0000 high
1338.75 461.95 45.00 25.31 1.0000 high
1327.50 461.95 45.00 27.42 1.0000 high
1327.50 461.95 45.00 27.42 1.0000 high
1320.00 459.84 45.00 29.53 1.0000 high
1320.00 459.84 45.00 27.42 1.0000 high
1312.50 459.84 45.00 29.53 1.0000 high
1308.75 459.84 48.75 27.42 1.0000 high
1301.25 459.84 45.00 25.31 1.0000 high
1301.25 457.73 45.00 27.42 1.0000 high
1293.75 457.73 41.25 25.31 1.0000 high
1293.75 457.73 41.25 25.31 1.0000 high
1282.50 457.73 45.00 23.20 1.0000 high
1282.50 457.73 45.00 27.42 1.0000 high
1275.00 457.73 41.25 27.42 1.0000 high
1271.25 457.73 45.00 25.31 1.0000 high
1263.75 457.73 48.75 23.20 1.0000 high
1263.75 455.62 48.75 27.42 1.0000 high
1256.25 455.62 56.25 25.31 1.0000 high
1256.25 455.62 52.50 25.31 1.0000 high
1248.75 457.73 45.00 25.31 1.0000 high
1248.75 457.73 45.00 25.31 1.0000 high
1237.50 455.62 45.00 31.64 1.0000 high
1237.50 455.62 45.00 31.64 1.0000 high
1233.75 457.73 45.00 29.53 1.0000 high
1233.75 457.73 45.00 29.53 1.0000 high
1230.00 459.84 41.25 27.42 1.0000 high
1230.00 459.84 41.25 27.42 1.0000 high
1222.50 461.95 45.00 27.42 1.0000 high
1222.50 461.95 45.00 27.42 1.0000 high
1218.75 464.06 45.00 25.31 1.0000 high
1218.75 464.06 45.00 25.31 1.0000 high
1215.00 466.17 48.75 27.42 1.0000 high
1215.00 466.17 48.75 27.42 1.0000 high
1211.25 466.17 48.75 27.42 1.0000 high
1211.25 466.17 48.75 27.42 1.0000 high
1211.25 468.28 45.00 29.53 1.0000 high
1211.25 468.28 45.00 29.53 1.0000 high
1207.50 470.39 48.75 27.42 1.0000 high
1207.50 470.39 48.75 27.42 1.0000 high
1207.50 470.39 45.00 27.42 1.0000 high
1203.75 470.39 52.50 27.42 1.0000 high
1207.50 470.39 45.00 27.42 1.0000 high
1207.50 470.39 45.00 27.42 1.0000 high
1203.75 470.39 48.75 27.42 1.0000 high
1203.75 470.39 48.75 27.42 1.0000 high
1203.75 470.39 48.75 25.31 1.0000 high
1203.75 470.39 48.75 27.42 1.0000 high
1203.75 468.28 45.00 27.42 1.0000 high
1203.75 468.28 45.00 27.42 1.0000 high
1200.00 466.17 45.00 31.64 1.0000 high
1200.00 466.17 45.00 31.64 1.0000 high
1196.25 466.17 45.00 29.53 1.0000 high
1196.25 466.17 45.00 29.53 1.0000 high
1192.50 466.17 41.25 29.53 1.0000 high
1192.50 466.17 41.25 29.53 1.0000 high
1181.25 466.17 45.00 29.53 1.0000 high
1181.25 466.17 45.00 29.53 1.0000 high
1179.36 465.98 44.47 29.67 0.0000 coast
1166.25 464.06 45.00 31.64 1.0000 high
1165.54 464.20 44.89 31.46 0.0000 coast
1151.25 464.06 45.00 29.53 1.0000 high
1149.63 463.78 45.00 30.06 0.0000 coast
1132.50 464.06 48.75 29.53 1.0000 high
1130.24 463.73 48.27 29.67 0.0000 coast
1117.50 464.06 48.75 31.64 1.0000 high
1113.60 463.77 49.04 31.36 0.0000 coast
1098.75 464.06 45.00 27.42 1.0000 high
1094.48 463.82 45.98 28.19 0.0000 coast
1080.00 466.17 45.00 25.31 1.0000 high
1074.69 465.73 45.13 25.51 0.0000 coast
1057.50 468.28 48.75 25.31 1.0000 high
1042.50 472.50 45.00 18.98 1.0000 high
1038.75 470.39 48.75 23.20 1.0000 high
1023.75 472.50 45.00 23.20 1.0000 high
1023.75 470.39 45.00 27.42 1.0000 high
1020.00 476.72 26.25 18.98 1.0000 high
1016.25 476.72 30.00 18.98 1.0000 high
1012.50 480.94 18.75 10.55 1.0000 high
1005.00 476.72 26.25 16.88 1.0000 high
998.55 478.10 23.32 15.07 0.0000 coast
992.15 478.61 21.82 14.36 0.0000 coast
956.25 455.62 52.50 29.53 1.0000 reinit
956.25 455.62 52.50 29.53 1.0000 high
952.50 445.08 67.50 35.86 1.0000 high
952.50 445.08 67.50 35.86 1.0000 high
956.25 440.86 67.50 37.97 1.0000 high
952.50 440.86 71.25 37.97 1.0000 high
952.50 436.98 75.29 40.24 0.0000 coast
945.00 423.98 56.25 37.97 1.0000 high
945.23 422.27 62.43 40.09 0.0000 coast
948.75 411.33 45.00 23.20 1.0000 high
947.14 407.79 47.28 25.56 0.0000 coast
960.00 396.56 30.00 18.98 1.0000 high
959.15 391.84 29.12 18.20 0.0000 coast
971.25 383.91 15.00 12.66 1.0000 high
973.42 378.04 10.73 10.66 0.0000 coast
976.54 371.97 5.52 8.33 0.0000 coast
937.50 352.27 48.75 25.31 1.0000 reinit
937.50 352.27 48.75 25.31 1.0000 high
937.50 343.83 45.00 23.20 1.0000 high
937.50 343.83 48.75 25.31 1.0000 high
937.50 337.50 45.00 25.31 1.0000 high
937.50 335.39 45.00 27.42 1.0000 high
937.50 331.17 41.25 23.20 1.0000 high
937.50 331.17 41.25 25.31 1.0000 high
933.75 324.84 41.25 27.42 1.0000 high
933.75 326.95 41.25 25.31 1.0000 high
926.25 320.62 45.00 29.53 1.0000 high
926.25 320.62 45.00 29.53 1.0000 high
922.50 318.52 41.25 29.53 1.0000 high
922.50 318.52 41.25 29.53 1.0000 high
915.00 316.41 41.25 31.64 1.0000 high
915.00 316.41 41.25 31.64 1.0000 high
903.75 316.41 45.00 31.64 1.0000 high
903.75 316.41 45.00 31.64 1.0000 high
892.50 318.52 45.00 27.42 1.0000 high
892.50 318.52 45.00 27.42 1.0000 high
881.25 318.52 41.25 25.31 1.0000 high
881.25 318.52 41.25 25.31 1.0000 high
873.75 320.62 33.75 18.98 1.0000 high
873.75 320.62 33.75 18.98 1.0000 high
873.75 324.84 15.00 8.44 1.0000 high
873.75 324.84 15.00 8.44 1.0000 high
870.51 324.99 12.14 6.54 0.0000 coast
868.03 325.37 8.84 4.46 0.0000 coast
798.75 316.41 48.75 25.31 1.0000 reinit
806.25 318.52 41.25 23.20 1.0000 high
806.81 318.67 40.69 23.05 0.0000 coast
808.36 319.11 39.14 22.61 0.0000 coast
809.91 319.54 37.59 22.17 0.0000 coast
811.46 319.98 36.04 21.74 0.0000 coast
746.25 329.06 33.75 12.66 1.0000 reinit
742.50 329.06 37.50 14.77 1.0000 high
742.22 329.06 37.78 14.92 0.0000 coast
742.50 335.39 15.00 8.44 1.0000 high
741.87 336.25 12.56 7.93 0.0000 coast
741.37 337.90 7.20 6.56 0.0000 coast
671.25 333.28 45.00 27.42 1.0000 reinit
671.25 333.28 45.00 27.42 1.0000 high
671.25 333.28 45.00 27.42 0.0000 coast
652.50 341.72 45.00 23.20 1.0000 high
649.16 343.22 45.00 22.45 0.0000 coast
633.75 352.27 48.75 40.08 1.0000 high
626.25 369.14 48.75 25.31 1.0000 high
622.50 369.14 52.50 25.31 1.0000 high
596.25 379.69 75.00 25.31 1.0000 high
596.25 379.69 75.00 25.31 1.0000 high
586.68 386.84 76.43 25.29 0.0000 coast
581.25 392.34 48.75 27.42 1.0000 high
573.75 413.44 37.50 18.98 1.0000 high
573.75 411.33 37.50 21.09 1.0000 high
564.22 418.64 38.36 20.38 0.0000 coast
581.25 434.53 11.25 10.55 1.0000 high
573.40 440.47 11.23 10.21 0.0000 coast
547.50 438.75 48.75 29.53 1.0000 high
551.25 457.73 41.25 21.09 1.0000 high
547.50 455.62 52.50 25.31 1.0000 high
540.00 455.62 67.50 42.19 1.0000 high
540.00 455.62 67.50 42.19 1.0000 high
532.50 478.83 71.25 25.31 1.0000 high
532.50 478.83 67.50 25.31 1.0000 high
532.50 483.05 52.50 18.98 1.0000 high
536.25 485.16 37.50 14.77 1.0000 high
528.75 483.05 52.50 25.31 1.0000 high
525.00 485.16 52.50 25.31 1.0000 high
521.25 491.48 41.25 18.98 1.0000 high
521.25 491.48 41.25 18.98 1.0000 high
513.75 493.59 41.25 18.98 1.0000 high
513.75 493.59 41.25 18.98 1.0000 high
506.25 493.59 37.50 21.09 1.0000 high
502.50 493.59 41.25 21.09 1.0000 high
487.50 491.48 48.75 23.20 1.0000 high
487.50 491.48 48.75 23.20 1.0000 high
506.25 495.70 18.75 12.66 1.0000 high
506.25 495.70 18.75 12.66 1.0000 high
501.36 497.38 18.80 12.94 0.0000 coast
499.16 498.84 16.72 12.38 0.0000 coast
496.96 500.29 14.63 11.82 0.0000 coast
494.76 501.74 12.54 11.27 0.0000 coast
453.75 491.48 30.00 12.66 1.0000 reinit
468.75 493.59 15.00 10.55 1.0000 high
469.87 493.75 13.88 10.39 0.0000 coast
472.96 494.19 10.79 9.95 0.0000 coast
423.75 485.16 41.25 23.20 1.0000 reinit
427.50 485.16 37.50 23.20 1.0000 high
427.78 485.16 37.22 23.20 0.0000 coast
428.55 485.16 36.45 23.20 0.0000 coast
429.33 485.16 35.67 23.20 0.0000 coast
430.10 485.16 34.90 23.20 0.0000 coast
430.88 485.16 34.12 23.20 0.0000 coast
416.25 478.83 26.25 14.77 1.0000 high
414.97 477.98 24.53 13.64 0.0000 coast
413.50 477.06 22.72 12.41 0.0000 coast
412.04 476.14 20.91 11.18 0.0000 coast
410.57 475.22 19.11 9.96 0.0000 coast
409.10 474.30 17.30 8.73 0.0000 coast
407.64 473.38 15.49 7.50 0.0000 coast
406.17 472.46 13.68 6.27 0.0000 coast
404.71 471.54 11.88 5.05 0.0000 coast
403.24 470.62 10.07 3.82 0.0000 coast
663.75 386.02 3.75 2.11 0.6784 reinit
663.75 386.02 3.75 2.11 0.0000 coast
663.75 386.02 3.75 2.11 0.0000 coast
648.75 219.38 7.50 2.11 0.6784 reinit
648.75 219.38 7.50 4.22 0.8392 high
648.75 219.38 7.50 4.38 0.0000 coast
648.75 219.38 7.50 4.81 0.0000 coast
757.50 531.56 11.25 8.44 1.0000 reinit
757.50 531.56 11.25 8.44 0.0000 coast
757.50 531.56 11.25 8.44 0.0000 coast
528.75 478.83 15.00 8.44 1.0000 reinit
521.25 480.94 33.75 14.77 1.0000 high
521.25 478.83 33.75 16.88 1.0000 high
519.52 480.00 38.08 17.65 0.0000 coast
532.50 483.05 33.75 18.98 1.0000 high
528.72 482.76 38.74 20.51 0.0000 coast
528.71 483.22 41.63 22.00 0.0000 coast
1001.25 449.30 22.50 10.55 1.0000 reinit
1001.25 449.30 22.50 10.55 0.0000 coast
1001.25 449.30 22.50 10.55 0.0000 coast
506.25 603.28 3.75 2.11 0.5647 reinit
502.50 603.28 7.50 4.22 0.9490 high
502.22 603.28 7.78 4.38 0.0000 coast
501.45 603.28 8.55 4.81 0.0000 coast
562.50 525.23 41.25 21.09 1.0000 reinit
562.50 529.45 41.25 23.20 1.0000 high
562.50 529.45 41.25 23.20 1.0000 high
562.50 533.67 41.25 25.31 1.0000 high
562.50 533.67 45.00 25.31 1.0000 high
558.75 537.89 45.00 27.42 1.0000 high
558.75 540.00 45.00 25.31 1.0000 high
562.50 548.44 45.00 21.09 1.0000 high
562.50 548.44 45.00 21.09 1.0000 high
562.50 552.66 45.00 18.98 1.0000 high
562.50 552.66 48.75 18.98 1.0000 high
562.50 554.77 48.75 16.88 1.0000 high
562.50 554.77 48.75 16.88 1.0000 high
558.75 554.77 52.50 21.09 1.0000 high
558.75 554.77 52.50 21.09 1.0000 high
558.75 554.77 48.75 23.20 1.0000 high
558.75 554.77 48.75 23.20 1.0000 high
566.25 554.77 45.00 25.31 1.0000 high
562.50 554.77 48.75 25.31 1.0000 high
562.50 554.77 48.75 29.53 1.0000 high
562.50 554.77 48.75 29.53 1.0000 high
577.50 556.88 37.50 27.42 1.0000 high
581.25 558.98 33.75 25.31 1.0000 high
585.00 556.88 37.50 27.42 1.0000 high
581.25 556.88 45.00 27.42 1.0000 high
584.63 557.94 42.12 27.72 0.0000 coast
600.00 558.98 41.25 25.31 1.0000 high
599.93 559.51 41.42 25.97 0.0000 coast
611.25 558.98 45.00 29.53 1.0000 high
613.24 559.75 44.52 29.15 0.0000 coast
626.25 561.09 45.00 23.20 1.0000 high
628.60 561.50 45.24 24.48 0.0000 coast
641.25 561.09 45.00 21.09 1.0000 high
644.49 561.83 45.36 21.43 0.0000 coast
663.75 563.20 45.00 21.09 1.0000 high
666.80 563.60 45.33 20.71 0.0000 coast
678.75 563.20 48.75 33.75 1.0000 high
697.50 563.20 45.00 37.97 1.0000 high
697.50 563.20 45.00 37.97 1.0000 high
705.74 563.85 45.60 38.77 0.0000 coast
716.25 565.31 52.50 27.42 1.0000 high
723.07 565.58 51.68 30.34 0.0000 coast
742.50 565.31 48.75 27.42 1.0000 high
748.04 565.94 50.03 28.09 0.0000 coast
768.75 567.42 45.00 25.31 1.0000 high
775.35 567.72 46.21 25.64 0.0000 coast
791.25 569.53 45.00 23.20 1.0000 high
799.76 569.90 45.16 23.20 0.0000 coast
813.75 571.64 45.00 23.20 1.0000 high
