948.75 386.02 52.50 23.20 1.0000 per_frame
948.75 383.91 52.50 23.20 1.0000 per_frame
948.75 381.80 52.50 21.09 1.0000 per_frame
948.75 377.58 52.50 23.20 1.0000 per_frame
952.50 377.58 52.50 23.20 1.0000 per_frame
952.50 375.47 52.50 23.20 1.0000 per_frame
952.50 375.47 48.75 21.09 1.0000 per_frame
952.50 373.36 52.50 23.20 1.0000 per_frame
952.50 373.36 56.25 23.20 1.0000 per_frame
952.50 373.36 56.25 21.09 1.0000 per_frame
956.25 371.25 52.50 23.20 1.0000 per_frame
956.25 371.25 52.50 23.20 1.0000 per_frame
956.25 371.25 52.50 23.20 1.0000 per_frame
956.25 371.25 52.50 23.20 1.0000 per_frame
956.25 371.25 56.25 23.20 1.0000 per_frame
956.25 371.25 56.25 23.20 1.0000 per_frame
956.25 371.25 56.25 23.20 1.0000 per_frame
956.25 371.25 56.25 23.20 1.0000 per_frame
956.25 369.14 56.25 25.31 1.0000 per_frame
960.00 369.14 52.50 25.31 1.0000 per_frame
960.00 371.25 48.75 21.09 1.0000 per_frame
960.00 369.14 52.50 25.31 1.0000 per_frame
963.75 369.14 48.75 25.31 1.0000 per_frame
960.00 371.25 52.50 23.20 1.0000 per_frame
960.00 371.25 52.50 23.20 1.0000 per_frame
963.75 371.25 48.75 23.20 1.0000 per_frame
963.75 369.14 48.75 25.31 1.0000 per_frame
963.75 369.14 45.00 25.31 1.0000 per_frame
963.75 369.14 41.25 23.20 1.0000 per_frame
963.75 369.14 45.00 23.20 1.0000 per_frame
963.75 369.14 45.00 23.20 1.0000 per_frame
960.00 367.03 52.50 25.31 1.0000 per_frame
960.00 369.14 48.75 23.20 1.0000 per_frame
960.00 367.03 52.50 25.31 1.0000 per_frame
956.25 367.03 52.50 23.20 1.0000 per_frame
956.25 364.92 52.50 25.31 1.0000 per_frame
956.25 364.92 45.00 21.09 1.0000 per_frame
956.25 362.81 48.75 25.31 1.0000 per_frame
952.50 362.81 48.75 25.31 1.0000 per_frame
956.25 360.70 45.00 27.42 1.0000 per_frame
952.50 360.70 48.75 25.31 1.0000 per_frame
948.75 358.59 52.50 25.31 1.0000 per_frame
948.75 358.59 52.50 25.31 1.0000 per_frame
948.75 358.59 52.50 25.31 1.0000 per_frame
948.75 356.48 48.75 23.20 1.0000 per_frame
971.25 358.59 15.00 8.44 1.0000 per_frame
971.25 356.48 15.00 10.55 1.0000 per_frame
-100 -100 -100 -100 0.0000 none
-100 -100 -100 -100 0.0000 none
-100 -100 -100 -100 0.0000 none
-100 -100 -100 -100 0.0000 none
-100 -100 -100 -100 0.0000 none
-100 -100 -100 -100 0.0000 none
-100 -100 -100 -100 0.0000 none
-100 -100 -100 -100 0.0000 none
-100 -100 -100 -100 0.0000 none
-100 -100 -100 -100 0.0000 none
-100 -100 -100 -100 0.0000 none
933.75 341.72 41.25 18.98 1.0000 per_frame
933.75 339.61 45.00 23.20 1.0000 per_frame
933.75 341.72 37.50 18.98 1.0000 per_frame
933.75 339.61 30.00 14.77 1.0000 per_frame
926.25 335.39 41.25 23.20 1.0000 per_frame
926.25 335.39 41.25 23.20 1.0000 per_frame
922.50 333.28 48.75 25.31 1.0000 per_frame
926.25 333.28 41.25 25.31 1.0000 per_frame
926.25 333.28 45.00 25.31 1.0000 per_frame
926.25 329.06 45.00 29.53 1.0000 per_frame
922.50 329.06 48.75 27.42 1.0000 per_frame
922.50 326.95 48.75 29.53 1.0000 per_frame
922.50 329.06 48.75 25.31 1.0000 per_frame
915.00 326.95 56.25 25.31 1.0000 per_frame
922.50 324.84 45.00 27.42 1.0000 per_frame
926.25 324.84 41.25 25.31 1.0000 per_frame
922.50 324.84 45.00 25.31 1.0000 per_frame
926.25 326.95 37.50 21.09 1.0000 per_frame
926.25 326.95 37.50 21.09 1.0000 per_frame
918.75 324.84 48.75 23.20 1.0000 per_frame
915.00 324.84 52.50 25.31 1.0000 per_frame
915.00 322.73 52.50 25.31 1.0000 per_frame
915.00 324.84 52.50 23.20 1.0000 per_frame
918.75 322.73 48.75 25.31 1.0000 per_frame
911.25 322.73 56.25 25.31 1.0000 per_frame
918.75 322.73 48.75 25.31 1.0000 per_frame
918.75 322.73 48.75 25.31 1.0000 per_frame
918.75 322.73 52.50 25.31 1.0000 per_frame
922.50 322.73 45.00 25.31 1.0000 per_frame
926.25 322.73 45.00 23.20 1.0000 per_frame
926.25 322.73 45.00 23.20 1.0000 per_frame
930.00 322.73 41.25 23.20 1.0000 per_frame
926.25 322.73 45.00 23.20 1.0000 per_frame
930.00 322.73 45.00 23.20 1.0000 per_frame
933.75 322.73 41.25 23.20 1.0000 per_frame
933.75 322.73 37.50 23.20 1.0000 per_frame
930.00 322.73 41.25 23.20 1.0000 per_frame
933.75 322.73 37.50 23.20 1.0000 per_frame
933.75 324.84 37.50 18.98 1.0000 per_frame
933.75 322.73 37.50 21.09 1.0000 per_frame
933.75 324.84 37.50 18.98 1.0000 per_frame
937.50 324.84 30.00 12.66 1.0000 per_frame
930.00 322.73 45.00 21.09 1.0000 per_frame
937.50 324.84 37.50 18.98 1.0000 per_frame
933.75 324.84 45.00 21.09 1.0000 per_frame
933.75 324.84 41.25 18.98 1.0000 per_frame
-100 -100 -100 -100 0.0000 none
-100 -100 -100 -100 0.0000 none
-100 -100 -100 -100 0.0000 none
-100 -100 -100 -100 0.0000 none
-100 -100 -100 -100 0.0000 none
941.25 329.06 18.75 8.44 1.0000 per_frame
945.00 331.17 7.50 4.22 0.7137 per_frame
933.75 329.06 30.00 12.66 1.0000 per_frame
933.75 326.95 37.50 21.09 1.0000 per_frame
926.25 326.95 45.00 23.20 1.0000 per_frame
926.25 326.95 45.00 23.20 1.0000 per_frame
922.50 326.95 48.75 25.31 1.0000 per_frame
922.50 326.95 48.75 27.42 1.0000 per_frame
918.75 326.95 48.75 29.53 1.0000 per_frame
915.00 326.95 48.75 29.53 1.0000 per_frame
915.00 331.17 45.00 27.42 1.0000 per_frame
911.25 331.17 48.75 27.42 1.0000 per_frame
911.25 331.17 41.25 16.88 1.0000 per_frame
903.75 333.28 45.00 18.98 1.0000 per_frame
903.75 335.39 33.75 14.77 1.0000 per_frame
896.25 333.28 45.00 21.09 1.0000 per_frame
896.25 339.61 18.75 8.44 0.9961 per_frame
888.75 341.72 18.75 12.66 1.0000 per_frame
888.75 337.50 33.75 21.09 1.0000 per_frame
873.75 337.50 52.50 23.20 1.0000 per_frame
858.75 339.61 63.75 21.09 1.0000 per_frame
858.75 339.61 56.25 23.20 1.0000 per_frame
858.75 339.61 52.50 23.20 1.0000 per_frame
858.75 339.61 48.75 23.20 1.0000 per_frame
862.50 343.83 33.75 18.98 1.0000 per_frame
858.75 343.83 37.50 18.98 1.0000 per_frame
840.00 343.83 48.75 21.09 1.0000 per_frame
851.25 352.27 26.25 12.66 1.0000 per_frame
832.50 343.83 52.50 23.20 1.0000 per_frame
832.50 348.05 37.50 16.88 1.0000 per_frame
840.00 354.38 7.50 2.11 0.7294 per_frame
840.00 352.27 15.00 8.44 0.9961 per_frame
-100 -100 -100 -100 0.0000 none
-100 -100 -100 -100 0.0000 none
-100 -100 -100 -100 0.0000 none
802.50 348.05 41.25 21.09 1.0000 per_frame
798.75 345.94 45.00 23.20 1.0000 per_frame
798.75 348.05 41.25 21.09 1.0000 per_frame
798.75 348.05 37.50 21.09 1.0000 per_frame
795.00 348.05 45.00 23.20 1.0000 per_frame
791.25 350.16 45.00 23.20 1.0000 per_frame
791.25 352.27 41.25 18.98 1.0000 per_frame
791.25 352.27 41.25 16.88 1.0000 per_frame
791.25 354.38 37.50 14.77 1.0000 per_frame
787.50 354.38 41.25 14.77 1.0000 per_frame
787.50 354.38 41.25 14.77 1.0000 per_frame
783.75 354.38 41.25 18.98 1.0000 per_frame
780.00 354.38 48.75 21.09 1.0000 per_frame
783.75 354.38 37.50 14.77 1.0000 per_frame
772.50 354.38 52.50 21.09 1.0000 per_frame
772.50 354.38 48.75 21.09 1.0000 per_frame
768.75 354.38 52.50 23.20 1.0000 per_frame
765.00 354.38 60.00 23.20 1.0000 per_frame
768.75 356.48 52.50 18.98 1.0000 per_frame
768.75 354.38 52.50 21.09 1.0000 per_frame
765.00 356.48 56.25 21.09 1.0000 per_frame
768.75 354.38 48.75 21.09 1.0000 per_frame
768.75 354.38 52.50 21.09 1.0000 per_frame
768.75 354.38 48.75 21.09 1.0000 per_frame
768.75 354.38 48.75 21.09 1.0000 per_frame
776.25 354.38 41.25 16.88 1.0000 per_frame
772.50 354.38 45.00 16.88 1.0000 per_frame
780.00 354.38 30.00 10.55 1.0000 per_frame
-100 -100 -100 -100 0.0000 none
776.25 354.38 22.50 10.55 1.0000 per_frame
-100 -100 -100 -100 0.0000 none
780.00 356.48 15.00 6.33 0.9922 per_frame
-100 -100 -100 -100 0.0000 none
776.25 354.38 26.25 14.77 1.0000 per_frame
-100 -100 -100 -100 0.0000 none
772.50 350.16 33.75 16.88 1.0000 per_frame
753.75 350.16 63.75 25.31 1.0000 per_frame
761.25 350.16 56.25 21.09 1.0000 per_frame
757.50 350.16 60.00 18.98 1.0000 per_frame
753.75 348.05 60.00 21.09 1.0000 per_frame
768.75 350.16 41.25 16.88 1.0000 per_frame
772.50 348.05 30.00 12.66 1.0000 per_frame
776.25 350.16 30.00 8.44 0.9961 per_frame
772.50 348.05 30.00 16.88 1.0000 per_frame
757.50 348.05 48.75 16.88 1.0000 per_frame
753.75 345.94 52.50 18.98 1.0000 per_frame
-100 -100 -100 -100 0.0000 none
761.25 348.05 45.00 14.77 1.0000 per_frame
761.25 345.94 45.00 16.88 1.0000 per_frame
772.50 348.05 33.75 12.66 1.0000 per_frame
-100 -100 -100 -100 0.0000 none
776.25 348.05 26.25 10.55 0.9961 per_frame
776.25 348.05 22.50 10.55 1.0000 per_frame
-100 -100 -100 -100 0.0000 none
-100 -100 -100 -100 0.0000 none
-100 -100 -100 -100 0.0000 none
776.25 352.27 3.75 2.11 0.5216 per_frame
-100 -100 -100 -100 0.0000 none
-100 -100 -100 -100 0.0000 none
772.50 348.05 26.25 12.66 1.0000 per_frame
-100 -100 -100 -100 0.0000 none
772.50 352.27 22.50 6.33 1.0000 per_frame
761.25 348.05 41.25 16.88 1.0000 per_frame
776.25 350.16 26.25 10.55 0.9961 per_frame
768.75 350.16 37.50 16.88 1.0000 per_frame
761.25 350.16 48.75 18.98 1.0000 per_frame
761.25 348.05 52.50 21.09 1.0000 per_frame
765.00 350.16 48.75 18.98 1.0000 per_frame
757.50 348.05 60.00 25.31 1.0000 per_frame
757.50 348.05 60.00 23.20 1.0000 per_frame
753.75 348.05 63.75 25.31 1.0000 per_frame
753.75 350.16 63.75 23.20 1.0000 per_frame
772.50 352.27 37.50 16.88 1.0000 per_frame
765.00 350.16 48.75 21.09 1.0000 per_frame
765.00 350.16 48.75 18.98 1.0000 per_frame
787.50 358.59 3.75 2.11 0.5412 per_frame
-100 -100 -100 -100 0.0000 none
791.25 358.59 3.75 4.22 0.7608 per_frame
-100 -100 -100 -100 0.0000 none
-100 -100 -100 -100 0.0000 none
787.50 354.38 15.00 8.44 0.9216 per_frame
768.75 352.27 41.25 16.88 1.0000 per_frame
772.50 352.27 37.50 16.88 1.0000 per_frame
-100 -100 -100 -100 0.0000 none
-100 -100 -100 -100 0.0000 none
-100 -100 -100 -100 0.0000 none
776.25 356.48 15.00 6.33 0.9961 per_frame
768.75 352.27 30.00 16.88 1.0000 per_frame
776.25 354.38 18.75 10.55 1.0000 per_frame
772.50 354.38 26.25 12.66 1.0000 per_frame
-100 -100 -100 -100 0.0000 none
-100 -100 -100 -100 0.0000 none
776.25 356.48 15.00 6.33 1.0000 per_frame
-100 -100 -100 -100 0.0000 none
-100 -100 -100 -100 0.0000 none
-100 -100 -100 -100 0.0000 none
-100 -100 -100 -100 0.0000 none
-100 -100 -100 -100 0.0000 none
-100 -100 -100 -100 0.0000 none
772.50 352.27 30.00 16.88 1.0000 per_frame
757.50 350.16 52.50 21.09 1.0000 per_frame
761.25 350.16 45.00 21.09 1.0000 per_frame
753.75 348.05 56.25 23.20 1.0000 per_frame
753.75 348.05 56.25 25.31 1.0000 per_frame
753.75 348.05 56.25 21.09 1.0000 per_frame
750.00 348.05 60.00 23.20 1.0000 per_frame
753.75 348.05 56.25 23.20 1.0000 per_frame
757.50 345.94 52.50 25.31 1.0000 per_frame
757.50 345.94 52.50 25.31 1.0000 per_frame
750.00 345.94 60.00 25.31 1.0000 per_frame
746.25 341.72 63.75 31.64 1.0000 per_frame
757.50 345.94 45.00 21.09 1.0000 per_frame
768.75 350.16 33.75 14.77 1.0000 per_frame
750.00 345.94 52.50 21.09 1.0000 per_frame
750.00 343.83 52.50 25.31 1.0000 per_frame
750.00 341.72 56.25 29.53 1.0000 per_frame
750.00 343.83 56.25 29.53 1.0000 per_frame
753.75 345.94 48.75 25.31 1.0000 per_frame
757.50 345.94 45.00 25.31 1.0000 per_frame
757.50 345.94 41.25 21.09 1.0000 per_frame
761.25 345.94 41.25 18.98 1.0000 per_frame
772.50 345.94 26.25 16.88 1.0000 per_frame
776.25 345.94 22.50 16.88 1.0000 per_frame
776.25 345.94 18.75 14.77 1.0000 per_frame
-100 -100 -100 -100 0.0000 none
765.00 345.94 33.75 16.88 1.0000 per_frame
761.25 343.83 33.75 18.98 1.0000 per_frame
-100 -100 -100 -100 0.0000 none
765.00 343.83 33.75 16.88 1.0000 per_frame
-100 -100 -100 -100 0.0000 none
-100 -100 -100 -100 0.0000 none
776.25 354.38 3.75 4.22 0.7373 per_frame
-100 -100 -100 -100 0.0000 none
776.25 354.38 11.25 4.22 0.8353 per_frame
-100 -100 -100 -100 0.0000 none
-100 -100 -100 -100 0.0000 none
-100 -100 -100 -100 0.0000 none
-100 -100 -100 -100 0.0000 none
783.75 341.72 7.50 6.33 0.9098 per_frame
783.75 341.72 7.50 4.22 0.9373 per_frame
-100 -100 -100 -100 0.0000 none
-100 -100 -100 -100 0.0000 none
-100 -100 -100 -100 0.0000 none
-100 -100 -100 -100 0.0000 none
787.50 339.61 7.50 4.22 0.9725 per_frame
-100 -100 -100 -100 0.0000 none
-100 -100 -100 -100 0.0000 none
-100 -100 -100 -100 0.0000 none
-100 -100 -100 -100 0.0000 none
-100 -100 -100 -100 0.0000 none
-100 -100 -100 -100 0.0000 none
-100 -100 -100 -100 0.0000 none
-100 -100 -100 -100 0.0000 none
-100 -100 -100 -100 0.0000 none
-100 -100 -100 -100 0.0000 none
-100 -100 -100 -100 0.0000 none
783.75 335.39 18.75 10.55 1.0000 per_frame
-100 -100 -100 -100 0.0000 none
-100 -100 -100 -100 0.0000 none
-100 -100 -100 -100 0.0000 none
783.75 335.39 22.50 10.55 1.0000 per_frame
783.75 335.39 15.00 8.44 0.9882 per_frame
-100 -100 -100 -100 0.0000 none
-100 -100 -100 -100 0.0000 none
783.75 335.39 11.25 8.44 0.9961 per_frame
783.75 335.39 15.00 8.44 1.0000 per_frame
-100 -100 -100 -100 0.0000 none
783.75 337.50 11.25 6.33 0.9961 per_frame
783.75 337.50 11.25 4.22 0.9529 per_frame
776.25 335.39 30.00 10.55 1.0000 per_frame
780.00 335.39 18.75 8.44 1.0000 per_frame
-100 -100 -100 -100 0.0000 none
-100 -100 -100 -100 0.0000 none
-100 -100 -100 -100 0.0000 none
783.75 337.50 11.25 6.33 0.9804 per_frame
-100 -100 -100 -100 0.0000 none
-100 -100 -100 -100 0.0000 none
-100 -100 -100 -100 0.0000 none
-100 -100 -100 -100 0.0000 none
-100 -100 -100 -100 0.0000 none
-100 -100 -100 -100 0.0000 none
783.75 337.50 15.00 6.33 1.0000 per_frame
-100 -100 -100 -100 0.0000 none
791.25 337.50 7.50 4.22 0.8588 per_frame
791.25 339.61 7.50 2.11 0.9333 per_frame
-100 -100 -100 -100 0.0000 none
-100 -100 -100 -100 0.0000 none
-100 -100 -100 -100 0.0000 none
-100 -100 -100 -100 0.0000 none
-100 -100 -100 -100 0.0000 none
-100 -100 -100 -100 0.0000 none
-100 -100 -100 -100 0.0000 none
-100 -100 -100 -100 0.0000 none
-100 -100 -100 -100 0.0000 none
-100 -100 -100 -100 0.0000 none
-100 -100 -100 -100 0.0000 none
-100 -100 -100 -100 0.0000 none
-100 -100 -100 -100 0.0000 none
-100 -100 -100 -100 0.0000 none
-100 -100 -100 -100 0.0000 none
-100 -100 -100 -100 0.0000 none
-100 -100 -100 -100 0.0000 none
813.75 326.95 26.25 12.66 1.0000 per_frame
-100 -100 -100 -100 0.0000 none
832.50 326.95 11.25 10.55 1.0000 per_frame
813.75 324.84 45.00 16.88 1.0000 per_frame
821.25 324.84 30.00 14.77 1.0000 per_frame
821.25 324.84 30.00 12.66 1.0000 per_frame
813.75 322.73 48.75 18.98 1.0000 per_frame
817.50 322.73 41.25 16.88 1.0000 per_frame
825.00 320.62 33.75 21.09 1.0000 per_frame
828.75 322.73 30.00 16.88 1.0000 per_frame
828.75 320.62 37.50 21.09 1.0000 per_frame
836.25 320.62 22.50 12.66 1.0000 per_frame
840.00 322.73 11.25 4.22 0.9961 per_frame
-100 -100 -100 -100 0.0000 none
847.50 320.62 7.50 6.33 0.9020 per_frame
-100 -100 -100 -100 0.0000 none
-100 -100 -100 -100 0.0000 none
-100 -100 -100 -100 0.0000 none
-100 -100 -100 -100 0.0000 none
-100 -100 -100 -100 0.0000 none
851.25 318.52 48.75 18.98 1.0000 per_frame
858.75 316.41 45.00 23.20 1.0000 per_frame
858.75 316.41 45.00 25.31 1.0000 per_frame
862.50 316.41 41.25 25.31 1.0000 per_frame
866.25 316.41 37.50 23.20 1.0000 per_frame
866.25 316.41 45.00 23.20 1.0000 per_frame
862.50 314.30 52.50 25.31 1.0000 per_frame
870.00 314.30 41.25 25.31 1.0000 per_frame
888.75 316.41 11.25 6.33 1.0000 per_frame
877.50 314.30 41.25 23.20 1.0000 per_frame
-100 -100 -100 -100 0.0000 none
881.25 314.30 56.25 23.20 1.0000 per_frame
892.50 316.41 48.75 14.77 1.0000 per_frame
896.25 314.30 56.25 23.20 1.0000 per_frame
888.75 312.19 67.50 27.42 1.0000 per_frame
896.25 314.30 60.00 23.20 1.0000 per_frame
903.75 314.30 52.50 25.31 1.0000 per_frame
918.75 314.30 37.50 23.20 1.0000 per_frame
918.75 314.30 41.25 23.20 1.0000 per_frame
918.75 314.30 41.25 18.98 1.0000 per_frame
930.00 314.30 26.25 16.88 1.0000 per_frame
926.25 314.30 30.00 16.88 1.0000 per_frame
930.00 314.30 33.75 16.88 1.0000 per_frame
930.00 314.30 30.00 16.88 1.0000 per_frame
926.25 314.30 41.25 16.88 1.0000 per_frame
952.50 322.73 3.75 2.11 0.5569 per_frame
-100 -100 -100 -100 0.0000 none
-100 -100 -100 -100 0.0000 none
-100 -100 -100 -100 0.0000 none
-100 -100 -100 -100 0.0000 none
-100 -100 -100 -100 0.0000 none
975.00 318.52 15.00 6.33 1.0000 per_frame
975.00 318.52 15.00 10.55 1.0000 per_frame
975.00 320.62 15.00 10.55 1.0000 per_frame
967.50 320.62 30.00 18.98 1.0000 per_frame
978.75 322.73 15.00 8.44 1.0000 per_frame
975.00 322.73 22.50 12.66 1.0000 per_frame
978.75 322.73 18.75 14.77 1.0000 per_frame
982.50 324.84 11.25 4.22 0.9961 per_frame
-100 -100 -100 -100 0.0000 none
-100 -100 -100 -100 0.0000 none
-100 -100 -100 -100 0.0000 none
-100 -100 -100 -100 0.0000 none
-100 -100 -100 -100 0.0000 none
-100 -100 -100 -100 0.0000 none
-100 -100 -100 -100 0.0000 none
-100 -100 -100 -100 0.0000 none
978.75 331.17 18.75 8.44 1.0000 per_frame
978.75 329.06 22.50 12.66 1.0000 per_frame
978.75 331.17 18.75 10.55 1.0000 per_frame
-100 -100 -100 -100 0.0000 none
-100 -100 -100 -100 0.0000 none
-100 -100 -100 -100 0.0000 none
-100 -100 -100 -100 0.0000 none
-100 -100 -100 -100 0.0000 none
-100 -100 -100 -100 0.0000 none
-100 -100 -100 -100 0.0000 none
-100 -100 -100 -100 0.0000 none
-100 -100 -100 -100 0.0000 none
-100 -100 -100 -100 0.0000 none
-100 -100 -100 -100 0.0000 none
-100 -100 -100 -100 0.0000 none
945.00 352.27 26.25 10.55 1.0000 per_frame
-100 -100 -100 -100 0.0000 none
-100 -100 -100 -100 0.0000 none
-100 -100 -100 -100 0.0000 none
-100 -100 -100 -100 0.0000 none
-100 -100 -100 -100 0.0000 none
911.25 345.94 60.00 33.75 1.0000 per_frame
907.50 350.16 56.25 29.53 1.0000 per_frame
907.50 354.38 52.50 27.42 1.0000 per_frame
896.25 352.27 63.75 31.64 1.0000 per_frame
877.50 354.38 78.75 31.64 1.0000 per_frame
877.50 354.38 82.50 31.64 1.0000 per_frame
873.75 356.48 86.25 31.64 1.0000 per_frame
877.50 354.38 63.75 33.75 1.0000 per_frame
877.50 356.48 63.75 31.64 1.0000 per_frame
873.75 356.48 63.75 31.64 1.0000 per_frame
866.25 356.48 67.50 33.75 1.0000 per_frame
858.75 354.38 71.25 35.86 1.0000 per_frame
855.00 356.48 60.00 35.86 1.0000 per_frame
851.25 367.03 56.25 25.31 1.0000 per_frame
843.75 367.03 56.25 27.42 1.0000 per_frame
836.25 369.14 56.25 27.42 1.0000 per_frame
832.50 371.25 56.25 25.31 1.0000 per_frame
825.00 373.36 56.25 23.20 1.0000 per_frame
813.75 373.36 60.00 25.31 1.0000 per_frame
806.25 373.36 63.75 27.42 1.0000 per_frame
802.50 377.58 60.00 21.09 1.0000 per_frame
795.00 377.58 60.00 23.20 1.0000 per_frame
791.25 379.69 56.25 21.09 1.0000 per_frame
783.75 379.69 60.00 23.20 1.0000 per_frame
772.50 379.69 63.75 23.20 1.0000 per_frame
772.50 381.80 56.25 23.20 1.0000 per_frame
768.75 381.80 56.25 23.20 1.0000 per_frame
761.25 381.80 56.25 23.20 1.0000 per_frame
757.50 381.80 60.00 25.31 1.0000 per_frame
757.50 381.80 52.50 25.31 1.0000 per_frame
753.75 383.91 45.00 21.09 1.0000 per_frame
761.25 390.23 37.50 14.77 1.0000 per_frame
742.50 383.91 26.25 14.77 1.0000 per_frame
738.75 383.91 41.25 23.20 1.0000 per_frame
-100 -100 -100 -100 0.0000 none
-100 -100 -100 -100 0.0000 none
723.75 383.91 45.00 27.42 1.0000 per_frame
720.00 386.02 48.75 25.31 1.0000 per_frame
716.25 383.91 48.75 27.42 1.0000 per_frame
716.25 386.02 45.00 27.42 1.0000 per_frame
708.75 386.02 52.50 27.42 1.0000 per_frame
708.75 386.02 45.00 27.42 1.0000 per_frame
705.00 386.02 48.75 25.31 1.0000 per_frame
705.00 388.12 48.75 23.20 1.0000 per_frame
701.25 386.02 48.75 25.31 1.0000 per_frame
697.50 386.02 52.50 27.42 1.0000 per_frame
697.50 386.02 48.75 27.42 1.0000 per_frame
697.50 386.02 48.75 27.42 1.0000 per_frame
693.75 386.02 52.50 27.42 1.0000 per_frame
693.75 386.02 52.50 25.31 1.0000 per_frame
693.75 386.02 48.75 25.31 1.0000 per_frame
693.75 386.02 48.75 25.31 1.0000 per_frame
690.00 386.02 52.50 27.42 1.0000 per_frame
690.00 386.02 52.50 27.42 1.0000 per_frame
686.25 386.02 52.50 25.31 1.0000 per_frame
686.25 388.12 56.25 25.31 1.0000 per_frame
686.25 388.12 52.50 25.31 1.0000 per_frame
682.50 390.23 56.25 23.20 1.0000 per_frame
682.50 390.23 56.25 25.31 1.0000 per_frame
682.50 392.34 56.25 25.31 1.0000 per_frame
682.50 394.45 52.50 23.20 1.0000 per_frame
682.50 396.56 52.50 23.20 1.0000 per_frame
686.25 398.67 45.00 21.09 1.0000 per_frame
682.50 398.67 52.50 23.20 1.0000 per_frame
678.75 400.78 60.00 27.42 1.0000 per_frame
671.25 402.89 63.75 25.31 1.0000 per_frame
675.00 405.00 60.00 25.31 1.0000 per_frame
667.50 407.11 67.50 27.42 1.0000 per_frame
675.00 409.22 60.00 23.20 1.0000 per_frame
675.00 411.33 60.00 23.20 1.0000 per_frame
682.50 415.55 45.00 10.55 1.0000 per_frame
-100 -100 -100 -100 0.0000 none
-100 -100 -100 -100 0.0000 none
-100 -100 -100 -100 0.0000 none
686.25 426.09 26.25 16.88 1.0000 per_frame
675.00 428.20 48.75 21.09 1.0000 per_frame
-100 -100 -100 -100 0.0000 none
690.00 434.53 37.50 18.98 1.0000 per_frame
686.25 436.64 33.75 18.98 1.0000 per_frame
-100 -100 -100 -100 0.0000 none
701.25 449.30 7.50 4.22 0.8980 per_frame
-100 -100 -100 -100 0.0000 none
678.75 442.97 60.00 27.42 1.0000 per_frame
671.25 440.86 71.25 31.64 1.0000 per_frame
671.25 442.97 71.25 31.64 1.0000 per_frame
678.75 451.41 60.00 25.31 1.0000 per_frame
675.00 455.62 71.25 23.20 1.0000 per_frame
678.75 457.73 56.25 23.20 1.0000 per_frame
678.75 459.84 56.25 23.20 1.0000 per_frame
682.50 464.06 60.00 23.20 1.0000 per_frame
682.50 466.17 52.50 23.20 1.0000 per_frame
682.50 468.28 56.25 23.20 1.0000 per_frame
682.50 468.28 52.50 25.31 1.0000 per_frame
686.25 474.61 52.50 21.09 1.0000 per_frame
690.00 476.72 56.25 21.09 1.0000 per_frame
697.50 478.83 52.50 21.09 1.0000 per_frame
697.50 480.94 48.75 23.20 1.0000 per_frame
693.75 485.16 52.50 23.20 1.0000 per_frame
697.50 487.27 52.50 21.09 1.0000 per_frame
697.50 489.38 48.75 23.20 1.0000 per_frame
697.50 493.59 41.25 21.09 1.0000 per_frame
697.50 495.70 41.25 21.09 1.0000 per_frame
697.50 497.81 45.00 23.20 1.0000 per_frame
701.25 504.14 41.25 18.98 1.0000 per_frame
701.25 506.25 45.00 18.98 1.0000 per_frame
705.00 506.25 41.25 21.09 1.0000 per_frame
697.50 506.25 52.50 23.20 1.0000 per_frame
701.25 510.47 45.00 23.20 1.0000 per_frame
701.25 512.58 48.75 23.20 1.0000 per_frame
705.00 518.91 41.25 18.98 1.0000 per_frame
705.00 521.02 41.25 21.09 1.0000 per_frame
705.00 525.23 48.75 18.98 1.0000 per_frame
708.75 529.45 37.50 16.88 1.0000 per_frame
712.50 531.56 33.75 18.98 1.0000 per_frame
712.50 535.78 33.75 21.09 1.0000 per_frame
712.50 540.00 30.00 18.98 1.0000 per_frame
716.25 544.22 26.25 16.88 1.0000 per_frame
708.75 546.33 33.75 18.98 1.0000 per_frame
-100 -100 -100 -100 0.0000 none
701.25 548.44 56.25 25.31 1.0000 per_frame
701.25 548.44 56.25 29.53 1.0000 per_frame
701.25 554.77 56.25 29.53 1.0000 per_frame
701.25 558.98 56.25 27.42 1.0000 per_frame
701.25 561.09 56.25 29.53 1.0000 per_frame
705.00 565.31 56.25 25.31 1.0000 per_frame
705.00 569.53 56.25 23.20 1.0000 per_frame
705.00 571.64 56.25 25.31 1.0000 per_frame
708.75 575.86 52.50 23.20 1.0000 per_frame
705.00 577.97 60.00 25.31 1.0000 per_frame
705.00 582.19 60.00 23.20 1.0000 per_frame
701.25 584.30 63.75 25.31 1.0000 per_frame
708.75 586.41 56.25 27.42 1.0000 per_frame
708.75 588.52 52.50 27.42 1.0000 per_frame
708.75 592.73 52.50 27.42 1.0000 per_frame
708.75 596.95 56.25 25.31 1.0000 per_frame
712.50 603.28 45.00 21.09 1.0000 per_frame
708.75 605.39 56.25 25.31 1.0000 per_frame
712.50 609.61 45.00 21.09 1.0000 per_frame
712.50 611.72 48.75 21.09 1.0000 per_frame
712.50 613.83 52.50 23.20 1.0000 per_frame
712.50 618.05 52.50 27.42 1.0000 per_frame
-100 -100 -100 -100 0.0000 none
-100 -100 -100 -100 0.0000 none
708.75 628.59 52.50 27.42 1.0000 per_frame
-100 -100 -100 -100 0.0000 none
-100 -100 -100 -100 0.0000 none
723.75 641.25 7.50 10.55 1.0000 per_frame
-100 -100 -100 -100 0.0000 none
-100 -100 -100 -100 0.0000 none
705.00 643.36 71.25 37.97 1.0000 per_frame
693.75 645.47 86.25 37.97 1.0000 per_frame
693.75 647.58 78.75 35.86 1.0000 per_frame
705.00 653.91 60.00 25.31 1.0000 per_frame
705.00 656.02 56.25 25.31 1.0000 per_frame
712.50 664.45 41.25 12.66 1.0000 per_frame
705.00 660.23 56.25 23.20 1.0000 per_frame
712.50 664.45 45.00 16.88 1.0000 per_frame
727.50 672.89 3.75 2.11 0.6392 per_frame
720.00 666.56 30.00 10.55 1.0000 per_frame
712.50 664.45 56.25 25.31 1.0000 per_frame
712.50 666.56 56.25 23.20 1.0000 per_frame
705.00 662.34 78.75 33.75 1.0000 per_frame
701.25 662.34 86.25 35.86 1.0000 per_frame
701.25 664.45 82.50 31.64 1.0000 per_frame
705.00 666.56 78.75 29.53 1.0000 per_frame
708.75 666.56 67.50 29.53 1.0000 per_frame
708.75 666.56 63.75 27.42 1.0000 per_frame
708.75 668.67 63.75 25.31 1.0000 per_frame
716.25 668.67 48.75 23.20 1.0000 per_frame
712.50 668.67 60.00 25.31 1.0000 per_frame
712.50 668.67 60.00 25.31 1.0000 per_frame
705.00 668.67 71.25 27.42 1.0000 per_frame
705.00 668.67 75.00 27.42 1.0000 per_frame
708.75 668.67 67.50 27.42 1.0000 per_frame
708.75 668.67 63.75 25.31 1.0000 per_frame
705.00 666.56 75.00 31.64 1.0000 per_frame
701.25 666.56 71.25 29.53 1.0000 per_frame
708.75 668.67 63.75 25.31 1.0000 per_frame
705.00 666.56 71.25 27.42 1.0000 per_frame
708.75 668.67 63.75 23.20 1.0000 per_frame
-100 -100 -100 -100 0.0000 none
708.75 666.56 56.25 23.20 1.0000 per_frame
708.75 666.56 52.50 21.09 1.0000 per_frame
708.75 668.67 48.75 18.98 1.0000 per_frame
712.50 666.56 45.00 16.88 1.0000 per_frame
-100 -100 -100 -100 0.0000 none
723.75 666.56 11.25 4.22 0.6471 per_frame
-100 -100 -100 -100 0.0000 none
712.50 670.78 11.25 4.22 0.9922 per_frame
708.75 664.45 48.75 14.77 1.0000 per_frame
731.25 668.67 26.25 8.44 1.0000 per_frame
705.00 660.23 63.75 23.20 1.0000 per_frame
712.50 660.23 52.50 21.09 1.0000 per_frame
723.75 658.12 18.75 12.66 1.0000 per_frame
716.25 656.02 33.75 18.98 1.0000 per_frame
693.75 649.69 75.00 31.64 1.0000 per_frame
705.00 653.91 45.00 21.09 1.0000 per_frame
701.25 651.80 48.75 23.20 1.0000 per_frame
-100 -100 -100 -100 0.0000 none
723.75 647.58 7.50 4.22 0.8863 per_frame
-100 -100 -100 -100 0.0000 none
727.50 643.36 7.50 8.44 0.9098 per_frame
-100 -100 -100 -100 0.0000 none
-100 -100 -100 -100 0.0000 none
-100 -100 -100 -100 0.0000 none
-100 -100 -100 -100 0.0000 none
693.75 628.59 37.50 18.98 1.0000 per_frame
-100 -100 -100 -100 0.0000 none
697.50 622.27 33.75 18.98 1.0000 per_frame
697.50 628.59 3.75 2.11 0.6118 per_frame
682.50 615.94 48.75 21.09 1.0000 per_frame
682.50 613.83 45.00 18.98 1.0000 per_frame
682.50 609.61 45.00 21.09 1.0000 per_frame
682.50 605.39 45.00 23.20 1.0000 per_frame
678.75 601.17 48.75 29.53 1.0000 per_frame
678.75 596.95 48.75 25.31 1.0000 per_frame
678.75 594.84 45.00 29.53 1.0000 per_frame
678.75 590.62 45.00 23.20 1.0000 per_frame
682.50 590.62 33.75 12.66 1.0000 per_frame
671.25 584.30 52.50 23.20 1.0000 per_frame
678.75 582.19 37.50 21.09 1.0000 per_frame
671.25 577.97 52.50 21.09 1.0000 per_frame
675.00 573.75 41.25 21.09 1.0000 per_frame
675.00 571.64 41.25 21.09 1.0000 per_frame
671.25 565.31 48.75 25.31 1.0000 per_frame
671.25 561.09 41.25 27.42 1.0000 per_frame
667.50 554.77 45.00 29.53 1.0000 per_frame
667.50 554.77 41.25 23.20 1.0000 per_frame
663.75 546.33 41.25 25.31 1.0000 per_frame
648.75 546.33 56.25 23.20 1.0000 per_frame
656.25 546.33 41.25 18.98 1.0000 per_frame
656.25 542.11 37.50 16.88 1.0000 per_frame
656.25 540.00 30.00 12.66 1.0000 per_frame
648.75 535.78 45.00 16.88 1.0000 per_frame
648.75 531.56 41.25 18.98 1.0000 per_frame
645.00 529.45 41.25 18.98 1.0000 per_frame
633.75 525.23 60.00 21.09 1.0000 per_frame
641.25 523.12 41.25 14.77 1.0000 per_frame
648.75 521.02 33.75 14.77 1.0000 per_frame
645.00 516.80 37.50 21.09 1.0000 per_frame
645.00 512.58 33.75 21.09 1.0000 per_frame
648.75 512.58 30.00 16.88 1.0000 per_frame
641.25 508.36 33.75 21.09 1.0000 per_frame
652.50 508.36 11.25 10.55 1.0000 per_frame
652.50 506.25 11.25 8.44 1.0000 per_frame
637.50 502.03 33.75 16.88 1.0000 per_frame
641.25 497.81 26.25 16.88 1.0000 per_frame
637.50 495.70 33.75 16.88 1.0000 per_frame
633.75 493.59 33.75 16.88 1.0000 per_frame
633.75 491.48 33.75 14.77 1.0000 per_frame
633.75 487.27 37.50 18.98 1.0000 per_frame
633.75 485.16 37.50 21.09 1.0000 per_frame
633.75 483.05 37.50 18.98 1.0000 per_frame
633.75 478.83 33.75 18.98 1.0000 per_frame
633.75 478.83 33.75 16.88 1.0000 per_frame
626.25 476.72 41.25 18.98 1.0000 per_frame
626.25 474.61 33.75 12.66 1.0000 per_frame
630.00 472.50 30.00 12.66 1.0000 per_frame
630.00 468.28 33.75 16.88 1.0000 per_frame
630.00 468.28 26.25 12.66 1.0000 per_frame
626.25 466.17 30.00 10.55 1.0000 per_frame
633.75 466.17 11.25 6.33 1.0000 per_frame
633.75 461.95 15.00 8.44 1.0000 per_frame
-100 -100 -100 -100 0.0000 none
-100 -100 -100 -100 0.0000 none
-100 -100 -100 -100 0.0000 none
-100 -100 -100 -100 0.0000 none
-100 -100 -100 -100 0.0000 none
-100 -100 -100 -100 0.0000 none
-100 -100 -100 -100 0.0000 none
-100 -100 -100 -100 0.0000 none
-100 -100 -100 -100 0.0000 none
-100 -100 -100 -100 0.0000 none
-100 -100 -100 -100 0.0000 none
-100 -100 -100 -100 0.0000 none
-100 -100 -100 -100 0.0000 none
-100 -100 -100 -100 0.0000 none
-100 -100 -100 -100 0.0000 none
-100 -100 -100 -100 0.0000 none
-100 -100 -100 -100 0.0000 none
611.25 417.66 26.25 12.66 1.0000 per_frame
603.75 415.55 37.50 16.88 1.0000 per_frame
607.50 413.44 22.50 8.44 1.0000 per_frame
603.75 411.33 33.75 14.77 1.0000 per_frame
603.75 407.11 41.25 23.20 1.0000 per_frame
596.25 405.00 48.75 18.98 1.0000 per_frame
607.50 402.89 33.75 14.77 1.0000 per_frame
603.75 400.78 37.50 14.77 1.0000 per_frame
603.75 398.67 37.50 16.88 1.0000 per_frame
600.00 396.56 41.25 18.98 1.0000 per_frame
596.25 394.45 41.25 23.20 1.0000 per_frame
592.50 392.34 45.00 23.20 1.0000 per_frame
596.25 390.23 41.25 18.98 1.0000 per_frame
596.25 388.12 41.25 18.98 1.0000 per_frame
592.50 386.02 45.00 18.98 1.0000 per_frame
592.50 381.80 45.00 21.09 1.0000 per_frame
592.50 379.69 45.00 21.09 1.0000 per_frame
588.75 377.58 48.75 21.09 1.0000 per_frame
592.50 375.47 41.25 21.09 1.0000 per_frame
588.75 373.36 45.00 21.09 1.0000 per_frame
592.50 373.36 41.25 18.98 1.0000 per_frame
607.50 375.47 15.00 10.55 1.0000 per_frame
592.50 369.14 37.50 18.98 1.0000 per_frame
592.50 367.03 37.50 18.98 1.0000 per_frame
-100 -100 -100 -100 0.0000 none
-100 -100 -100 -100 0.0000 none
-100 -100 -100 -100 0.0000 none
-100 -100 -100 -100 0.0000 none
-100 -100 -100 -100 0.0000 none
-100 -100 -100 -100 0.0000 none
-100 -100 -100 -100 0.0000 none
-100 -100 -100 -100 0.0000 none
-100 -100 -100 -100 0.0000 none
-100 -100 -100 -100 0.0000 none
-100 -100 -100 -100 0.0000 none
-100 -100 -100 -100 0.0000 none
-100 -100 -100 -100 0.0000 none
-100 -100 -100 -100 0.0000 none
-100 -100 -100 -100 0.0000 none
-100 -100 -100 -100 0.0000 none
-100 -100 -100 -100 0.0000 none
-100 -100 -100 -100 0.0000 none
-100 -100 -100 -100 0.0000 none
-100 -100 -100 -100 0.0000 none
-100 -100 -100 -100 0.0000 none
-100 -100 -100 -100 0.0000 none
-100 -100 -100 -100 0.0000 none
-100 -100 -100 -100 0.0000 none
-100 -100 -100 -100 0.0000 none
581.25 341.72 11.25 4.22 0.9961 per_frame
-100 -100 -100 -100 0.0000 none
-100 -100 -100 -100 0.0000 none
577.50 337.50 18.75 10.55 1.0000 per_frame
-100 -100 -100 -100 0.0000 none
-100 -100 -100 -100 0.0000 none
-100 -100 -100 -100 0.0000 none
581.25 339.61 11.25 4.22 0.9529 per_frame
577.50 337.50 18.75 8.44 1.0000 per_frame
581.25 337.50 15.00 8.44 1.0000 per_frame
-100 -100 -100 -100 0.0000 none
-100 -100 -100 -100 0.0000 none
-100 -100 -100 -100 0.0000 none
-100 -100 -100 -100 0.0000 none
-100 -100 -100 -100 0.0000 none
-100 -100 -100 -100 0.0000 none
-100 -100 -100 -100 0.0000 none
-100 -100 -100 -100 0.0000 none
-100 -100 -100 -100 0.0000 none
-100 -100 -100 -100 0.0000 none
-100 -100 -100 -100 0.0000 none
-100 -100 -100 -100 0.0000 none
-100 -100 -100 -100 0.0000 none
-100 -100 -100 -100 0.0000 none
-100 -100 -100 -100 0.0000 none
-100 -100 -100 -100 0.0000 none
581.25 339.61 11.25 4.22 0.9804 per_frame
581.25 339.61 11.25 4.22 1.0000 per_frame
-100 -100 -100 -100 0.0000 none
-100 -100 -100 -100 0.0000 none
581.25 339.61 11.25 4.22 0.9961 per_frame
577.50 337.50 18.75 10.55 1.0000 per_frame
577.50 335.39 18.75 12.66 1.0000 per_frame
577.50 335.39 18.75 14.77 1.0000 per_frame
577.50 337.50 22.50 12.66 1.0000 per_frame
577.50 337.50 22.50 18.98 1.0000 per_frame
577.50 335.39 22.50 23.20 1.0000 per_frame
573.75 335.39 30.00 25.31 1.0000 per_frame
577.50 339.61 18.75 16.88 1.0000 per_frame
581.25 341.72 15.00 6.33 1.0000 per_frame
-100 -100 -100 -100 0.0000 none
-100 -100 -100 -100 0.0000 none
-100 -100 -100 -100 0.0000 none
-100 -100 -100 -100 0.0000 none
-100 -100 -100 -100 0.0000 none
-100 -100 -100 -100 0.0000 none
-100 -100 -100 -100 0.0000 none
-100 -100 -100 -100 0.0000 none
-100 -100 -100 -100 0.0000 none
-100 -100 -100 -100 0.0000 none
-100 -100 -100 -100 0.0000 none
-100 -100 -100 -100 0.0000 none
-100 -100 -100 -100 0.0000 none
-100 -100 -100 -100 0.0000 none
-100 -100 -100 -100 0.0000 none
-100 -100 -100 -100 0.0000 none
-100 -100 -100 -100 0.0000 none
-100 -100 -100 -100 0.0000 none
-100 -100 -100 -100 0.0000 none
-100 -100 -100 -100 0.0000 none
-100 -100 -100 -100 0.0000 none
-100 -100 -100 -100 0.0000 none
-100 -100 -100 -100 0.0000 none
-100 -100 -100 -100 0.0000 none
-100 -100 -100 -100 0.0000 none
-100 -100 -100 -100 0.0000 none
-100 -100 -100 -100 0.0000 none
-100 -100 -100 -100 0.0000 none
-100 -100 -100 -100 0.0000 none
-100 -100 -100 -100 0.0000 none
-100 -100 -100 -100 0.0000 none
-100 -100 -100 -100 0.0000 none
-100 -100 -100 -100 0.0000 none
-100 -100 -100 -100 0.0000 none
-100 -100 -100 -100 0.0000 none
-100 -100 -100 -100 0.0000 none
-100 -100 -100 -100 0.0000 none
-100 -100 -100 -100 0.0000 none
-100 -100 -100 -100 0.0000 none
-100 -100 -100 -100 0.0000 none
-100 -100 -100 -100 0.0000 none
-100 -100 -100 -100 0.0000 none
-100 -100 -100 -100 0.0000 none
-100 -100 -100 -100 0.0000 none
-100 -100 -100 -100 0.0000 none
-100 -100 -100 -100 0.0000 none
-100 -100 -100 -100 0.0000 none
-100 -100 -100 -100 0.0000 none
-100 -100 -100 -100 0.0000 none
-100 -100 -100 -100 0.0000 none
-100 -100 -100 -100 0.0000 none
-100 -100 -100 -100 0.0000 none
-100 -100 -100 -100 0.0000 none
-100 -100 -100 -100 0.0000 none
-100 -100 -100 -100 0.0000 none
-100 -100 -100 -100 0.0000 none
-100 -100 -100 -100 0.0000 none
-100 -100 -100 -100 0.0000 none
731.25 335.39 3.75 2.11 0.5098 per_frame
727.50 335.39 11.25 4.22 0.9922 per_frame
-100 -100 -100 -100 0.0000 none
-100 -100 -100 -100 0.0000 none
-100 -100 -100 -100 0.0000 none
-100 -100 -100 -100 0.0000 none
-100 -100 -100 -100 0.0000 none
-100 -100 -100 -100 0.0000 none
-100 -100 -100 -100 0.0000 none
761.25 337.50 26.25 14.77 1.0000 per_frame
776.25 337.50 11.25 8.44 1.0000 per_frame
768.75 337.50 26.25 16.88 1.0000 per_frame
757.50 337.50 41.25 23.20 1.0000 per_frame
772.50 339.61 26.25 16.88 1.0000 per_frame
-100 -100 -100 -100 0.0000 none
-100 -100 -100 -100 0.0000 none
-100 -100 -100 -100 0.0000 none
-100 -100 -100 -100 0.0000 none
-100 -100 -100 -100 0.0000 none
-100 -100 -100 -100 0.0000 none
-100 -100 -100 -100 0.0000 none
-100 -100 -100 -100 0.0000 none
-100 -100 -100 -100 0.0000 none
-100 -100 -100 -100 0.0000 none
-100 -100 -100 -100 0.0000 none
832.50 343.83 15.00 14.77 1.0000 per_frame
828.75 341.72 37.50 18.98 1.0000 per_frame
828.75 341.72 41.25 18.98 1.0000 per_frame
832.50 341.72 41.25 21.09 1.0000 per_frame
828.75 339.61 48.75 23.20 1.0000 per_frame
836.25 341.72 45.00 21.09 1.0000 per_frame
840.00 341.72 48.75 21.09 1.0000 per_frame
847.50 341.72 45.00 21.09 1.0000 per_frame
862.50 341.72 30.00 18.98 1.0000 per_frame
858.75 341.72 37.50 21.09 1.0000 per_frame
858.75 341.72 41.25 21.09 1.0000 per_frame
858.75 339.61 45.00 23.20 1.0000 per_frame
858.75 339.61 48.75 25.31 1.0000 per_frame
858.75 339.61 52.50 25.31 1.0000 per_frame
862.50 341.72 52.50 21.09 1.0000 per_frame
881.25 343.83 33.75 16.88 1.0000 per_frame
888.75 343.83 30.00 14.77 1.0000 per_frame
888.75 341.72 37.50 18.98 1.0000 per_frame
888.75 341.72 37.50 18.98 1.0000 per_frame
892.50 339.61 41.25 25.31 1.0000 per_frame
896.25 341.72 41.25 21.09 1.0000 per_frame
896.25 339.61 45.00 23.20 1.0000 per_frame
900.00 339.61 45.00 23.20 1.0000 per_frame
903.75 339.61 52.50 25.31 1.0000 per_frame
907.50 339.61 48.75 23.20 1.0000 per_frame
915.00 339.61 41.25 23.20 1.0000 per_frame
918.75 339.61 45.00 23.20 1.0000 per_frame
922.50 339.61 45.00 23.20 1.0000 per_frame
926.25 341.72 41.25 21.09 1.0000 per_frame
933.75 341.72 37.50 18.98 1.0000 per_frame
933.75 339.61 41.25 23.20 1.0000 per_frame
933.75 339.61 48.75 23.20 1.0000 per_frame
945.00 345.94 30.00 12.66 1.0000 per_frame
-100 -100 -100 -100 0.0000 none
-100 -100 -100 -100 0.0000 none
-100 -100 -100 -100 0.0000 none
-100 -100 -100 -100 0.0000 none
-100 -100 -100 -100 0.0000 none
-100 -100 -100 -100 0.0000 none
-100 -100 -100 -100 0.0000 none
-100 -100 -100 -100 0.0000 none
986.25 348.05 7.50 6.33 0.9373 per_frame
-100 -100 -100 -100 0.0000 none
982.50 343.83 18.75 14.77 1.0000 per_frame
978.75 341.72 26.25 18.98 1.0000 per_frame
978.75 341.72 30.00 18.98 1.0000 per_frame
990.00 348.05 11.25 8.44 0.9843 per_frame
-100 -100 -100 -100 0.0000 none
-100 -100 -100 -100 0.0000 none
-100 -100 -100 -100 0.0000 none
-100 -100 -100 -100 0.0000 none
-100 -100 -100 -100 0.0000 none
-100 -100 -100 -100 0.0000 none
-100 -100 -100 -100 0.0000 none
-100 -100 -100 -100 0.0000 none
-100 -100 -100 -100 0.0000 none
-100 -100 -100 -100 0.0000 none
1012.50 352.27 11.25 8.44 1.0000 per_frame
993.75 343.83 45.00 23.20 1.0000 per_frame
1008.75 345.94 26.25 18.98 1.0000 per_frame
1012.50 348.05 18.75 14.77 1.0000 per_frame
1005.00 345.94 33.75 18.98 1.0000 per_frame
1008.75 350.16 26.25 14.77 1.0000 per_frame
1008.75 350.16 26.25 14.77 1.0000 per_frame
1008.75 348.05 26.25 16.88 1.0000 per_frame
1005.00 345.94 33.75 18.98 1.0000 per_frame
1005.00 345.94 33.75 18.98 1.0000 per_frame
1008.75 343.83 30.00 21.09 1.0000 per_frame
1005.00 343.83 37.50 23.20 1.0000 per_frame
1005.00 341.72 37.50 25.31 1.0000 per_frame
1008.75 341.72 33.75 25.31 1.0000 per_frame
1008.75 341.72 33.75 23.20 1.0000 per_frame
1008.75 341.72 33.75 23.20 1.0000 per_frame
1005.00 339.61 37.50 25.31 1.0000 per_frame
1008.75 339.61 33.75 25.31 1.0000 per_frame
1008.75 339.61 37.50 25.31 1.0000 per_frame
1008.75 337.50 37.50 27.42 1.0000 per_frame
1008.75 337.50 37.50 25.31 1.0000 per_frame
1008.75 331.17 41.25 31.64 1.0000 per_frame
1008.75 329.06 37.50 31.64 1.0000 per_frame
1008.75 331.17 41.25 25.31 1.0000 per_frame
1012.50 333.28 41.25 21.09 1.0000 per_frame
1020.00 333.28 33.75 12.66 1.0000 per_frame
1012.50 329.06 48.75 29.53 1.0000 per_frame
1008.75 331.17 52.50 25.31 1.0000 per_frame
1031.25 333.28 22.50 8.44 1.0000 per_frame
1016.25 329.06 41.25 21.09 1.0000 per_frame
1012.50 326.95 48.75 23.20 1.0000 per_frame
1023.75 326.95 30.00 18.98 1.0000 per_frame
1016.25 326.95 41.25 23.20 1.0000 per_frame
1023.75 324.84 30.00 21.09 1.0000 per_frame
1016.25 324.84 41.25 23.20 1.0000 per_frame
1020.00 322.73 37.50 23.20 1.0000 per_frame
1020.00 320.62 33.75 23.20 1.0000 per_frame
1023.75 320.62 26.25 18.98 1.0000 per_frame
1023.75 318.52 33.75 23.20 1.0000 per_frame
-100 -100 -100 -100 0.0000 none
1023.75 316.41 30.00 21.09 1.0000 per_frame
1023.75 316.41 33.75 21.09 1.0000 per_frame
1020.00 314.30 33.75 21.09 1.0000 per_frame
1023.75 314.30 26.25 14.77 1.0000 per_frame
1020.00 310.08 33.75 21.09 1.0000 per_frame
-100 -100 -100 -100 0.0000 none
-100 -100 -100 -100 0.0000 none
-100 -100 -100 -100 0.0000 none
1023.75 307.97 26.25 18.98 1.0000 per_frame
-100 -100 -100 -100 0.0000 none
-100 -100 -100 -100 0.0000 none
-100 -100 -100 -100 0.0000 none
-100 -100 -100 -100 0.0000 none
-100 -100 -100 -100 0.0000 none
-100 -100 -100 -100 0.0000 none
-100 -100 -100 -100 0.0000 none
-100 -100 -100 -100 0.0000 none
-100 -100 -100 -100 0.0000 none
-100 -100 -100 -100 0.0000 none
-100 -100 -100 -100 0.0000 none
-100 -100 -100 -100 0.0000 none
1023.75 295.31 18.75 12.66 1.0000 per_frame
1027.50 297.42 3.75 6.33 0.9020 per_frame
-100 -100 -100 -100 0.0000 none
-100 -100 -100 -100 0.0000 none
-100 -100 -100 -100 0.0000 none
-100 -100 -100 -100 0.0000 none
-100 -100 -100 -100 0.0000 none
1016.25 291.09 30.00 16.88 1.0000 per_frame
1016.25 288.98 30.00 21.09 1.0000 per_frame
1020.00 291.09 18.75 12.66 1.0000 per_frame
-100 -100 -100 -100 0.0000 none
-100 -100 -100 -100 0.0000 none
-100 -100 -100 -100 0.0000 none
-100 -100 -100 -100 0.0000 none
-100 -100 -100 -100 0.0000 none
-100 -100 -100 -100 0.0000 none
1016.25 288.98 22.50 10.55 1.0000 per_frame
1016.25 288.98 18.75 10.55 1.0000 per_frame
-100 -100 -100 -100 0.0000 none
-100 -100 -100 -100 0.0000 none
-100 -100 -100 -100 0.0000 none
-100 -100 -100 -100 0.0000 none
-100 -100 -100 -100 0.0000 none
-100 -100 -100 -100 0.0000 none
-100 -100 -100 -100 0.0000 none
-100 -100 -100 -100 0.0000 none
-100 -100 -100 -100 0.0000 none
997.50 280.55 11.25 6.33 0.9922 per_frame
-100 -100 -100 -100 0.0000 none
-100 -100 -100 -100 0.0000 none
-100 -100 -100 -100 0.0000 none
982.50 270.00 22.50 12.66 1.0000 per_frame
975.00 267.89 33.75 21.09 1.0000 per_frame
978.75 267.89 30.00 14.77 1.0000 per_frame
975.00 265.78 26.25 14.77 1.0000 per_frame
975.00 265.78 26.25 12.66 1.0000 per_frame
967.50 261.56 41.25 18.98 1.0000 per_frame
975.00 263.67 22.50 12.66 1.0000 per_frame
967.50 259.45 33.75 16.88 1.0000 per_frame
967.50 259.45 30.00 14.77 1.0000 per_frame
963.75 257.34 37.50 18.98 1.0000 per_frame
963.75 255.23 33.75 16.88 1.0000 per_frame
963.75 253.12 30.00 16.88 1.0000 per_frame
963.75 251.02 30.00 18.98 1.0000 per_frame
956.25 248.91 41.25 21.09 1.0000 per_frame
956.25 246.80 33.75 18.98 1.0000 per_frame
960.00 246.80 26.25 14.77 1.0000 per_frame
956.25 244.69 30.00 14.77 1.0000 per_frame
948.75 240.47 45.00 21.09 1.0000 per_frame
952.50 238.36 37.50 21.09 1.0000 per_frame
952.50 234.14 37.50 27.42 1.0000 per_frame
952.50 234.14 41.25 25.31 1.0000 per_frame
952.50 232.03 41.25 23.20 1.0000 per_frame
948.75 229.92 41.25 25.31 1.0000 per_frame
948.75 229.92 41.25 23.20 1.0000 per_frame
948.75 227.81 41.25 23.20 1.0000 per_frame
948.75 223.59 45.00 29.53 1.0000 per_frame
948.75 223.59 41.25 25.31 1.0000 per_frame
952.50 221.48 37.50 25.31 1.0000 per_frame
948.75 221.48 37.50 21.09 1.0000 per_frame
948.75 219.38 37.50 23.20 1.0000 per_frame
948.75 215.16 41.25 25.31 1.0000 per_frame
948.75 213.05 41.25 29.53 1.0000 per_frame
945.00 213.05 41.25 25.31 1.0000 per_frame
941.25 210.94 45.00 29.53 1.0000 per_frame
941.25 208.83 48.75 29.53 1.0000 per_frame
941.25 210.94 45.00 27.42 1.0000 per_frame
941.25 206.72 48.75 29.53 1.0000 per_frame
937.50 208.83 52.50 25.31 1.0000 per_frame
937.50 208.83 48.75 25.31 1.0000 per_frame
937.50 208.83 48.75 23.20 1.0000 per_frame
937.50 208.83 48.75 27.42 1.0000 per_frame
937.50 206.72 48.75 31.64 1.0000 per_frame
937.50 206.72 48.75 25.31 1.0000 per_frame
937.50 206.72 48.75 25.31 1.0000 per_frame
937.50 206.72 48.75 29.53 1.0000 per_frame
937.50 206.72 52.50 31.64 1.0000 per_frame
937.50 206.72 48.75 29.53 1.0000 per_frame
937.50 206.72 52.50 29.53 1.0000 per_frame
941.25 206.72 48.75 25.31 1.0000 per_frame
941.25 206.72 45.00 27.42 1.0000 per_frame
945.00 206.72 48.75 23.20 1.0000 per_frame
945.00 204.61 48.75 27.42 1.0000 per_frame
945.00 204.61 52.50 23.20 1.0000 per_frame
948.75 204.61 48.75 23.20 1.0000 per_frame
952.50 206.72 41.25 23.20 1.0000 per_frame
952.50 206.72 45.00 23.20 1.0000 per_frame
956.25 206.72 41.25 23.20 1.0000 per_frame
956.25 206.72 45.00 25.31 1.0000 per_frame
956.25 204.61 41.25 29.53 1.0000 per_frame
960.00 206.72 48.75 27.42 1.0000 per_frame
960.00 206.72 48.75 27.42 1.0000 per_frame
963.75 208.83 52.50 23.20 1.0000 per_frame
963.75 206.72 48.75 27.42 1.0000 per_frame
967.50 206.72 48.75 29.53 1.0000 per_frame
967.50 206.72 45.00 31.64 1.0000 per_frame
967.50 206.72 52.50 31.64 1.0000 per_frame
971.25 206.72 56.25 27.42 1.0000 per_frame
975.00 210.94 56.25 25.31 1.0000 per_frame
975.00 213.05 56.25 23.20 1.0000 per_frame
978.75 213.05 48.75 23.20 1.0000 per_frame
982.50 213.05 48.75 29.53 1.0000 per_frame
986.25 213.05 45.00 25.31 1.0000 per_frame
990.00 215.16 52.50 25.31 1.0000 per_frame
993.75 213.05 52.50 27.42 1.0000 per_frame
997.50 215.16 45.00 29.53 1.0000 per_frame
997.50 219.38 45.00 25.31 1.0000 per_frame
1001.25 223.59 41.25 25.31 1.0000 per_frame
1005.00 225.70 41.25 25.31 1.0000 per_frame
1008.75 227.81 37.50 27.42 1.0000 per_frame
1012.50 227.81 37.50 25.31 1.0000 per_frame
1012.50 229.92 37.50 25.31 1.0000 per_frame
1016.25 232.03 37.50 25.31 1.0000 per_frame
1016.25 232.03 41.25 23.20 1.0000 per_frame
1023.75 236.25 30.00 21.09 1.0000 per_frame
1027.50 238.36 33.75 18.98 1.0000 per_frame
1027.50 240.47 33.75 18.98 1.0000 per_frame
1027.50 242.58 37.50 18.98 1.0000 per_frame
1027.50 242.58 37.50 18.98 1.0000 per_frame
1031.25 244.69 37.50 21.09 1.0000 per_frame
1035.00 248.91 37.50 18.98 1.0000 per_frame
1031.25 246.80 45.00 25.31 1.0000 per_frame
1031.25 251.02 45.00 21.09 1.0000 per_frame
1038.75 251.02 37.50 21.09 1.0000 per_frame
1038.75 253.12 37.50 21.09 1.0000 per_frame
1038.75 257.34 41.25 18.98 1.0000 per_frame
1042.50 259.45 33.75 18.98 1.0000 per_frame
1046.25 261.56 37.50 21.09 1.0000 per_frame
1050.00 265.78 30.00 16.88 1.0000 per_frame
1046.25 267.89 33.75 25.31 1.0000 per_frame
1050.00 267.89 30.00 18.98 1.0000 per_frame
1050.00 272.11 30.00 14.77 1.0000 per_frame
1061.25 280.55 7.50 2.11 0.8471 per_frame
1050.00 276.33 33.75 16.88 1.0000 per_frame
1053.75 278.44 18.75 10.55 1.0000 per_frame
-100 -100 -100 -100 0.0000 none
-100 -100 -100 -100 0.0000 none
-100 -100 -100 -100 0.0000 none
1053.75 286.88 30.00 12.66 1.0000 per_frame
1050.00 286.88 37.50 21.09 1.0000 per_frame
1061.25 293.20 15.00 10.55 1.0000 per_frame
1061.25 297.42 15.00 8.44 1.0000 per_frame
1050.00 291.09 37.50 21.09 1.0000 per_frame
1061.25 293.20 22.50 16.88 1.0000 per_frame
1050.00 291.09 37.50 25.31 1.0000 per_frame
1053.75 293.20 30.00 25.31 1.0000 per_frame
1042.50 291.09 45.00 31.64 1.0000 per_frame
1042.50 291.09 41.25 29.53 1.0000 per_frame
1038.75 293.20 48.75 31.64 1.0000 per_frame
1038.75 305.86 45.00 21.09 1.0000 per_frame
1042.50 307.97 41.25 21.09 1.0000 per_frame
1042.50 312.19 41.25 21.09 1.0000 per_frame
1046.25 316.41 33.75 14.77 1.0000 per_frame
1053.75 322.73 18.75 8.44 1.0000 per_frame
-100 -100 -100 -100 0.0000 none
1042.50 320.62 41.25 21.09 1.0000 per_frame
1050.00 324.84 26.25 16.88 1.0000 per_frame
1046.25 324.84 37.50 21.09 1.0000 per_frame
-100 -100 -100 -100 0.0000 none
-100 -100 -100 -100 0.0000 none
-100 -100 -100 -100 0.0000 none
-100 -100 -100 -100 0.0000 none
1065.00 335.39 7.50 4.22 0.8941 per_frame
-100 -100 -100 -100 0.0000 none
1038.75 335.39 41.25 25.31 1.0000 per_frame
1035.00 337.50 45.00 23.20 1.0000 per_frame
1035.00 339.61 45.00 23.20 1.0000 per_frame
1035.00 341.72 45.00 23.20 1.0000 per_frame
1038.75 343.83 37.50 18.98 1.0000 per_frame
1038.75 343.83 37.50 21.09 1.0000 per_frame
1035.00 343.83 41.25 23.20 1.0000 per_frame
1035.00 345.94 41.25 25.31 1.0000 per_frame
1031.25 345.94 45.00 27.42 1.0000 per_frame
1035.00 348.05 45.00 25.31 1.0000 per_frame
1031.25 350.16 48.75 25.31 1.0000 per_frame
1035.00 352.27 41.25 23.20 1.0000 per_frame
1038.75 352.27 37.50 23.20 1.0000 per_frame
1035.00 354.38 45.00 23.20 1.0000 per_frame
1038.75 356.48 37.50 21.09 1.0000 per_frame
1035.00 356.48 41.25 21.09 1.0000 per_frame
1027.50 356.48 48.75 23.20 1.0000 per_frame
1027.50 356.48 48.75 23.20 1.0000 per_frame
1027.50 356.48 48.75 25.31 1.0000 per_frame
1027.50 356.48 48.75 25.31 1.0000 per_frame
1027.50 358.59 48.75 25.31 1.0000 per_frame
1031.25 358.59 45.00 23.20 1.0000 per_frame
1027.50 358.59 52.50 25.31 1.0000 per_frame
1027.50 358.59 52.50 25.31 1.0000 per_frame
1031.25 358.59 48.75 25.31 1.0000 per_frame
1027.50 358.59 48.75 27.42 1.0000 per_frame
1027.50 358.59 52.50 27.42 1.0000 per_frame
1031.25 358.59 48.75 27.42 1.0000 per_frame
1031.25 358.59 48.75 27.42 1.0000 per_frame
1031.25 358.59 45.00 27.42 1.0000 per_frame
1035.00 360.70 41.25 25.31 1.0000 per_frame
1035.00 362.81 41.25 23.20 1.0000 per_frame
1038.75 362.81 37.50 21.09 1.0000 per_frame
1038.75 362.81 37.50 21.09 1.0000 per_frame
1038.75 364.92 37.50 18.98 1.0000 per_frame
1038.75 364.92 33.75 18.98 1.0000 per_frame
1038.75 364.92 37.50 18.98 1.0000 per_frame
1038.75 364.92 37.50 18.98 1.0000 per_frame
1038.75 364.92 37.50 18.98 1.0000 per_frame
1038.75 364.92 37.50 18.98 1.0000 per_frame
1038.75 364.92 37.50 18.98 1.0000 per_frame
1038.75 364.92 37.50 18.98 1.0000 per_frame
1038.75 364.92 37.50 18.98 1.0000 per_frame
1038.75 367.03 37.50 16.88 1.0000 per_frame
1042.50 367.03 33.75 16.88 1.0000 per_frame
1038.75 364.92 37.50 18.98 1.0000 per_frame
1035.00 364.92 41.25 18.98 1.0000 per_frame
1038.75 364.92 37.50 18.98 1.0000 per_frame
1038.75 364.92 37.50 18.98 1.0000 per_frame
1035.00 364.92 45.00 18.98 1.0000 per_frame
1035.00 362.81 45.00 21.09 1.0000 per_frame
1038.75 364.92 41.25 18.98 1.0000 per_frame
1038.75 364.92 41.25 18.98 1.0000 per_frame
1035.00 362.81 45.00 21.09 1.0000 per_frame
1038.75 364.92 41.25 18.98 1.0000 per_frame
1035.00 364.92 45.00 21.09 1.0000 per_frame
1038.75 364.92 41.25 21.09 1.0000 per_frame
1038.75 364.92 41.25 21.09 1.0000 per_frame
1038.75 364.92 41.25 21.09 1.0000 per_frame
1035.00 360.70 45.00 25.31 1.0000 per_frame
1038.75 360.70 41.25 25.31 1.0000 per_frame
1038.75 360.70 45.00 27.42 1.0000 per_frame
1038.75 358.59 41.25 27.42 1.0000 per_frame
1035.00 358.59 45.00 29.53 1.0000 per_frame
1035.00 358.59 45.00 29.53 1.0000 per_frame
1035.00 358.59 45.00 29.53 1.0000 per_frame
1035.00 360.70 45.00 27.42 1.0000 per_frame
1035.00 358.59 45.00 29.53 1.0000 per_frame
1035.00 364.92 45.00 23.20 1.0000 per_frame
1031.25 367.03 48.75 21.09 1.0000 per_frame
1031.25 367.03 45.00 21.09 1.0000 per_frame
1031.25 367.03 45.00 21.09 1.0000 per_frame
1035.00 367.03 41.25 23.20 1.0000 per_frame
1031.25 369.14 45.00 21.09 1.0000 per_frame
1031.25 369.14 41.25 21.09 1.0000 per_frame
1031.25 369.14 41.25 21.09 1.0000 per_frame
1031.25 369.14 41.25 21.09 1.0000 per_frame
1031.25 369.14 41.25 21.09 1.0000 per_frame
1027.50 369.14 45.00 21.09 1.0000 per_frame
1027.50 369.14 41.25 21.09 1.0000 per_frame
1027.50 369.14 41.25 23.20 1.0000 per_frame
1027.50 358.59 45.00 33.75 1.0000 per_frame
1027.50 369.14 37.50 23.20 1.0000 per_frame
1023.75 369.14 45.00 23.20 1.0000 per_frame
1023.75 369.14 41.25 21.09 1.0000 per_frame
1023.75 371.25 41.25 18.98 1.0000 per_frame
1023.75 371.25 41.25 18.98 1.0000 per_frame
1023.75 371.25 41.25 18.98 1.0000 per_frame
1023.75 371.25 37.50 18.98 1.0000 per_frame
1020.00 371.25 41.25 18.98 1.0000 per_frame
1020.00 371.25 41.25 21.09 1.0000 per_frame
1020.00 371.25 41.25 21.09 1.0000 per_frame
1016.25 371.25 41.25 21.09 1.0000 per_frame
1016.25 371.25 41.25 21.09 1.0000 per_frame
1016.25 371.25 37.50 21.09 1.0000 per_frame
1016.25 371.25 41.25 21.09 1.0000 per_frame
1016.25 371.25 41.25 21.09 1.0000 per_frame
1016.25 371.25 41.25 21.09 1.0000 per_frame
1016.25 371.25 37.50 23.20 1.0000 per_frame
1016.25 371.25 37.50 21.09 1.0000 per_frame
1016.25 371.25 37.50 21.09 1.0000 per_frame
1012.50 371.25 41.25 23.20 1.0000 per_frame
1012.50 373.36 41.25 21.09 1.0000 per_frame
1012.50 373.36 41.25 21.09 1.0000 per_frame
1012.50 373.36 41.25 21.09 1.0000 per_frame
1012.50 373.36 37.50 21.09 1.0000 per_frame
1012.50 373.36 37.50 21.09 1.0000 per_frame
1012.50 373.36 37.50 21.09 1.0000 per_frame
1012.50 373.36 37.50 21.09 1.0000 per_frame
1012.50 373.36 37.50 21.09 1.0000 per_frame
1012.50 375.47 33.75 18.98 1.0000 per_frame
1012.50 375.47 33.75 18.98 1.0000 per_frame
1012.50 375.47 37.50 18.98 1.0000 per_frame
1012.50 375.47 33.75 18.98 1.0000 per_frame
1012.50 375.47 33.75 18.98 1.0000 per_frame
1012.50 375.47 33.75 18.98 1.0000 per_frame
1008.75 375.47 37.50 18.98 1.0000 per_frame
1008.75 375.47 37.50 18.98 1.0000 per_frame
1008.75 375.47 37.50 18.98 1.0000 per_frame
1008.75 375.47 37.50 18.98 1.0000 per_frame
1008.75 375.47 37.50 18.98 1.0000 per_frame
1008.75 375.47 37.50 18.98 1.0000 per_frame
1008.75 375.47 37.50 18.98 1.0000 per_frame
1008.75 375.47 37.50 18.98 1.0000 per_frame
1008.75 375.47 37.50 18.98 1.0000 per_frame
1012.50 375.47 30.00 18.98 1.0000 per_frame
1008.75 375.47 37.50 18.98 1.0000 per_frame
1008.75 375.47 37.50 18.98 1.0000 per_frame
1008.75 375.47 37.50 18.98 1.0000 per_frame
1008.75 375.47 37.50 18.98 1.0000 per_frame
1008.75 375.47 37.50 18.98 1.0000 per_frame
1012.50 375.47 33.75 18.98 1.0000 per_frame
1008.75 375.47 37.50 18.98 1.0000 per_frame
1008.75 375.47 37.50 18.98 1.0000 per_frame
1008.75 375.47 37.50 18.98 1.0000 per_frame
1008.75 375.47 37.50 18.98 1.0000 per_frame
1008.75 375.47 37.50 21.09 1.0000 per_frame
1008.75 377.58 37.50 18.98 1.0000 per_frame
1012.50 377.58 33.75 18.98 1.0000 per_frame
1016.25 377.58 30.00 18.98 1.0000 per_frame
1008.75 377.58 41.25 18.98 1.0000 per_frame
1008.75 377.58 41.25 21.09 1.0000 per_frame
1012.50 377.58 37.50 18.98 1.0000 per_frame
1012.50 377.58 33.75 18.98 1.0000 per_frame
1008.75 377.58 41.25 21.09 1.0000 per_frame
1012.50 377.58 33.75 18.98 1.0000 per_frame
1012.50 377.58 37.50 18.98 1.0000 per_frame
1008.75 377.58 41.25 18.98 1.0000 per_frame
1016.25 377.58 30.00 18.98 1.0000 per_frame
1016.25 377.58 30.00 16.88 1.0000 per_frame
1008.75 377.58 37.50 18.98 1.0000 per_frame
1012.50 377.58 33.75 16.88 1.0000 per_frame
1012.50 377.58 37.50 18.98 1.0000 per_frame
1012.50 377.58 41.25 16.88 1.0000 per_frame
1012.50 375.47 41.25 18.98 1.0000 per_frame
1012.50 375.47 41.25 18.98 1.0000 per_frame
1012.50 375.47 41.25 18.98 1.0000 per_frame
1016.25 375.47 37.50 18.98 1.0000 per_frame
1016.25 375.47 41.25 18.98 1.0000 per_frame
1012.50 375.47 45.00 18.98 1.0000 per_frame
1016.25 373.36 41.25 21.09 1.0000 per_frame
1016.25 373.36 41.25 21.09 1.0000 per_frame
1016.25 373.36 41.25 21.09 1.0000 per_frame
1016.25 373.36 41.25 21.09 1.0000 per_frame
1016.25 371.25 45.00 23.20 1.0000 per_frame
1016.25 371.25 45.00 21.09 1.0000 per_frame
1016.25 369.14 45.00 25.31 1.0000 per_frame
1016.25 369.14 45.00 23.20 1.0000 per_frame
1016.25 358.59 56.25 31.64 1.0000 per_frame
1016.25 367.03 48.75 23.20 1.0000 per_frame
1020.00 367.03 45.00 23.20 1.0000 per_frame
1020.00 367.03 45.00 23.20 1.0000 per_frame
1023.75 367.03 45.00 23.20 1.0000 per_frame
1023.75 358.59 48.75 29.53 1.0000 per_frame
1023.75 358.59 52.50 29.53 1.0000 per_frame
1023.75 356.48 56.25 31.64 1.0000 per_frame
1027.50 358.59 41.25 27.42 1.0000 per_frame
1027.50 358.59 48.75 27.42 1.0000 per_frame
1027.50 358.59 52.50 27.42 1.0000 per_frame
1027.50 358.59 48.75 27.42 1.0000 per_frame
1023.75 358.59 56.25 25.31 1.0000 per_frame
1023.75 358.59 52.50 25.31 1.0000 per_frame
1027.50 358.59 48.75 25.31 1.0000 per_frame
1027.50 358.59 48.75 23.20 1.0000 per_frame
1027.50 358.59 48.75 23.20 1.0000 per_frame
1023.75 356.48 52.50 25.31 1.0000 per_frame
1031.25 358.59 41.25 23.20 1.0000 per_frame
1027.50 358.59 48.75 25.31 1.0000 per_frame
1023.75 358.59 52.50 25.31 1.0000 per_frame
1027.50 358.59 48.75 25.31 1.0000 per_frame
1031.25 358.59 45.00 25.31 1.0000 per_frame
1035.00 360.70 41.25 25.31 1.0000 per_frame
1031.25 358.59 48.75 27.42 1.0000 per_frame
1035.00 362.81 41.25 23.20 1.0000 per_frame
1035.00 362.81 41.25 25.31 1.0000 per_frame
1031.25 358.59 48.75 31.64 1.0000 per_frame
1031.25 358.59 48.75 31.64 1.0000 per_frame
1035.00 367.03 45.00 25.31 1.0000 per_frame
1035.00 367.03 45.00 25.31 1.0000 per_frame
1035.00 367.03 45.00 25.31 1.0000 per_frame
1038.75 369.14 41.25 25.31 1.0000 per_frame
1035.00 371.25 45.00 23.20 1.0000 per_frame
1038.75 373.36 41.25 21.09 1.0000 per_frame
1038.75 373.36 37.50 21.09 1.0000 per_frame
1038.75 375.47 41.25 21.09 1.0000 per_frame
1035.00 375.47 48.75 23.20 1.0000 per_frame
1038.75 375.47 41.25 23.20 1.0000 per_frame
1035.00 377.58 45.00 21.09 1.0000 per_frame
1038.75 377.58 41.25 23.20 1.0000 per_frame
1038.75 379.69 41.25 23.20 1.0000 per_frame
1035.00 379.69 41.25 23.20 1.0000 per_frame
1038.75 381.80 37.50 21.09 1.0000 per_frame
1038.75 383.91 37.50 18.98 1.0000 per_frame
1035.00 383.91 41.25 18.98 1.0000 per_frame
1035.00 383.91 41.25 21.09 1.0000 per_frame
1035.00 386.02 41.25 21.09 1.0000 per_frame
1038.75 386.02 37.50 21.09 1.0000 per_frame
1035.00 386.02 41.25 23.20 1.0000 per_frame
1038.75 388.12 41.25 21.09 1.0000 per_frame
1038.75 390.23 37.50 21.09 1.0000 per_frame
1038.75 390.23 37.50 21.09 1.0000 per_frame
1038.75 392.34 37.50 18.98 1.0000 per_frame
1035.00 392.34 45.00 21.09 1.0000 per_frame
1031.25 392.34 48.75 23.20 1.0000 per_frame
1035.00 394.45 41.25 21.09 1.0000 per_frame
1038.75 394.45 37.50 21.09 1.0000 per_frame
1035.00 396.56 45.00 18.98 1.0000 per_frame
1038.75 396.56 37.50 21.09 1.0000 per_frame
1050.00 398.67 22.50 18.98 1.0000 per_frame
1038.75 398.67 37.50 21.09 1.0000 per_frame
1035.00 398.67 45.00 23.20 1.0000 per_frame
1031.25 400.78 52.50 21.09 1.0000 per_frame
1031.25 400.78 52.50 23.20 1.0000 per_frame
1031.25 402.89 48.75 23.20 1.0000 per_frame
1035.00 402.89 41.25 21.09 1.0000 per_frame
1031.25 405.00 48.75 21.09 1.0000 per_frame
1035.00 405.00 41.25 23.20 1.0000 per_frame
1038.75 407.11 33.75 18.98 1.0000 per_frame
1035.00 407.11 41.25 23.20 1.0000 per_frame
1035.00 409.22 45.00 21.09 1.0000 per_frame
1031.25 409.22 52.50 23.20 1.0000 per_frame
1035.00 411.33 41.25 21.09 1.0000 per_frame
1035.00 411.33 45.00 21.09 1.0000 per_frame
1038.75 413.44 41.25 18.98 1.0000 per_frame
1038.75 413.44 37.50 21.09 1.0000 per_frame
1057.50 417.66 15.00 6.33 1.0000 per_frame
1053.75 430.31 7.50 6.33 0.7294 per_frame
-100 -100 -100 -100 0.0000 none
-100 -100 -100 -100 0.0000 none
-100 -100 -100 -100 0.0000 none
-100 -100 -100 -100 0.0000 none
-100 -100 -100 -100 0.0000 none
-100 -100 -100 -100 0.0000 none
-100 -100 -100 -100 0.0000 none
-100 -100 -100 -100 0.0000 none
-100 -100 -100 -100 0.0000 none
-100 -100 -100 -100 0.0000 none
-100 -100 -100 -100 0.0000 none
-100 -100 -100 -100 0.0000 none
-100 -100 -100 -100 0.0000 none
-100 -100 -100 -100 0.0000 none
-100 -100 -100 -100 0.0000 none
-100 -100 -100 -100 0.0000 none
-100 -100 -100 -100 0.0000 none
-100 -100 -100 -100 0.0000 none
-100 -100 -100 -100 0.0000 none
-100 -100 -100 -100 0.0000 none
-100 -100 -100 -100 0.0000 none
-100 -100 -100 -100 0.0000 none
-100 -100 -100 -100 0.0000 none
-100 -100 -100 -100 0.0000 none
-100 -100 -100 -100 0.0000 none
-100 -100 -100 -100 0.0000 none
-100 -100 -100 -100 0.0000 none
1057.50 468.28 7.50 4.22 0.9765 per_frame
1046.25 464.06 26.25 12.66 1.0000 per_frame
1050.00 466.17 18.75 10.55 1.0000 per_frame
1053.75 470.39 15.00 8.44 1.0000 per_frame
1042.50 466.17 33.75 16.88 1.0000 per_frame
1038.75 466.17 45.00 18.98 1.0000 per_frame
1035.00 468.28 52.50 25.31 1.0000 per_frame
1038.75 470.39 48.75 23.20 1.0000 per_frame
1042.50 470.39 41.25 23.20 1.0000 per_frame
1038.75 472.50 41.25 21.09 1.0000 per_frame
1035.00 474.61 52.50 18.98 1.0000 per_frame
1038.75 474.61 48.75 21.09 1.0000 per_frame
1038.75 476.72 45.00 18.98 1.0000 per_frame
1038.75 478.83 48.75 18.98 1.0000 per_frame
1038.75 480.94 41.25 16.88 1.0000 per_frame
1035.00 483.05 48.75 16.88 1.0000 per_frame
1035.00 483.05 48.75 18.98 1.0000 per_frame
1031.25 485.16 48.75 16.88 1.0000 per_frame
1031.25 487.27 48.75 16.88 1.0000 per_frame
1042.50 487.27 33.75 18.98 1.0000 per_frame
1038.75 489.38 37.50 18.98 1.0000 per_frame
1042.50 491.48 33.75 16.88 1.0000 per_frame
1042.50 491.48 37.50 18.98 1.0000 per_frame
1038.75 493.59 37.50 18.98 1.0000 per_frame
1042.50 497.81 26.25 12.66 1.0000 per_frame
1046.25 497.81 26.25 14.77 1.0000 per_frame
1038.75 497.81 37.50 16.88 1.0000 per_frame
1038.75 499.92 37.50 18.98 1.0000 per_frame
1038.75 502.03 37.50 18.98 1.0000 per_frame
1038.75 502.03 33.75 16.88 1.0000 per_frame
1027.50 502.03 48.75 18.98 1.0000 per_frame
1023.75 502.03 56.25 21.09 1.0000 per_frame
1031.25 502.03 48.75 18.98 1.0000 per_frame
1038.75 504.14 33.75 16.88 1.0000 per_frame
1046.25 506.25 22.50 14.77 1.0000 per_frame
1042.50 504.14 30.00 18.98 1.0000 per_frame
1046.25 506.25 26.25 16.88 1.0000 per_frame
1042.50 506.25 33.75 16.88 1.0000 per_frame
1046.25 508.36 22.50 12.66 1.0000 per_frame
1038.75 506.25 33.75 16.88 1.0000 per_frame
1042.50 508.36 30.00 16.88 1.0000 per_frame
1042.50 508.36 30.00 16.88 1.0000 per_frame
1038.75 508.36 33.75 16.88 1.0000 per_frame
1035.00 508.36 37.50 18.98 1.0000 per_frame
1042.50 508.36 30.00 18.98 1.0000 per_frame
1042.50 510.47 30.00 14.77 1.0000 per_frame
1050.00 512.58 18.75 10.55 1.0000 per_frame
1038.75 508.36 37.50 18.98 1.0000 per_frame
1038.75 508.36 37.50 18.98 1.0000 per_frame
1038.75 508.36 37.50 18.98 1.0000 per_frame
1038.75 508.36 37.50 18.98 1.0000 per_frame
1046.25 510.47 26.25 16.88 1.0000 per_frame
1038.75 508.36 37.50 21.09 1.0000 per_frame
1035.00 508.36 41.25 23.20 1.0000 per_frame
1038.75 508.36 37.50 21.09 1.0000 per_frame
1031.25 508.36 45.00 21.09 1.0000 per_frame
1031.25 510.47 45.00 16.88 1.0000 per_frame
1027.50 508.36 48.75 23.20 1.0000 per_frame
1023.75 508.36 52.50 25.31 1.0000 per_frame
1023.75 508.36 52.50 23.20 1.0000 per_frame
1035.00 510.47 37.50 21.09 1.0000 per_frame
1038.75 510.47 33.75 21.09 1.0000 per_frame
1038.75 510.47 33.75 21.09 1.0000 per_frame
1042.50 512.58 26.25 16.88 1.0000 per_frame
1042.50 512.58 26.25 18.98 1.0000 per_frame
1038.75 510.47 30.00 21.09 1.0000 per_frame
1038.75 510.47 33.75 21.09 1.0000 per_frame
1035.00 510.47 37.50 21.09 1.0000 per_frame
1031.25 510.47 41.25 23.20 1.0000 per_frame
1031.25 510.47 41.25 23.20 1.0000 per_frame
1031.25 512.58 41.25 21.09 1.0000 per_frame
1027.50 512.58 45.00 21.09 1.0000 per_frame
1023.75 510.47 45.00 23.20 1.0000 per_frame
1023.75 510.47 48.75 23.20 1.0000 per_frame
1023.75 510.47 45.00 23.20 1.0000 per_frame
1020.00 510.47 52.50 23.20 1.0000 per_frame
1023.75 510.47 45.00 23.20 1.0000 per_frame
1023.75 510.47 48.75 23.20 1.0000 per_frame
1023.75 508.36 48.75 23.20 1.0000 per_frame
1023.75 508.36 52.50 25.31 1.0000 per_frame
1023.75 508.36 48.75 21.09 1.0000 per_frame
1023.75 506.25 48.75 23.20 1.0000 per_frame
1031.25 508.36 33.75 18.98 1.0000 per_frame
1023.75 504.14 41.25 21.09 1.0000 per_frame
1020.00 504.14 48.75 18.98 1.0000 per_frame
1023.75 502.03 45.00 18.98 1.0000 per_frame
1031.25 499.92 37.50 18.98 1.0000 per_frame
1035.00 497.81 26.25 14.77 1.0000 per_frame
1035.00 493.59 30.00 16.88 1.0000 per_frame
1023.75 489.38 48.75 23.20 1.0000 per_frame
1027.50 489.38 45.00 16.88 1.0000 per_frame
1031.25 485.16 41.25 18.98 1.0000 per_frame
1027.50 483.05 45.00 16.88 1.0000 per_frame
1023.75 480.94 48.75 18.98 1.0000 per_frame
1031.25 478.83 41.25 18.98 1.0000 per_frame
1027.50 476.72 48.75 18.98 1.0000 per_frame
1027.50 474.61 48.75 21.09 1.0000 per_frame
1027.50 474.61 45.00 21.09 1.0000 per_frame
1027.50 474.61 45.00 18.98 1.0000 per_frame
1031.25 472.50 37.50 21.09 1.0000 per_frame
1031.25 472.50 41.25 21.09 1.0000 per_frame
1031.25 472.50 41.25 21.09 1.0000 per_frame
1031.25 470.39 41.25 23.20 1.0000 per_frame
1031.25 472.50 41.25 21.09 1.0000 per_frame
1031.25 472.50 37.50 21.09 1.0000 per_frame
1031.25 470.39 37.50 23.20 1.0000 per_frame
1031.25 472.50 37.50 18.98 1.0000 per_frame
1031.25 472.50 33.75 18.98 1.0000 per_frame
1031.25 470.39 41.25 23.20 1.0000 per_frame
1031.25 470.39 33.75 23.20 1.0000 per_frame
1027.50 470.39 41.25 23.20 1.0000 per_frame
1031.25 470.39 33.75 21.09 1.0000 per_frame
1031.25 470.39 33.75 23.20 1.0000 per_frame
1031.25 470.39 37.50 23.20 1.0000 per_frame
1031.25 470.39 37.50 23.20 1.0000 per_frame
1027.50 470.39 37.50 23.20 1.0000 per_frame
1031.25 472.50 33.75 18.98 1.0000 per_frame
1027.50 472.50 33.75 18.98 1.0000 per_frame
1027.50 472.50 33.75 18.98 1.0000 per_frame
1023.75 472.50 41.25 18.98 1.0000 per_frame
1023.75 472.50 41.25 18.98 1.0000 per_frame
1023.75 472.50 37.50 21.09 1.0000 per_frame
1023.75 472.50 33.75 21.09 1.0000 per_frame
1023.75 472.50 37.50 21.09 1.0000 per_frame
1020.00 472.50 37.50 21.09 1.0000 per_frame
1020.00 472.50 37.50 21.09 1.0000 per_frame
1023.75 472.50 26.25 16.88 1.0000 per_frame
1020.00 472.50 37.50 18.98 1.0000 per_frame
1020.00 472.50 33.75 18.98 1.0000 per_frame
1016.25 472.50 33.75 18.98 1.0000 per_frame
1020.00 472.50 30.00 18.98 1.0000 per_frame
1016.25 470.39 33.75 23.20 1.0000 per_frame
1016.25 472.50 30.00 18.98 1.0000 per_frame
1008.75 472.50 37.50 18.98 1.0000 per_frame
1008.75 472.50 33.75 18.98 1.0000 per_frame
1008.75 472.50 33.75 18.98 1.0000 per_frame
1008.75 472.50 30.00 18.98 1.0000 per_frame
1005.00 472.50 33.75 16.88 1.0000 per_frame
1012.50 472.50 18.75 14.77 1.0000 per_frame
1005.00 472.50 26.25 18.98 1.0000 per_frame
1001.25 472.50 30.00 18.98 1.0000 per_frame
1005.00 474.61 18.75 14.77 1.0000 per_frame
1008.75 474.61 15.00 12.66 1.0000 per_frame
1001.25 474.61 22.50 14.77 1.0000 per_frame
993.75 472.50 33.75 18.98 1.0000 per_frame
993.75 472.50 33.75 21.09 1.0000 per_frame
990.00 472.50 37.50 18.98 1.0000 per_frame
990.00 474.61 26.25 14.77 1.0000 per_frame
990.00 474.61 26.25 14.77 1.0000 per_frame
-100 -100 -100 -100 0.0000 none
993.75 478.83 11.25 8.44 1.0000 per_frame
-100 -100 -100 -100 0.0000 none
-100 -100 -100 -100 0.0000 none
993.75 480.94 7.50 4.22 0.9412 per_frame
990.00 478.83 15.00 8.44 1.0000 per_frame
986.25 478.83 15.00 10.55 1.0000 per_frame
-100 -100 -100 -100 0.0000 none
-100 -100 -100 -100 0.0000 none
982.50 478.83 15.00 10.55 1.0000 per_frame
978.75 483.05 15.00 6.33 1.0000 per_frame
975.00 478.83 18.75 12.66 1.0000 per_frame
978.75 480.94 15.00 8.44 1.0000 per_frame
971.25 480.94 18.75 10.55 1.0000 per_frame
963.75 478.83 26.25 14.77 1.0000 per_frame
971.25 483.05 7.50 6.33 1.0000 per_frame
-100 -100 -100 -100 0.0000 none
-100 -100 -100 -100 0.0000 none
-100 -100 -100 -100 0.0000 none
-100 -100 -100 -100 0.0000 none
-100 -100 -100 -100 0.0000 none
963.75 485.16 7.50 6.33 1.0000 per_frame
960.00 485.16 11.25 6.33 1.0000 per_frame
956.25 483.05 11.25 10.55 1.0000 per_frame
956.25 485.16 7.50 6.33 1.0000 per_frame
952.50 485.16 15.00 8.44 1.0000 per_frame
948.75 483.05 22.50 12.66 1.0000 per_frame
945.00 483.05 22.50 14.77 1.0000 per_frame
945.00 483.05 22.50 12.66 1.0000 per_frame
941.25 485.16 22.50 10.55 1.0000 per_frame
933.75 483.05 30.00 14.77 1.0000 per_frame
930.00 483.05 37.50 16.88 1.0000 per_frame
926.25 485.16 30.00 12.66 1.0000 per_frame
926.25 485.16 33.75 16.88 1.0000 per_frame
918.75 485.16 41.25 18.98 1.0000 per_frame
915.00 487.27 45.00 18.98 1.0000 per_frame
922.50 487.27 33.75 18.98 1.0000 per_frame
922.50 489.38 30.00 16.88 1.0000 per_frame
918.75 489.38 37.50 21.09 1.0000 per_frame
918.75 491.48 37.50 21.09 1.0000 per_frame
918.75 495.70 30.00 14.77 1.0000 per_frame
915.00 497.81 26.25 12.66 1.0000 per_frame
915.00 497.81 30.00 16.88 1.0000 per_frame
907.50 499.92 41.25 18.98 1.0000 per_frame
907.50 502.03 41.25 16.88 1.0000 per_frame
907.50 504.14 33.75 16.88 1.0000 per_frame
907.50 504.14 30.00 16.88 1.0000 per_frame
-100 -100 -100 -100 0.0000 none
911.25 508.36 22.50 12.66 1.0000 per_frame
903.75 508.36 45.00 23.20 1.0000 per_frame
903.75 510.47 41.25 21.09 1.0000 per_frame
903.75 510.47 37.50 23.20 1.0000 per_frame
903.75 510.47 41.25 21.09 1.0000 per_frame
903.75 510.47 33.75 23.20 1.0000 per_frame
900.00 510.47 41.25 23.20 1.0000 per_frame
903.75 516.80 33.75 18.98 1.0000 per_frame
900.00 518.91 33.75 16.88 1.0000 per_frame
900.00 518.91 33.75 16.88 1.0000 per_frame
900.00 521.02 33.75 16.88 1.0000 per_frame
900.00 521.02 30.00 16.88 1.0000 per_frame
907.50 523.12 15.00 12.66 1.0000 per_frame
903.75 523.12 18.75 12.66 1.0000 per_frame
-100 -100 -100 -100 0.0000 none
-100 -100 -100 -100 0.0000 none
-100 -100 -100 -100 0.0000 none
-100 -100 -100 -100 0.0000 none
-100 -100 -100 -100 0.0000 none
-100 -100 -100 -100 0.0000 none
-100 -100 -100 -100 0.0000 none
-100 -100 -100 -100 0.0000 none
-100 -100 -100 -100 0.0000 none
-100 -100 -100 -100 0.0000 none
-100 -100 -100 -100 0.0000 none
-100 -100 -100 -100 0.0000 none
-100 -100 -100 -100 0.0000 none
-100 -100 -100 -100 0.0000 none
-100 -100 -100 -100 0.0000 none
-100 -100 -100 -100 0.0000 none
-100 -100 -100 -100 0.0000 none
-100 -100 -100 -100 0.0000 none
-100 -100 -100 -100 0.0000 none
-100 -100 -100 -100 0.0000 none
-100 -100 -100 -100 0.0000 none
-100 -100 -100 -100 0.0000 none
-100 -100 -100 -100 0.0000 none
-100 -100 -100 -100 0.0000 none
-100 -100 -100 -100 0.0000 none
-100 -100 -100 -100 0.0000 none
-100 -100 -100 -100 0.0000 none
-100 -100 -100 -100 0.0000 none
-100 -100 -100 -100 0.0000 none
-100 -100 -100 -100 0.0000 none
-100 -100 -100 -100 0.0000 none
-100 -100 -100 -100 0.0000 none
-100 -100 -100 -100 0.0000 none
-100 -100 -100 -100 0.0000 none
-100 -100 -100 -100 0.0000 none
-100 -100 -100 -100 0.0000 none
-100 -100 -100 -100 0.0000 none
-100 -100 -100 -100 0.0000 none
-100 -100 -100 -100 0.0000 none
-100 -100 -100 -100 0.0000 none
-100 -100 -100 -100 0.0000 none
-100 -100 -100 -100 0.0000 none
-100 -100 -100 -100 0.0000 none
-100 -100 -100 -100 0.0000 none
-100 -100 -100 -100 0.0000 none
-100 -100 -100 -100 0.0000 none
-100 -100 -100 -100 0.0000 none
-100 -100 -100 -100 0.0000 none
-100 -100 -100 -100 0.0000 none
-100 -100 -100 -100 0.0000 none
-100 -100 -100 -100 0.0000 none
-100 -100 -100 -100 0.0000 none
-100 -100 -100 -100 0.0000 none
-100 -100 -100 -100 0.0000 none
948.75 523.12 7.50 6.33 0.9922 per_frame
-100 -100 -100 -100 0.0000 none
-100 -100 -100 -100 0.0000 none
-100 -100 -100 -100 0.0000 none
945.00 521.02 18.75 10.55 1.0000 per_frame
948.75 521.02 11.25 6.33 0.9922 per_frame
941.25 516.80 26.25 14.77 1.0000 per_frame
945.00 518.91 15.00 10.55 1.0000 per_frame
941.25 516.80 30.00 14.77 1.0000 per_frame
945.00 516.80 22.50 12.66 1.0000 per_frame
945.00 514.69 26.25 14.77 1.0000 per_frame
952.50 516.80 15.00 10.55 1.0000 per_frame
956.25 516.80 7.50 2.11 0.6863 per_frame
956.25 516.80 7.50 2.11 0.8667 per_frame
956.25 514.69 15.00 8.44 1.0000 per_frame
952.50 512.58 18.75 12.66 1.0000 per_frame
952.50 512.58 22.50 14.77 1.0000 per_frame
952.50 512.58 22.50 14.77 1.0000 per_frame
956.25 514.69 15.00 12.66 1.0000 per_frame
952.50 514.69 18.75 10.55 1.0000 per_frame
948.75 512.58 26.25 14.77 1.0000 per_frame
956.25 514.69 15.00 10.55 1.0000 per_frame
956.25 516.80 11.25 6.33 1.0000 per_frame
-100 -100 -100 -100 0.0000 none
-100 -100 -100 -100 0.0000 none
-100 -100 -100 -100 0.0000 none
-100 -100 -100 -100 0.0000 none
-100 -100 -100 -100 0.0000 none
-100 -100 -100 -100 0.0000 none
948.75 504.14 26.25 14.77 1.0000 per_frame
952.50 502.03 18.75 14.77 1.0000 per_frame
-100 -100 -100 -100 0.0000 none
-100 -100 -100 -100 0.0000 none
-100 -100 -100 -100 0.0000 none
948.75 491.48 30.00 16.88 1.0000 per_frame
960.00 495.70 7.50 6.33 0.9882 per_frame
960.00 493.59 7.50 4.22 1.0000 per_frame
-100 -100 -100 -100 0.0000 none
956.25 485.16 22.50 10.55 1.0000 per_frame
960.00 483.05 15.00 10.55 1.0000 per_frame
956.25 480.94 15.00 10.55 1.0000 per_frame
963.75 480.94 7.50 6.33 0.9412 per_frame
960.00 476.72 15.00 8.44 1.0000 per_frame
960.00 472.50 18.75 12.66 1.0000 per_frame
956.25 468.28 26.25 14.77 1.0000 per_frame
-100 -100 -100 -100 0.0000 none
-100 -100 -100 -100 0.0000 none
-100 -100 -100 -100 0.0000 none
-100 -100 -100 -100 0.0000 none
-100 -100 -100 -100 0.0000 none
-100 -100 -100 -100 0.0000 none
-100 -100 -100 -100 0.0000 none
-100 -100 -100 -100 0.0000 none
-100 -100 -100 -100 0.0000 none
-100 -100 -100 -100 0.0000 none
-100 -100 -100 -100 0.0000 none
-100 -100 -100 -100 0.0000 none
-100 -100 -100 -100 0.0000 none
-100 -100 -100 -100 0.0000 none
-100 -100 -100 -100 0.0000 none
-100 -100 -100 -100 0.0000 none
-100 -100 -100 -100 0.0000 none
-100 -100 -100 -100 0.0000 none
-100 -100 -100 -100 0.0000 none
-100 -100 -100 -100 0.0000 none
-100 -100 -100 -100 0.0000 none
-100 -100 -100 -100 0.0000 none
-100 -100 -100 -100 0.0000 none
-100 -100 -100 -100 0.0000 none
-100 -100 -100 -100 0.0000 none
-100 -100 -100 -100 0.0000 none
-100 -100 -100 -100 0.0000 none
-100 -100 -100 -100 0.0000 none
-100 -100 -100 -100 0.0000 none
-100 -100 -100 -100 0.0000 none
-100 -100 -100 -100 0.0000 none
-100 -100 -100 -100 0.0000 none
-100 -100 -100 -100 0.0000 none
-100 -100 -100 -100 0.0000 none
-100 -100 -100 -100 0.0000 none
-100 -100 -100 -100 0.0000 none
-100 -100 -100 -100 0.0000 none
-100 -100 -100 -100 0.0000 none
-100 -100 -100 -100 0.0000 none
-100 -100 -100 -100 0.0000 none
-100 -100 -100 -100 0.0000 none
-100 -100 -100 -100 0.0000 none
-100 -100 -100 -100 0.0000 none
-100 -100 -100 -100 0.0000 none
-100 -100 -100 -100 0.0000 none
-100 -100 -100 -100 0.0000 none
-100 -100 -100 -100 0.0000 none
-100 -100 -100 -100 0.0000 none
-100 -100 -100 -100 0.0000 none
-100 -100 -100 -100 0.0000 none
-100 -100 -100 -100 0.0000 none
-100 -100 -100 -100 0.0000 none
-100 -100 -100 -100 0.0000 none
-100 -100 -100 -100 0.0000 none
-100 -100 -100 -100 0.0000 none
-100 -100 -100 -100 0.0000 none
-100 -100 -100 -100 0.0000 none
-100 -100 -100 -100 0.0000 none
-100 -100 -100 -100 0.0000 none
-100 -100 -100 -100 0.0000 none
-100 -100 -100 -100 0.0000 none
-100 -100 -100 -100 0.0000 none
-100 -100 -100 -100 0.0000 none
-100 -100 -100 -100 0.0000 none
-100 -100 -100 -100 0.0000 none
-100 -100 -100 -100 0.0000 none
-100 -100 -100 -100 0.0000 none
-100 -100 -100 -100 0.0000 none
-100 -100 -100 -100 0.0000 none
-100 -100 -100 -100 0.0000 none
-100 -100 -100 -100 0.0000 none
-100 -100 -100 -100 0.0000 none
-100 -100 -100 -100 0.0000 none
-100 -100 -100 -100 0.0000 none
-100 -100 -100 -100 0.0000 none
-100 -100 -100 -100 0.0000 none
-100 -100 -100 -100 0.0000 none
-100 -100 -100 -100 0.0000 none
-100 -100 -100 -100 0.0000 none
-100 -100 -100 -100 0.0000 none
-100 -100 -100 -100 0.0000 none
-100 -100 -100 -100 0.0000 none
-100 -100 -100 -100 0.0000 none
993.75 419.77 30.00 14.77 1.0000 per_frame
993.75 417.66 33.75 18.98 1.0000 per_frame
990.00 417.66 45.00 21.09 1.0000 per_frame
993.75 415.55 41.25 25.31 1.0000 per_frame
990.00 415.55 48.75 27.42 1.0000 per_frame
990.00 415.55 52.50 25.31 1.0000 per_frame
1005.00 417.66 33.75 21.09 1.0000 per_frame
1001.25 415.55 41.25 23.20 1.0000 per_frame
1012.50 415.55 30.00 23.20 1.0000 per_frame
1020.00 417.66 26.25 18.98 1.0000 per_frame
1012.50 415.55 33.75 21.09 1.0000 per_frame
1031.25 430.31 7.50 4.22 0.9647 per_frame
-100 -100 -100 -100 0.0000 none
-100 -100 -100 -100 0.0000 none
1046.25 419.77 7.50 2.11 0.6000 per_frame
-100 -100 -100 -100 0.0000 none
1050.00 415.55 7.50 8.44 0.9961 per_frame
1023.75 413.44 45.00 23.20 1.0000 per_frame
1031.25 413.44 37.50 21.09 1.0000 per_frame
1042.50 413.44 26.25 18.98 1.0000 per_frame
1031.25 413.44 45.00 21.09 1.0000 per_frame
1031.25 413.44 48.75 21.09 1.0000 per_frame
1031.25 413.44 52.50 23.20 1.0000 per_frame
1035.00 413.44 52.50 23.20 1.0000 per_frame
1038.75 411.33 48.75 23.20 1.0000 per_frame
1038.75 411.33 56.25 23.20 1.0000 per_frame
1038.75 411.33 52.50 23.20 1.0000 per_frame
1038.75 411.33 56.25 23.20 1.0000 per_frame
1042.50 411.33 60.00 25.31 1.0000 per_frame
1042.50 411.33 67.50 25.31 1.0000 per_frame
1046.25 411.33 67.50 25.31 1.0000 per_frame
1046.25 411.33 67.50 27.42 1.0000 per_frame
1046.25 411.33 63.75 27.42 1.0000 per_frame
1046.25 413.44 63.75 23.20 1.0000 per_frame
1050.00 413.44 60.00 25.31 1.0000 per_frame
1050.00 413.44 60.00 25.31 1.0000 per_frame
1053.75 413.44 56.25 25.31 1.0000 per_frame
1053.75 413.44 48.75 25.31 1.0000 per_frame
1053.75 413.44 52.50 25.31 1.0000 per_frame
1057.50 413.44 52.50 25.31 1.0000 per_frame
1057.50 415.55 52.50 23.20 1.0000 per_frame
1061.25 413.44 48.75 25.31 1.0000 per_frame
1061.25 413.44 52.50 27.42 1.0000 per_frame
1061.25 413.44 52.50 25.31 1.0000 per_frame
1065.00 413.44 56.25 25.31 1.0000 per_frame
1068.75 415.55 48.75 23.20 1.0000 per_frame
1068.75 415.55 56.25 21.09 1.0000 per_frame
1072.50 415.55 48.75 21.09 1.0000 per_frame
1072.50 415.55 60.00 23.20 1.0000 per_frame
1072.50 413.44 67.50 25.31 1.0000 per_frame
1072.50 413.44 60.00 25.31 1.0000 per_frame
1072.50 413.44 67.50 25.31 1.0000 per_frame
1076.25 413.44 63.75 27.42 1.0000 per_frame
1076.25 413.44 63.75 25.31 1.0000 per_frame
1076.25 413.44 63.75 25.31 1.0000 per_frame
1076.25 413.44 56.25 23.20 1.0000 per_frame
1080.00 413.44 60.00 23.20 1.0000 per_frame
1080.00 413.44 60.00 23.20 1.0000 per_frame
1083.75 413.44 60.00 25.31 1.0000 per_frame
1083.75 413.44 56.25 23.20 1.0000 per_frame
1083.75 413.44 60.00 25.31 1.0000 per_frame
1083.75 413.44 60.00 23.20 1.0000 per_frame
1087.50 411.33 56.25 25.31 1.0000 per_frame
1087.50 411.33 56.25 25.31 1.0000 per_frame
1091.25 411.33 60.00 25.31 1.0000 per_frame
1091.25 411.33 52.50 23.20 1.0000 per_frame
1091.25 411.33 60.00 23.20 1.0000 per_frame
1091.25 409.22 60.00 25.31 1.0000 per_frame
1095.00 409.22 56.25 23.20 1.0000 per_frame
1095.00 407.11 56.25 25.31 1.0000 per_frame
1095.00 407.11 67.50 25.31 1.0000 per_frame
1098.75 407.11 63.75 23.20 1.0000 per_frame
1098.75 407.11 67.50 25.31 1.0000 per_frame
1098.75 405.00 67.50 25.31 1.0000 per_frame
1102.50 405.00 63.75 25.31 1.0000 per_frame
1102.50 405.00 63.75 25.31 1.0000 per_frame
1102.50 402.89 67.50 25.31 1.0000 per_frame
1106.25 402.89 63.75 23.20 1.0000 per_frame
1106.25 400.78 63.75 23.20 1.0000 per_frame
1106.25 398.67 71.25 25.31 1.0000 per_frame
