1090.00 395.16 37.50 18.28 1.0000 per_frame
377.50 178.59 87.50 43.59 1.0000 per_frame
425.00 205.31 20.00 12.66 1.0000 per_frame
1090.00 406.41 37.50 19.69 1.0000 per_frame
665.00 340.31 32.50 19.69 1.0000 per_frame
1087.50 414.84 40.00 19.69 1.0000 per_frame
665.00 348.75 35.00 19.69 1.0000 per_frame
1092.50 423.28 35.00 21.09 1.0000 per_frame
667.50 357.19 30.00 15.47 1.0000 per_frame
667.50 360.00 32.50 15.47 1.0000 per_frame
1092.50 435.94 32.50 19.69 1.0000 per_frame
665.00 368.44 32.50 21.09 1.0000 per_frame
402.50 219.38 65.00 42.19 1.0000 per_frame
667.50 376.88 32.50 15.47 1.0000 per_frame
665.00 381.09 32.50 21.09 1.0000 per_frame
665.00 385.31 32.50 18.28 1.0000 per_frame
1087.50 459.84 40.00 16.88 1.0000 per_frame
662.50 392.34 35.00 21.09 1.0000 per_frame
420.00 253.12 30.00 35.16 1.0000 per_frame
1087.50 471.09 40.00 21.09 1.0000 per_frame
372.50 261.56 85.00 40.78 1.0000 per_frame
417.50 285.47 30.00 9.84 1.0000 per_frame
662.50 413.44 35.00 19.69 1.0000 per_frame
400.00 271.41 62.50 35.16 1.0000 per_frame
400.00 292.50 47.50 16.88 1.0000 per_frame
662.50 426.09 35.00 23.91 1.0000 per_frame
392.50 279.84 85.00 46.41 1.0000 per_frame
607.50 102.66 42.50 18.28 1.0000 per_frame
605.00 102.66 45.00 18.28 1.0000 per_frame
602.50 102.66 47.50 19.69 1.0000 per_frame
602.50 102.66 47.50 18.28 1.0000 per_frame
405.00 309.38 47.50 32.34 1.0000 per_frame
602.50 101.25 47.50 30.94 1.0000 per_frame
402.50 316.41 52.50 30.94 1.0000 per_frame
602.50 99.84 47.50 30.94 1.0000 per_frame
602.50 99.84 47.50 30.94 1.0000 per_frame
602.50 98.44 47.50 30.94 1.0000 per_frame
602.50 98.44 47.50 30.94 1.0000 per_frame
602.50 97.03 47.50 30.94 1.0000 per_frame
602.50 97.03 47.50 30.94 1.0000 per_frame
602.50 97.03 47.50 29.53 1.0000 per_frame
602.50 95.62 47.50 30.94 1.0000 per_frame
602.50 94.22 47.50 30.94 1.0000 per_frame
602.50 94.22 50.00 30.94 1.0000 per_frame
602.50 92.81 50.00 30.94 1.0000 per_frame
602.50 91.41 50.00 32.34 1.0000 per_frame
602.50 91.41 50.00 32.34 1.0000 per_frame
602.50 90.00 50.00 32.34 1.0000 per_frame
602.50 88.59 50.00 32.34 1.0000 per_frame
602.50 87.19 47.50 33.75 1.0000 per_frame
602.50 87.19 47.50 33.75 1.0000 per_frame
602.50 85.78 50.00 33.75 1.0000 per_frame
602.50 85.78 47.50 32.34 1.0000 per_frame
602.50 85.78 47.50 32.34 1.0000 per_frame
602.50 84.38 47.50 33.75 1.0000 per_frame
602.50 84.38 47.50 33.75 1.0000 per_frame
602.50 84.38 47.50 33.75 1.0000 per_frame
602.50 82.97 47.50 35.16 1.0000 per_frame
602.50 82.97 47.50 35.16 1.0000 per_frame
602.50 82.97 47.50 33.75 1.0000 per_frame
602.50 82.97 47.50 33.75 1.0000 per_frame
602.50 82.97 50.00 33.75 1.0000 per_frame
602.50 82.97 50.00 33.75 1.0000 per_frame
602.50 82.97 50.00 33.75 1.0000 per_frame
602.50 82.97 50.00 33.75 1.0000 per_frame
602.50 82.97 50.00 35.16 1.0000 per_frame
602.50 82.97 50.00 35.16 1.0000 per_frame
602.50 82.97 50.00 35.16 1.0000 per_frame
602.50 82.97 50.00 35.16 1.0000 per_frame
602.50 82.97 50.00 35.16 1.0000 per_frame
602.50 82.97 47.50 35.16 1.0000 per_frame
602.50 82.97 47.50 35.16 1.0000 per_frame
602.50 82.97 47.50 36.56 1.0000 per_frame
602.50 82.97 47.50 36.56 1.0000 per_frame
602.50 82.97 47.50 36.56 1.0000 per_frame
602.50 82.97 47.50 36.56 1.0000 per_frame
602.50 82.97 47.50 36.56 1.0000 per_frame
602.50 82.97 47.50 36.56 1.0000 per_frame
602.50 81.56 47.50 37.97 1.0000 per_frame
602.50 81.56 47.50 37.97 1.0000 per_frame
600.00 81.56 50.00 37.97 1.0000 per_frame
600.00 81.56 50.00 37.97 1.0000 per_frame
600.00 81.56 50.00 37.97 1.0000 per_frame
600.00 81.56 50.00 37.97 1.0000 per_frame
600.00 80.16 50.00 39.38 1.0000 per_frame
600.00 80.16 50.00 39.38 1.0000 per_frame
600.00 80.16 50.00 39.38 1.0000 per_frame
600.00 80.16 50.00 39.38 1.0000 per_frame
600.00 78.75 50.00 40.78 1.0000 per_frame
600.00 75.94 50.00 39.38 1.0000 per_frame
600.00 73.12 50.00 39.38 1.0000 per_frame
600.00 68.91 50.00 39.38 1.0000 per_frame
600.00 64.69 50.00 40.78 1.0000 per_frame
600.00 60.47 50.00 40.78 1.0000 per_frame
600.00 57.66 50.00 40.78 1.0000 per_frame
600.00 54.84 50.00 40.78 1.0000 per_frame
597.50 50.62 52.50 40.78 1.0000 per_frame
597.50 47.81 52.50 40.78 1.0000 per_frame
597.50 45.00 52.50 40.78 1.0000 per_frame
597.50 40.78 52.50 42.19 1.0000 per_frame
597.50 37.97 52.50 40.78 1.0000 per_frame
597.50 36.56 52.50 33.75 1.0000 per_frame
597.50 32.34 52.50 40.78 1.0000 per_frame
597.50 29.53 52.50 42.19 1.0000 per_frame
597.50 26.72 52.50 40.78 1.0000 per_frame
597.50 23.91 52.50 23.91 1.0000 per_frame
597.50 21.09 52.50 42.19 1.0000 per_frame
597.50 18.28 52.50 42.19 1.0000 per_frame
617.50 15.47 32.50 19.69 1.0000 per_frame
597.50 14.06 52.50 42.19 1.0000 per_frame
597.50 11.25 52.50 25.31 1.0000 per_frame
597.50 5.62 52.50 26.72 1.0000 per_frame
597.50 4.22 52.50 46.41 1.0000 per_frame
612.50 2.81 37.50 26.72 1.0000 per_frame
1155.00 212.34 52.50 16.88 1.0000 per_frame
605.00 1.41 45.00 30.94 1.0000 per_frame
622.50 1.41 27.50 22.50 1.0000 per_frame
597.50 1.41 52.50 33.75 1.0000 per_frame
597.50 1.41 52.50 40.78 1.0000 per_frame
597.50 0.00 52.50 40.78 1.0000 per_frame
597.50 1.41 52.50 39.38 1.0000 per_frame
597.50 1.41 52.50 37.97 1.0000 per_frame
597.50 0.00 52.50 39.38 1.0000 per_frame
600.00 0.00 50.00 37.97 1.0000 per_frame
600.00 0.00 50.00 37.97 1.0000 per_frame
602.50 0.00 47.50 39.38 1.0000 per_frame
600.00 0.00 50.00 39.38 1.0000 per_frame
600.00 0.00 50.00 39.38 1.0000 per_frame
600.00 0.00 50.00 39.38 1.0000 per_frame
600.00 0.00 50.00 39.38 1.0000 per_frame
1155.00 237.66 115.00 29.53 1.0000 per_frame
597.50 0.00 50.00 39.38 1.0000 per_frame
597.50 0.00 50.00 39.38 1.0000 per_frame
597.50 0.00 50.00 39.38 1.0000 per_frame
595.00 0.00 52.50 39.38 1.0000 per_frame
597.50 0.00 50.00 39.38 1.0000 per_frame
592.50 0.00 55.00 39.38 1.0000 per_frame
1155.00 253.12 85.00 40.78 1.0000 per_frame
595.00 1.41 50.00 36.56 1.0000 per_frame
595.00 1.41 50.00 36.56 1.0000 per_frame
592.50 1.41 52.50 36.56 1.0000 per_frame
595.00 1.41 50.00 35.16 1.0000 per_frame
1155.00 270.00 77.50 26.72 1.0000 per_frame
592.50 1.41 52.50 33.75 1.0000 per_frame
595.00 1.41 50.00 32.34 1.0000 per_frame
592.50 1.41 52.50 33.75 1.0000 per_frame
387.50 592.03 55.00 28.12 1.0000 per_frame
377.50 585.00 65.00 39.38 1.0000 per_frame
595.00 0.00 47.50 33.75 1.0000 per_frame
600.00 0.00 42.50 33.75 1.0000 per_frame
595.00 0.00 47.50 32.34 1.0000 per_frame
595.00 0.00 47.50 33.75 1.0000 per_frame
597.50 0.00 45.00 15.47 1.0000 per_frame
350.00 618.75 32.50 26.72 1.0000 per_frame
595.00 0.00 50.00 18.28 1.0000 per_frame
595.00 1.41 50.00 12.66 1.0000 per_frame
592.50 1.41 52.50 33.75 1.0000 per_frame
592.50 1.41 52.50 32.34 1.0000 per_frame
592.50 0.00 52.50 39.38 1.0000 per_frame
595.00 0.00 50.00 40.78 1.0000 per_frame
595.00 1.41 50.00 40.78 1.0000 per_frame
597.50 1.41 47.50 42.19 1.0000 per_frame
402.50 608.91 40.00 28.12 1.0000 per_frame
352.50 608.91 90.00 47.81 1.0000 per_frame
357.50 603.28 82.50 52.03 1.0000 per_frame
377.50 620.16 60.00 30.94 1.0000 per_frame
592.50 4.22 55.00 26.72 1.0000 per_frame
592.50 7.03 57.50 28.12 1.0000 per_frame
592.50 11.25 57.50 50.62 1.0000 per_frame
592.50 14.06 57.50 47.81 1.0000 per_frame
595.00 16.88 55.00 50.62 1.0000 per_frame
595.00 21.09 55.00 26.72 1.0000 per_frame
595.00 23.91 57.50 47.81 1.0000 per_frame
597.50 29.53 55.00 25.31 1.0000 per_frame
597.50 32.34 55.00 37.97 1.0000 per_frame
600.00 37.97 55.00 47.81 1.0000 per_frame
600.00 40.78 55.00 47.81 1.0000 per_frame
600.00 45.00 57.50 26.72 1.0000 per_frame
602.50 49.22 55.00 46.41 1.0000 per_frame
602.50 53.44 52.50 46.41 1.0000 per_frame
605.00 57.66 52.50 46.41 1.0000 per_frame
607.50 61.88 52.50 46.41 1.0000 per_frame
607.50 66.09 52.50 45.00 1.0000 per_frame
607.50 71.72 55.00 43.59 1.0000 per_frame
610.00 74.53 52.50 45.00 1.0000 per_frame
610.00 77.34 52.50 45.00 1.0000 per_frame
612.50 82.97 50.00 43.59 1.0000 per_frame
612.50 87.19 52.50 43.59 1.0000 per_frame
615.00 90.00 52.50 43.59 1.0000 per_frame
615.00 94.22 52.50 43.59 1.0000 per_frame
617.50 98.44 50.00 42.19 1.0000 per_frame
617.50 101.25 52.50 42.19 1.0000 per_frame
617.50 105.47 55.00 42.19 1.0000 per_frame
620.00 108.28 52.50 42.19 1.0000 per_frame
620.00 112.50 52.50 40.78 1.0000 per_frame
622.50 115.31 52.50 40.78 1.0000 per_frame
622.50 118.12 52.50 42.19 1.0000 per_frame
622.50 122.34 50.00 40.78 1.0000 per_frame
625.00 126.56 50.00 39.38 1.0000 per_frame
625.00 129.38 50.00 40.78 1.0000 per_frame
627.50 133.59 50.00 39.38 1.0000 per_frame
627.50 136.41 50.00 39.38 1.0000 per_frame
630.00 140.62 50.00 37.97 1.0000 per_frame
630.00 143.44 50.00 39.38 1.0000 per_frame
632.50 146.25 50.00 37.97 1.0000 per_frame
632.50 149.06 50.00 37.97 1.0000 per_frame
635.00 153.28 47.50 37.97 1.0000 per_frame
635.00 156.09 50.00 37.97 1.0000 per_frame
637.50 158.91 47.50 37.97 1.0000 per_frame
637.50 161.72 50.00 37.97 1.0000 per_frame
637.50 164.53 50.00 36.56 1.0000 per_frame
640.00 167.34 47.50 36.56 1.0000 per_frame
640.00 170.16 50.00 35.16 1.0000 per_frame
642.50 172.97 50.00 35.16 1.0000 per_frame
642.50 175.78 50.00 35.16 1.0000 per_frame
645.00 177.19 47.50 36.56 1.0000 per_frame
647.50 178.59 47.50 36.56 1.0000 per_frame
647.50 181.41 47.50 36.56 1.0000 per_frame
647.50 184.22 50.00 35.16 1.0000 per_frame
650.00 187.03 50.00 35.16 1.0000 per_frame
652.50 188.44 50.00 35.16 1.0000 per_frame
652.50 191.25 50.00 35.16 1.0000 per_frame
655.00 192.66 47.50 35.16 1.0000 per_frame
655.00 195.47 52.50 35.16 1.0000 per_frame
657.50 196.88 47.50 35.16 1.0000 per_frame
657.50 198.28 50.00 35.16 1.0000 per_frame
660.00 201.09 50.00 35.16 1.0000 per_frame
662.50 202.50 50.00 35.16 1.0000 per_frame
662.50 205.31 50.00 33.75 1.0000 per_frame
665.00 206.72 47.50 33.75 1.0000 per_frame
665.00 208.12 50.00 33.75 1.0000 per_frame
667.50 209.53 50.00 33.75 1.0000 per_frame
670.00 210.94 50.00 33.75 1.0000 per_frame
670.00 212.34 52.50 33.75 1.0000 per_frame
672.50 213.75 50.00 33.75 1.0000 per_frame
675.00 216.56 47.50 33.75 1.0000 per_frame
677.50 217.97 47.50 32.34 1.0000 per_frame
677.50 219.38 50.00 33.75 1.0000 per_frame
680.00 220.78 50.00 32.34 1.0000 per_frame
682.50 222.19 50.00 32.34 1.0000 per_frame
685.00 223.59 50.00 32.34 1.0000 per_frame
687.50 223.59 50.00 33.75 1.0000 per_frame
687.50 225.00 52.50 33.75 1.0000 per_frame
690.00 226.41 52.50 32.34 1.0000 per_frame
692.50 226.41 50.00 33.75 1.0000 per_frame
695.00 229.22 52.50 32.34 1.0000 per_frame
697.50 229.22 50.00 32.34 1.0000 per_frame
700.00 230.62 50.00 32.34 1.0000 per_frame
702.50 230.62 50.00 33.75 1.0000 per_frame
705.00 232.03 50.00 32.34 1.0000 per_frame
707.50 233.44 50.00 32.34 1.0000 per_frame
710.00 233.44 50.00 33.75 1.0000 per_frame
712.50 234.84 52.50 32.34 1.0000 per_frame
715.00 234.84 50.00 33.75 1.0000 per_frame
715.00 234.84 52.50 35.16 1.0000 per_frame
720.00 236.25 52.50 33.75 1.0000 per_frame
722.50 237.66 52.50 32.34 1.0000 per_frame
725.00 239.06 52.50 32.34 1.0000 per_frame
727.50 239.06 52.50 33.75 1.0000 per_frame
730.00 240.47 52.50 32.34 1.0000 per_frame
735.00 240.47 50.00 32.34 1.0000 per_frame
735.00 241.88 52.50 32.34 1.0000 per_frame
740.00 241.88 52.50 33.75 1.0000 per_frame
742.50 243.28 50.00 32.34 1.0000 per_frame
745.00 244.69 52.50 30.94 1.0000 per_frame
747.50 244.69 55.00 32.34 1.0000 per_frame
750.00 244.69 55.00 33.75 1.0000 per_frame
752.50 246.09 52.50 32.34 1.0000 per_frame
755.00 246.09 52.50 32.34 1.0000 per_frame
757.50 246.09 52.50 33.75 1.0000 per_frame
757.50 247.50 52.50 32.34 1.0000 per_frame
760.00 247.50 55.00 32.34 1.0000 per_frame
762.50 247.50 55.00 33.75 1.0000 per_frame
765.00 247.50 52.50 33.75 1.0000 per_frame
765.00 248.91 55.00 32.34 1.0000 per_frame
767.50 248.91 52.50 32.34 1.0000 per_frame
767.50 248.91 52.50 32.34 1.0000 per_frame
770.00 248.91 55.00 33.75 1.0000 per_frame
770.00 250.31 55.00 32.34 1.0000 per_frame
772.50 248.91 52.50 33.75 1.0000 per_frame
772.50 248.91 55.00 33.75 1.0000 per_frame
775.00 250.31 55.00 32.34 1.0000 per_frame
775.00 248.91 55.00 33.75 1.0000 per_frame
777.50 248.91 55.00 33.75 1.0000 per_frame
780.00 248.91 52.50 33.75 1.0000 per_frame
777.50 250.31 57.50 32.34 1.0000 per_frame
780.00 248.91 55.00 32.34 1.0000 per_frame
782.50 247.50 55.00 33.75 1.0000 per_frame
782.50 246.09 55.00 35.16 1.0000 per_frame
782.50 246.09 55.00 35.16 1.0000 per_frame
782.50 246.09 55.00 35.16 1.0000 per_frame
782.50 246.09 55.00 33.75 1.0000 per_frame
785.00 244.69 52.50 33.75 1.0000 per_frame
782.50 244.69 55.00 33.75 1.0000 per_frame
780.00 243.28 55.00 33.75 1.0000 per_frame
777.50 241.88 55.00 33.75 1.0000 per_frame
777.50 240.47 55.00 33.75 1.0000 per_frame
777.50 239.06 55.00 33.75 1.0000 per_frame
772.50 239.06 57.50 32.34 1.0000 per_frame
772.50 236.25 55.00 35.16 1.0000 per_frame
772.50 233.44 55.00 35.16 1.0000 per_frame
770.00 233.44 57.50 33.75 1.0000 per_frame
770.00 230.62 57.50 35.16 1.0000 per_frame
770.00 229.22 55.00 33.75 1.0000 per_frame
767.50 227.81 57.50 35.16 1.0000 per_frame
767.50 226.41 57.50 33.75 1.0000 per_frame
767.50 223.59 57.50 35.16 1.0000 per_frame
767.50 222.19 57.50 35.16 1.0000 per_frame
765.00 220.78 55.00 35.16 1.0000 per_frame
762.50 219.38 57.50 35.16 1.0000 per_frame
765.00 217.97 55.00 33.75 1.0000 per_frame
765.00 215.16 57.50 35.16 1.0000 per_frame
765.00 213.75 55.00 35.16 1.0000 per_frame
762.50 210.94 55.00 35.16 1.0000 per_frame
760.00 209.53 57.50 35.16 1.0000 per_frame
762.50 208.12 55.00 35.16 1.0000 per_frame
762.50 205.31 57.50 36.56 1.0000 per_frame
762.50 203.91 60.00 36.56 1.0000 per_frame
762.50 202.50 55.00 36.56 1.0000 per_frame
760.00 199.69 60.00 36.56 1.0000 per_frame
765.00 198.28 55.00 36.56 1.0000 per_frame
767.50 196.88 55.00 36.56 1.0000 per_frame
765.00 196.88 57.50 36.56 1.0000 per_frame
762.50 195.47 57.50 36.56 1.0000 per_frame
760.00 194.06 57.50 36.56 1.0000 per_frame
762.50 192.66 57.50 36.56 1.0000 per_frame
765.00 189.84 60.00 37.97 1.0000 per_frame
765.00 189.84 60.00 36.56 1.0000 per_frame
762.50 188.44 60.00 37.97 1.0000 per_frame
762.50 188.44 57.50 36.56 1.0000 per_frame
767.50 187.03 57.50 36.56 1.0000 per_frame
767.50 185.62 60.00 37.97 1.0000 per_frame
767.50 185.62 57.50 36.56 1.0000 per_frame
767.50 185.62 57.50 36.56 1.0000 per_frame
765.00 184.22 57.50 37.97 1.0000 per_frame
770.00 182.81 57.50 37.97 1.0000 per_frame
772.50 182.81 60.00 37.97 1.0000 per_frame
772.50 182.81 57.50 39.38 1.0000 per_frame
767.50 184.22 60.00 37.97 1.0000 per_frame
770.00 184.22 55.00 37.97 1.0000 per_frame
772.50 184.22 57.50 37.97 1.0000 per_frame
775.00 184.22 57.50 37.97 1.0000 per_frame
777.50 184.22 55.00 37.97 1.0000 per_frame
775.00 185.62 55.00 37.97 1.0000 per_frame
775.00 187.03 57.50 37.97 1.0000 per_frame
777.50 187.03 57.50 37.97 1.0000 per_frame
782.50 187.03 55.00 39.38 1.0000 per_frame
785.00 188.44 55.00 39.38 1.0000 per_frame
785.00 189.84 55.00 37.97 1.0000 per_frame
785.00 189.84 55.00 39.38 1.0000 per_frame
787.50 191.25 57.50 37.97 1.0000 per_frame
792.50 191.25 55.00 37.97 1.0000 per_frame
792.50 192.66 57.50 37.97 1.0000 per_frame
792.50 192.66 57.50 39.38 1.0000 per_frame
795.00 194.06 52.50 39.38 1.0000 per_frame
792.50 194.06 60.00 39.38 1.0000 per_frame
797.50 194.06 52.50 39.38 1.0000 per_frame
797.50 194.06 57.50 39.38 1.0000 per_frame
795.00 195.47 55.00 37.97 1.0000 per_frame
797.50 195.47 55.00 39.38 1.0000 per_frame
797.50 196.88 52.50 37.97 1.0000 per_frame
797.50 195.47 55.00 39.38 1.0000 per_frame
795.00 196.88 52.50 37.97 1.0000 per_frame
792.50 196.88 57.50 37.97 1.0000 per_frame
787.50 196.88 52.50 37.97 1.0000 per_frame
787.50 196.88 52.50 37.97 1.0000 per_frame
785.00 196.88 50.00 37.97 1.0000 per_frame
780.00 196.88 50.00 37.97 1.0000 per_frame
777.50 196.88 47.50 37.97 1.0000 per_frame
770.00 196.88 50.00 37.97 1.0000 per_frame
767.50 196.88 50.00 37.97 1.0000 per_frame
762.50 196.88 50.00 37.97 1.0000 per_frame
757.50 195.47 47.50 39.38 1.0000 per_frame
752.50 195.47 50.00 37.97 1.0000 per_frame
747.50 195.47 47.50 37.97 1.0000 per_frame
742.50 194.06 47.50 39.38 1.0000 per_frame
737.50 194.06 47.50 39.38 1.0000 per_frame
735.00 194.06 47.50 37.97 1.0000 per_frame
732.50 194.06 47.50 37.97 1.0000 per_frame
730.00 194.06 45.00 37.97 1.0000 per_frame
725.00 194.06 47.50 37.97 1.0000 per_frame
727.50 194.06 45.00 37.97 1.0000 per_frame
727.50 194.06 47.50 37.97 1.0000 per_frame
730.00 195.47 45.00 37.97 1.0000 per_frame
727.50 196.88 47.50 36.56 1.0000 per_frame
730.00 196.88 47.50 37.97 1.0000 per_frame
732.50 199.69 47.50 35.16 1.0000 per_frame
735.00 199.69 47.50 36.56 1.0000 per_frame
740.00 201.09 45.00 36.56 1.0000 per_frame
742.50 202.50 45.00 36.56 1.0000 per_frame
747.50 203.91 45.00 35.16 1.0000 per_frame
750.00 205.31 45.00 36.56 1.0000 per_frame
755.00 206.72 45.00 35.16 1.0000 per_frame
760.00 209.53 45.00 35.16 1.0000 per_frame
765.00 210.94 42.50 33.75 1.0000 per_frame
767.50 212.34 42.50 33.75 1.0000 per_frame
770.00 213.75 45.00 35.16 1.0000 per_frame
775.00 216.56 45.00 33.75 1.0000 per_frame
780.00 217.97 42.50 33.75 1.0000 per_frame
785.00 220.78 42.50 33.75 1.0000 per_frame
787.50 223.59 42.50 32.34 1.0000 per_frame
792.50 223.59 42.50 35.16 1.0000 per_frame
795.00 226.41 45.00 33.75 1.0000 per_frame
800.00 229.22 45.00 32.34 1.0000 per_frame
805.00 232.03 42.50 32.34 1.0000 per_frame
807.50 233.44 42.50 33.75 1.0000 per_frame
810.00 236.25 42.50 32.34 1.0000 per_frame
815.00 237.66 42.50 30.94 1.0000 per_frame
820.00 240.47 42.50 30.94 1.0000 per_frame
822.50 241.88 42.50 30.94 1.0000 per_frame
825.00 244.69 40.00 30.94 1.0000 per_frame
827.50 246.09 42.50 30.94 1.0000 per_frame
832.50 247.50 42.50 30.94 1.0000 per_frame
835.00 247.50 42.50 32.34 1.0000 per_frame
840.00 250.31 40.00 30.94 1.0000 per_frame
840.00 253.12 40.00 29.53 1.0000 per_frame
842.50 254.53 40.00 29.53 1.0000 per_frame
847.50 255.94 40.00 28.12 1.0000 per_frame
847.50 257.34 42.50 28.12 1.0000 per_frame
850.00 257.34 42.50 29.53 1.0000 per_frame
850.00 258.75 42.50 29.53 1.0000 per_frame
852.50 260.16 42.50 29.53 1.0000 per_frame
855.00 261.56 42.50 28.12 1.0000 per_frame
857.50 262.97 40.00 26.72 1.0000 per_frame
860.00 264.38 40.00 26.72 1.0000 per_frame
860.00 265.78 40.00 26.72 1.0000 per_frame
862.50 265.78 37.50 26.72 1.0000 per_frame
862.50 267.19 37.50 26.72 1.0000 per_frame
862.50 267.19 37.50 26.72 1.0000 per_frame
862.50 268.59 37.50 26.72 1.0000 per_frame
860.00 268.59 40.00 26.72 1.0000 per_frame
862.50 270.00 37.50 26.72 1.0000 per_frame
860.00 270.00 40.00 26.72 1.0000 per_frame
860.00 270.00 37.50 28.12 1.0000 per_frame
860.00 271.41 37.50 26.72 1.0000 per_frame
860.00 272.81 35.00 26.72 1.0000 per_frame
857.50 272.81 37.50 26.72 1.0000 per_frame
857.50 274.22 37.50 26.72 1.0000 per_frame
855.00 275.62 37.50 25.31 1.0000 per_frame
855.00 277.03 37.50 23.91 1.0000 per_frame
852.50 277.03 37.50 25.31 1.0000 per_frame
852.50 278.44 35.00 25.31 1.0000 per_frame
850.00 279.84 35.00 23.91 1.0000 per_frame
847.50 279.84 37.50 25.31 1.0000 per_frame
847.50 281.25 35.00 23.91 1.0000 per_frame
847.50 282.66 32.50 23.91 1.0000 per_frame
845.00 284.06 35.00 22.50 1.0000 per_frame
842.50 284.06 32.50 22.50 1.0000 per_frame
840.00 285.47 35.00 22.50 1.0000 per_frame
837.50 285.47 35.00 23.91 1.0000 per_frame
