918.75 542.11 33.75 37.97 1.0000 per_frame
911.25 546.33 33.75 37.97 1.0000 per_frame
907.50 552.66 33.75 42.19 1.0000 per_frame
907.50 561.09 37.50 37.97 1.0000 per_frame
911.25 552.66 33.75 40.08 1.0000 per_frame
911.25 552.66 33.75 40.08 1.0000 per_frame
907.50 563.20 33.75 40.08 1.0000 per_frame
907.50 567.42 30.00 40.08 1.0000 per_frame
907.50 569.53 33.75 42.19 1.0000 per_frame
911.25 573.75 30.00 42.19 1.0000 per_frame
911.25 577.97 33.75 42.19 1.0000 per_frame
911.25 580.08 30.00 42.19 1.0000 per_frame
907.50 588.52 33.75 44.30 1.0000 per_frame
915.00 601.17 30.00 44.30 1.0000 per_frame
922.50 599.06 30.00 46.41 1.0000 per_frame
926.25 609.61 30.00 44.30 1.0000 per_frame
930.00 622.27 30.00 46.41 1.0000 per_frame
930.00 620.16 30.00 46.41 1.0000 per_frame
937.50 622.27 30.00 44.30 1.0000 per_frame
941.25 626.48 30.00 42.19 1.0000 per_frame
933.75 628.59 33.75 46.41 1.0000 per_frame
933.75 628.59 33.75 46.41 1.0000 per_frame
937.50 630.70 33.75 46.41 1.0000 per_frame
937.50 632.81 33.75 46.41 1.0000 per_frame
937.50 626.48 33.75 44.30 1.0000 per_frame
937.50 618.05 33.75 46.41 1.0000 per_frame
937.50 628.59 33.75 46.41 1.0000 per_frame
941.25 630.70 33.75 44.30 1.0000 per_frame
948.75 630.70 37.50 44.30 1.0000 per_frame
952.50 639.14 37.50 46.41 1.0000 per_frame
960.00 647.58 41.25 46.41 1.0000 per_frame
967.50 651.80 37.50 46.41 1.0000 per_frame
967.50 660.23 45.00 44.30 1.0000 per_frame
975.00 664.45 41.25 46.41 1.0000 per_frame
982.50 668.67 45.00 46.41 1.0000 per_frame
982.50 677.11 45.00 46.41 1.0000 per_frame
982.50 687.66 45.00 48.52 1.0000 per_frame
978.75 683.44 48.75 48.52 1.0000 per_frame
986.25 681.33 45.00 50.62 1.0000 per_frame
990.00 675.00 45.00 48.52 1.0000 per_frame
993.75 670.78 45.00 46.41 1.0000 per_frame
1005.00 670.78 41.25 46.41 1.0000 per_frame
1012.50 656.02 41.25 44.30 1.0000 per_frame
1023.75 645.47 37.50 48.52 1.0000 per_frame
1031.25 649.69 41.25 44.30 1.0000 per_frame
1031.25 641.25 45.00 48.52 1.0000 per_frame
1035.00 639.14 45.00 46.41 1.0000 per_frame
1038.75 634.92 48.75 48.52 1.0000 per_frame
1046.25 639.14 45.00 48.52 1.0000 per_frame
1046.25 643.36 52.50 46.41 1.0000 per_frame
1053.75 645.47 48.75 50.62 1.0000 per_frame
1057.50 647.58 52.50 52.73 1.0000 per_frame
1057.50 662.34 48.75 54.84 1.0000 per_frame
1057.50 681.33 48.75 52.73 1.0000 per_frame
1061.25 691.88 48.75 52.73 1.0000 per_frame
1072.50 691.88 41.25 52.73 1.0000 per_frame
1072.50 685.55 45.00 50.62 1.0000 per_frame
1057.50 668.67 48.75 54.84 1.0000 per_frame
1027.50 649.69 48.75 65.39 1.0000 per_frame
1012.50 632.81 56.25 71.72 1.0000 per_frame
1005.00 613.83 67.50 63.28 1.0000 per_frame
993.75 592.73 75.00 59.06 1.0000 per_frame
982.50 580.08 82.50 56.95 1.0000 per_frame
971.25 575.86 93.75 54.84 1.0000 per_frame
963.75 561.09 97.50 54.84 1.0000 per_frame
952.50 556.88 101.25 63.28 1.0000 per_frame
952.50 558.98 97.50 63.28 1.0000 per_frame
952.50 563.20 93.75 61.17 1.0000 per_frame
948.75 569.53 90.00 61.17 1.0000 per_frame
948.75 584.30 86.25 59.06 1.0000 per_frame
945.00 590.62 90.00 61.17 1.0000 per_frame
941.25 590.62 90.00 59.06 1.0000 per_frame
945.00 605.39 90.00 63.28 1.0000 per_frame
952.50 605.39 93.75 61.17 1.0000 per_frame
963.75 605.39 97.50 59.06 1.0000 per_frame
967.50 603.28 97.50 61.17 1.0000 per_frame
971.25 603.28 97.50 63.28 1.0000 per_frame
990.00 590.62 93.75 69.61 1.0000 per_frame
1001.25 586.41 97.50 69.61 1.0000 per_frame
1005.00 580.08 97.50 69.61 1.0000 per_frame
1012.50 558.98 93.75 71.72 1.0000 per_frame
1016.25 542.11 93.75 78.05 1.0000 per_frame
1016.25 542.11 97.50 80.16 1.0000 per_frame
1008.75 531.56 93.75 84.38 1.0000 per_frame
990.00 531.56 93.75 88.59 1.0000 per_frame
986.25 535.78 93.75 88.59 1.0000 per_frame
986.25 527.34 90.00 94.92 1.0000 per_frame
975.00 525.23 90.00 94.92 1.0000 per_frame
967.50 535.78 93.75 97.03 1.0000 per_frame
997.50 542.11 60.00 59.06 1.0000 per_frame
993.75 533.67 56.25 61.17 1.0000 per_frame
990.00 531.56 56.25 59.06 1.0000 per_frame
990.00 533.67 60.00 59.06 1.0000 per_frame
993.75 533.67 60.00 61.17 1.0000 per_frame
993.75 529.45 60.00 59.06 1.0000 per_frame
993.75 512.58 60.00 59.06 1.0000 per_frame
993.75 516.80 60.00 61.17 1.0000 per_frame
986.25 521.02 63.75 59.06 1.0000 per_frame
986.25 510.47 60.00 61.17 1.0000 per_frame
990.00 514.69 60.00 61.17 1.0000 per_frame
986.25 516.80 63.75 61.17 1.0000 per_frame
948.75 518.91 97.50 107.58 1.0000 per_frame
945.00 531.56 93.75 107.58 1.0000 per_frame
941.25 540.00 93.75 107.58 1.0000 per_frame
933.75 554.77 97.50 107.58 1.0000 per_frame
926.25 563.20 97.50 109.69 1.0000 per_frame
922.50 580.08 93.75 109.69 1.0000 per_frame
915.00 594.84 93.75 109.69 1.0000 per_frame
911.25 603.28 97.50 109.69 1.0000 per_frame
907.50 609.61 97.50 109.69 1.0000 per_frame
900.00 601.17 97.50 109.69 1.0000 per_frame
896.25 577.97 101.25 107.58 1.0000 per_frame
907.50 561.09 93.75 107.58 1.0000 per_frame
915.00 533.67 93.75 107.58 1.0000 per_frame
918.75 504.14 97.50 107.58 1.0000 per_frame
930.00 472.50 97.50 107.58 1.0000 per_frame
937.50 455.62 97.50 109.69 1.0000 per_frame
948.75 442.97 97.50 111.80 1.0000 per_frame
960.00 421.88 97.50 113.91 1.0000 per_frame
971.25 415.55 93.75 116.02 1.0000 per_frame
971.25 419.77 97.50 118.12 1.0000 per_frame
982.50 419.77 90.00 118.12 1.0000 per_frame
982.50 428.20 93.75 120.23 1.0000 per_frame
986.25 436.64 97.50 120.23 1.0000 per_frame
990.00 447.19 93.75 122.34 1.0000 per_frame
1008.75 459.84 71.25 65.39 1.0000 per_frame
986.25 464.06 97.50 124.45 1.0000 per_frame
993.75 476.72 93.75 124.45 1.0000 per_frame
986.25 491.48 97.50 124.45 1.0000 per_frame
1012.50 499.92 71.25 65.39 1.0000 per_frame
1005.00 514.69 67.50 67.50 1.0000 per_frame
993.75 537.89 71.25 67.50 1.0000 per_frame
960.00 544.22 101.25 126.56 1.0000 per_frame
963.75 548.44 97.50 126.56 1.0000 per_frame
963.75 554.77 93.75 124.45 1.0000 per_frame
952.50 554.77 97.50 122.34 1.0000 per_frame
945.00 554.77 101.25 120.23 1.0000 per_frame
937.50 546.33 101.25 118.12 1.0000 per_frame
930.00 542.11 101.25 122.34 1.0000 per_frame
926.25 540.00 101.25 122.34 1.0000 per_frame
926.25 535.78 97.50 118.12 1.0000 per_frame
918.75 531.56 97.50 120.23 1.0000 per_frame
911.25 533.67 101.25 118.12 1.0000 per_frame
903.75 531.56 105.00 111.80 1.0000 per_frame
900.00 527.34 105.00 116.02 1.0000 per_frame
900.00 512.58 101.25 109.69 1.0000 per_frame
896.25 510.47 97.50 116.02 1.0000 per_frame
888.75 504.14 97.50 109.69 1.0000 per_frame
885.00 491.48 101.25 116.02 1.0000 per_frame
888.75 489.38 101.25 107.58 1.0000 per_frame
888.75 487.27 93.75 113.91 1.0000 per_frame
885.00 491.48 93.75 107.58 1.0000 per_frame
881.25 495.70 101.25 105.47 1.0000 per_frame
885.00 491.48 101.25 107.58 1.0000 per_frame
885.00 497.81 105.00 105.47 1.0000 per_frame
885.00 510.47 105.00 101.25 1.0000 per_frame
896.25 518.91 93.75 105.47 1.0000 per_frame
907.50 521.02 93.75 107.58 1.0000 per_frame
911.25 521.02 97.50 105.47 1.0000 per_frame
915.00 525.23 97.50 103.36 1.0000 per_frame
915.00 525.23 105.00 107.58 1.0000 per_frame
918.75 525.23 97.50 109.69 1.0000 per_frame
918.75 527.34 97.50 107.58 1.0000 per_frame
907.50 525.23 105.00 103.36 1.0000 per_frame
911.25 518.91 101.25 103.36 1.0000 per_frame
918.75 510.47 97.50 107.58 1.0000 per_frame
911.25 506.25 108.75 107.58 1.0000 per_frame
918.75 499.92 101.25 107.58 1.0000 per_frame
918.75 491.48 101.25 109.69 1.0000 per_frame
907.50 491.48 105.00 111.80 1.0000 per_frame
903.75 491.48 101.25 116.02 1.0000 per_frame
896.25 491.48 105.00 116.02 1.0000 per_frame
900.00 487.27 105.00 116.02 1.0000 per_frame
907.50 493.59 97.50 111.80 1.0000 per_frame
896.25 495.70 105.00 118.12 1.0000 per_frame
900.00 508.36 105.00 122.34 1.0000 per_frame
907.50 506.25 97.50 122.34 1.0000 per_frame
896.25 521.02 105.00 120.23 1.0000 per_frame
892.50 537.89 105.00 116.02 1.0000 per_frame
903.75 542.11 97.50 116.02 1.0000 per_frame
896.25 550.55 108.75 118.12 1.0000 per_frame
892.50 567.42 105.00 122.34 1.0000 per_frame
900.00 577.97 97.50 122.34 1.0000 per_frame
888.75 584.30 105.00 122.34 1.0000 per_frame
885.00 584.30 97.50 122.34 1.0000 per_frame
881.25 582.19 93.75 122.34 1.0000 per_frame
873.75 582.19 101.25 124.45 1.0000 per_frame
873.75 573.75 101.25 124.45 1.0000 per_frame
870.00 561.09 101.25 122.34 1.0000 per_frame
866.25 542.11 101.25 126.56 1.0000 per_frame
877.50 533.67 93.75 130.78 1.0000 per_frame
873.75 516.80 97.50 132.89 1.0000 per_frame
881.25 489.38 90.00 132.89 1.0000 per_frame
892.50 461.95 93.75 128.67 1.0000 per_frame
900.00 438.75 93.75 126.56 1.0000 per_frame
903.75 415.55 93.75 130.78 1.0000 per_frame
915.00 383.91 101.25 137.11 1.0000 per_frame
926.25 345.94 93.75 137.11 1.0000 per_frame
930.00 310.08 101.25 137.11 1.0000 per_frame
933.75 295.31 93.75 137.11 1.0000 per_frame
933.75 284.77 101.25 139.22 1.0000 per_frame
930.00 291.09 93.75 147.66 1.0000 per_frame
922.50 307.97 97.50 149.77 1.0000 per_frame
915.00 329.06 105.00 151.88 1.0000 per_frame
915.00 352.27 105.00 156.09 1.0000 per_frame
903.75 371.25 116.25 153.98 1.0000 per_frame
900.00 398.67 116.25 158.20 1.0000 per_frame
885.00 426.09 123.75 164.53 1.0000 per_frame
911.25 432.42 93.75 80.16 1.0000 per_frame
911.25 440.86 90.00 80.16 1.0000 per_frame
903.75 447.19 93.75 80.16 1.0000 per_frame
896.25 451.41 93.75 78.05 1.0000 per_frame
896.25 438.75 90.00 78.05 1.0000 per_frame
888.75 432.42 90.00 75.94 1.0000 per_frame
900.00 434.53 86.25 73.83 1.0000 per_frame
915.00 430.31 82.50 73.83 1.0000 per_frame
926.25 428.20 82.50 73.83 1.0000 per_frame
937.50 419.77 86.25 71.72 1.0000 per_frame
948.75 407.11 86.25 71.72 1.0000 per_frame
960.00 409.22 82.50 71.72 1.0000 per_frame
963.75 409.22 86.25 69.61 1.0000 per_frame
967.50 398.67 86.25 69.61 1.0000 per_frame
975.00 402.89 86.25 65.39 1.0000 per_frame
975.00 396.56 86.25 67.50 1.0000 per_frame
967.50 402.89 86.25 63.28 1.0000 per_frame
963.75 409.22 90.00 65.39 1.0000 per_frame
960.00 402.89 93.75 63.28 1.0000 per_frame
956.25 400.78 90.00 63.28 1.0000 per_frame
948.75 407.11 93.75 63.28 1.0000 per_frame
945.00 419.77 97.50 61.17 1.0000 per_frame
937.50 428.20 97.50 61.17 1.0000 per_frame
930.00 434.53 97.50 59.06 1.0000 per_frame
930.00 438.75 97.50 59.06 1.0000 per_frame
933.75 438.75 93.75 56.95 1.0000 per_frame
930.00 434.53 97.50 54.84 1.0000 per_frame
918.75 430.31 101.25 54.84 1.0000 per_frame
911.25 426.09 101.25 54.84 1.0000 per_frame
907.50 405.00 101.25 54.84 1.0000 per_frame
903.75 383.91 105.00 52.73 1.0000 per_frame
915.00 360.70 101.25 54.84 1.0000 per_frame
918.75 333.28 101.25 52.73 1.0000 per_frame
930.00 303.75 97.50 52.73 1.0000 per_frame
945.00 276.33 101.25 54.84 1.0000 per_frame
956.25 251.02 67.50 50.62 1.0000 per_frame
952.50 232.03 97.50 52.73 1.0000 per_frame
963.75 217.27 101.25 50.62 1.0000 per_frame
978.75 388.12 97.50 54.84 1.0000 per_frame
971.25 187.73 97.50 56.95 1.0000 per_frame
963.75 183.52 101.25 59.06 1.0000 per_frame
956.25 185.62 101.25 59.06 1.0000 per_frame
945.00 191.95 97.50 59.06 1.0000 per_frame
930.00 196.17 105.00 61.17 1.0000 per_frame
918.75 206.72 101.25 61.17 1.0000 per_frame
915.00 219.38 101.25 63.28 1.0000 per_frame
907.50 227.81 105.00 65.39 1.0000 per_frame
896.25 240.47 108.75 63.28 1.0000 per_frame
892.50 257.34 105.00 63.28 1.0000 per_frame
892.50 267.89 105.00 65.39 1.0000 per_frame
892.50 272.11 105.00 65.39 1.0000 per_frame
885.00 288.98 108.75 67.50 1.0000 per_frame
885.00 297.42 105.00 67.50 1.0000 per_frame
885.00 299.53 108.75 67.50 1.0000 per_frame
885.00 303.75 108.75 67.50 1.0000 per_frame
888.75 312.19 105.00 67.50 1.0000 per_frame
885.00 307.97 112.50 69.61 1.0000 per_frame
885.00 312.19 108.75 69.61 1.0000 per_frame
881.25 314.30 108.75 67.50 1.0000 per_frame
877.50 307.97 105.00 67.50 1.0000 per_frame
877.50 312.19 108.75 69.61 1.0000 per_frame
881.25 312.19 116.25 71.72 1.0000 per_frame
881.25 310.08 112.50 71.72 1.0000 per_frame
892.50 537.89 127.50 65.39 1.0000 per_frame
873.75 329.06 120.00 71.72 1.0000 per_frame
873.75 329.06 120.00 73.83 1.0000 per_frame
877.50 333.28 120.00 73.83 1.0000 per_frame
873.75 331.17 123.75 75.94 1.0000 per_frame
873.75 329.06 116.25 78.05 1.0000 per_frame
888.75 556.88 116.25 67.50 1.0000 per_frame
862.50 316.41 120.00 78.05 1.0000 per_frame
847.50 318.52 123.75 78.05 1.0000 per_frame
843.75 320.62 127.50 78.05 1.0000 per_frame
836.25 324.84 127.50 80.16 1.0000 per_frame
836.25 329.06 123.75 82.27 1.0000 per_frame
828.75 343.83 123.75 82.27 1.0000 per_frame
840.00 588.52 135.00 73.83 1.0000 per_frame
836.25 584.30 127.50 90.70 1.0000 per_frame
832.50 596.95 142.50 88.59 1.0000 per_frame
836.25 613.83 127.50 78.05 1.0000 per_frame
821.25 377.58 123.75 86.48 1.0000 per_frame
836.25 605.39 127.50 90.70 1.0000 per_frame
836.25 603.28 131.25 90.70 1.0000 per_frame
825.00 352.27 131.25 88.59 1.0000 per_frame
825.00 333.28 131.25 88.59 1.0000 per_frame
836.25 337.50 131.25 90.70 1.0000 per_frame
840.00 324.84 135.00 90.70 1.0000 per_frame
847.50 307.97 135.00 90.70 1.0000 per_frame
855.00 310.08 135.00 90.70 1.0000 per_frame
885.00 558.98 123.75 97.03 1.0000 per_frame
896.25 558.98 135.00 97.03 1.0000 per_frame
873.75 316.41 146.25 92.81 1.0000 per_frame
896.25 571.64 127.50 99.14 1.0000 per_frame
900.00 575.86 135.00 101.25 1.0000 per_frame
881.25 335.39 146.25 97.03 1.0000 per_frame
900.00 573.75 127.50 99.14 1.0000 per_frame
858.75 301.64 150.00 94.92 1.0000 per_frame
851.25 303.75 150.00 99.14 1.0000 per_frame
836.25 307.97 153.75 99.14 1.0000 per_frame
828.75 307.97 153.75 101.25 1.0000 per_frame
825.00 286.88 153.75 103.36 1.0000 per_frame
825.00 291.09 153.75 103.36 1.0000 per_frame
825.00 299.53 153.75 103.36 1.0000 per_frame
821.25 303.75 157.50 103.36 1.0000 per_frame
825.00 318.52 157.50 103.36 1.0000 per_frame
825.00 329.06 157.50 107.58 1.0000 per_frame
825.00 341.72 157.50 107.58 1.0000 per_frame
836.25 345.94 157.50 109.69 1.0000 per_frame
843.75 369.14 157.50 109.69 1.0000 per_frame
843.75 379.69 161.25 111.80 1.0000 per_frame
840.00 386.02 161.25 109.69 1.0000 per_frame
832.50 388.12 157.50 113.91 1.0000 per_frame
832.50 402.89 165.00 113.91 1.0000 per_frame
836.25 400.78 161.25 111.80 1.0000 per_frame
836.25 405.00 161.25 111.80 1.0000 per_frame
836.25 411.33 161.25 109.69 1.0000 per_frame
832.50 396.56 165.00 107.58 1.0000 per_frame
825.00 390.23 161.25 105.47 1.0000 per_frame
836.25 390.23 153.75 103.36 1.0000 per_frame
836.25 362.81 153.75 103.36 1.0000 per_frame
836.25 352.27 168.75 99.14 1.0000 per_frame
633.75 820.55 236.25 158.20 1.0000 per_frame
843.75 303.75 150.00 82.27 1.0000 per_frame
870.00 630.70 161.25 82.27 1.0000 per_frame
866.25 301.64 172.50 90.70 1.0000 per_frame
840.00 613.83 213.75 153.98 1.0000 per_frame
881.25 299.53 183.75 90.70 1.0000 per_frame
888.75 318.52 176.25 92.81 1.0000 per_frame
870.00 647.58 247.50 143.44 1.0000 per_frame
881.25 352.27 172.50 90.70 1.0000 per_frame
877.50 371.25 180.00 88.59 1.0000 per_frame
870.00 373.36 183.75 90.70 1.0000 per_frame
870.00 381.80 187.50 90.70 1.0000 per_frame
