930.00 558.98 236.25 143.44 1.0000 per_frame
930.00 558.98 236.25 143.44 1.0000 per_frame
926.25 561.09 236.25 139.22 1.0000 per_frame
926.25 561.09 232.50 137.11 1.0000 per_frame
922.50 563.20 232.50 135.00 1.0000 per_frame
918.75 563.20 228.75 132.89 1.0000 per_frame
915.00 561.09 225.00 132.89 1.0000 per_frame
915.00 561.09 225.00 132.89 1.0000 per_frame
907.50 563.20 228.75 130.78 1.0000 per_frame
907.50 561.09 221.25 128.67 1.0000 per_frame
903.75 558.98 217.50 128.67 1.0000 per_frame
900.00 561.09 213.75 124.45 1.0000 per_frame
896.25 558.98 213.75 122.34 1.0000 per_frame
896.25 558.98 213.75 122.34 1.0000 per_frame
892.50 558.98 210.00 122.34 1.0000 per_frame
888.75 554.77 210.00 122.34 1.0000 per_frame
885.00 552.66 210.00 120.23 1.0000 per_frame
885.00 552.66 202.50 118.12 1.0000 per_frame
877.50 550.55 206.25 116.02 1.0000 per_frame
877.50 550.55 210.00 116.02 1.0000 per_frame
877.50 550.55 191.25 113.91 1.0000 per_frame
881.25 548.44 198.75 113.91 1.0000 per_frame
885.00 546.33 195.00 113.91 1.0000 per_frame
885.00 546.33 202.50 111.80 1.0000 per_frame
896.25 544.22 195.00 111.80 1.0000 per_frame
896.25 544.22 195.00 111.80 1.0000 per_frame
903.75 542.11 191.25 111.80 1.0000 per_frame
911.25 542.11 187.50 109.69 1.0000 per_frame
915.00 540.00 187.50 109.69 1.0000 per_frame
922.50 542.11 187.50 107.58 1.0000 per_frame
930.00 540.00 183.75 107.58 1.0000 per_frame
930.00 540.00 183.75 107.58 1.0000 per_frame
937.50 542.11 183.75 103.36 1.0000 per_frame
941.25 542.11 183.75 101.25 1.0000 per_frame
945.00 544.22 180.00 99.14 1.0000 per_frame
948.75 546.33 176.25 99.14 1.0000 per_frame
948.75 550.55 176.25 97.03 1.0000 per_frame
948.75 552.66 176.25 94.92 1.0000 per_frame
948.75 556.88 176.25 94.92 1.0000 per_frame
948.75 563.20 176.25 92.81 1.0000 per_frame
945.00 563.20 176.25 92.81 1.0000 per_frame
945.00 565.31 176.25 94.92 1.0000 per_frame
945.00 569.53 176.25 94.92 1.0000 per_frame
945.00 569.53 176.25 94.92 1.0000 per_frame
941.25 575.86 176.25 92.81 1.0000 per_frame
941.25 577.97 176.25 94.92 1.0000 per_frame
941.25 582.19 172.50 94.92 1.0000 per_frame
941.25 584.30 176.25 94.92 1.0000 per_frame
941.25 584.30 176.25 94.92 1.0000 per_frame
941.25 584.30 176.25 94.92 1.0000 per_frame
937.50 584.30 180.00 94.92 1.0000 per_frame
937.50 584.30 176.25 97.03 1.0000 per_frame
937.50 582.19 176.25 97.03 1.0000 per_frame
933.75 580.08 180.00 97.03 1.0000 per_frame
937.50 580.08 176.25 97.03 1.0000 per_frame
937.50 580.08 176.25 97.03 1.0000 per_frame
937.50 577.97 176.25 94.92 1.0000 per_frame
930.00 573.75 180.00 97.03 1.0000 per_frame
930.00 569.53 176.25 97.03 1.0000 per_frame
926.25 567.42 180.00 97.03 1.0000 per_frame
922.50 563.20 183.75 99.14 1.0000 per_frame
922.50 563.20 183.75 99.14 1.0000 per_frame
922.50 558.98 180.00 101.25 1.0000 per_frame
915.00 554.77 183.75 101.25 1.0000 per_frame
907.50 548.44 183.75 103.36 1.0000 per_frame
892.50 546.33 191.25 101.25 1.0000 per_frame
877.50 537.89 195.00 103.36 1.0000 per_frame
877.50 537.89 195.00 103.36 1.0000 per_frame
870.00 533.67 180.00 103.36 1.0000 per_frame
855.00 527.34 183.75 107.58 1.0000 per_frame
840.00 523.12 187.50 107.58 1.0000 per_frame
825.00 516.80 187.50 109.69 1.0000 per_frame
810.00 508.36 202.50 113.91 1.0000 per_frame
810.00 508.36 206.25 113.91 1.0000 per_frame
798.75 502.03 206.25 116.02 1.0000 per_frame
787.50 495.70 198.75 116.02 1.0000 per_frame
776.25 487.27 213.75 120.23 1.0000 per_frame
765.00 478.83 210.00 120.23 1.0000 per_frame
742.50 485.16 240.00 122.34 1.0000 per_frame
742.50 485.16 240.00 122.34 1.0000 per_frame
753.75 504.14 210.00 124.45 1.0000 per_frame
735.00 514.69 228.75 126.56 1.0000 per_frame
723.75 518.91 240.00 130.78 1.0000 per_frame
720.00 516.80 225.00 135.00 1.0000 per_frame
723.75 514.69 232.50 135.00 1.0000 per_frame
723.75 514.69 232.50 135.00 1.0000 per_frame
731.25 527.34 243.75 137.11 1.0000 per_frame
742.50 531.56 228.75 141.33 1.0000 per_frame
742.50 533.67 270.00 143.44 1.0000 per_frame
761.25 580.08 288.75 147.66 1.0000 per_frame
772.50 666.56 285.00 145.55 1.0000 per_frame
768.75 666.56 288.75 145.55 1.0000 per_frame
787.50 683.44 262.50 143.44 1.0000 per_frame
798.75 685.55 255.00 149.77 1.0000 per_frame
795.00 689.77 288.75 153.98 1.0000 per_frame
817.50 696.09 285.00 153.98 1.0000 per_frame
828.75 700.31 273.75 153.98 1.0000 per_frame
828.75 700.31 273.75 153.98 1.0000 per_frame
851.25 702.42 281.25 153.98 1.0000 per_frame
866.25 704.53 266.25 156.09 1.0000 per_frame
862.50 708.75 288.75 153.98 1.0000 per_frame
881.25 708.75 281.25 151.88 1.0000 per_frame
903.75 706.64 255.00 149.77 1.0000 per_frame
903.75 706.64 255.00 149.77 1.0000 per_frame
911.25 706.64 281.25 147.66 1.0000 per_frame
915.00 702.42 285.00 145.55 1.0000 per_frame
911.25 700.31 292.50 145.55 1.0000 per_frame
922.50 696.09 288.75 145.55 1.0000 per_frame
945.00 691.88 281.25 143.44 1.0000 per_frame
945.00 691.88 281.25 143.44 1.0000 per_frame
948.75 691.88 273.75 141.33 1.0000 per_frame
963.75 693.98 262.50 139.22 1.0000 per_frame
982.50 696.09 255.00 139.22 1.0000 per_frame
982.50 693.98 266.25 137.11 1.0000 per_frame
997.50 691.88 266.25 137.11 1.0000 per_frame
997.50 691.88 266.25 137.11 1.0000 per_frame
997.50 691.88 270.00 135.00 1.0000 per_frame
1008.75 693.98 270.00 132.89 1.0000 per_frame
1012.50 696.09 270.00 132.89 1.0000 per_frame
1012.50 696.09 262.50 132.89 1.0000 per_frame
1020.00 696.09 273.75 132.89 1.0000 per_frame
1020.00 696.09 273.75 132.89 1.0000 per_frame
1023.75 700.31 273.75 132.89 1.0000 per_frame
1027.50 702.42 270.00 130.78 1.0000 per_frame
1046.25 700.31 258.75 128.67 1.0000 per_frame
1061.25 700.31 262.50 128.67 1.0000 per_frame
1061.25 704.53 262.50 126.56 1.0000 per_frame
1061.25 704.53 262.50 126.56 1.0000 per_frame
1080.00 704.53 243.75 126.56 1.0000 per_frame
1087.50 698.20 251.25 128.67 1.0000 per_frame
1091.25 689.77 240.00 124.45 1.0000 per_frame
1091.25 649.69 240.00 120.23 1.0000 per_frame
1095.00 601.17 232.50 120.23 1.0000 per_frame
1095.00 601.17 232.50 120.23 1.0000 per_frame
1091.25 548.44 247.50 120.23 1.0000 per_frame
1087.50 493.59 243.75 118.12 1.0000 per_frame
1098.75 453.52 225.00 120.23 1.0000 per_frame
1083.75 430.31 206.25 118.12 1.0000 per_frame
1053.75 419.77 232.50 105.47 1.0000 per_frame
1053.75 419.77 232.50 105.47 1.0000 per_frame
1057.50 438.75 67.50 44.30 1.0000 per_frame
990.00 381.80 123.75 94.92 1.0000 per_frame
937.50 390.23 108.75 80.16 1.0000 per_frame
873.75 371.25 123.75 94.92 1.0000 per_frame
832.50 367.03 86.25 80.16 1.0000 per_frame
832.50 367.03 86.25 80.16 1.0000 per_frame
795.00 379.69 86.25 78.05 1.0000 per_frame
731.25 392.34 105.00 82.27 1.0000 per_frame
712.50 417.66 93.75 82.27 1.0000 per_frame
682.50 445.08 90.00 75.94 1.0000 per_frame
660.00 461.95 37.50 44.30 1.0000 per_frame
660.00 461.95 37.50 44.30 1.0000 per_frame
637.50 495.70 78.75 54.84 1.0000 per_frame
622.50 523.12 93.75 73.83 1.0000 per_frame
618.75 540.00 82.50 73.83 1.0000 per_frame
615.00 552.66 37.50 31.64 1.0000 per_frame
716.25 554.77 30.00 18.98 1.0000 per_frame
607.50 580.08 41.25 33.75 1.0000 per_frame
607.50 580.08 41.25 33.75 1.0000 per_frame
630.00 584.30 37.50 27.42 1.0000 per_frame
667.50 582.19 33.75 21.09 1.0000 per_frame
708.75 584.30 30.00 33.75 1.0000 per_frame
753.75 586.41 18.75 8.44 1.0000 per_frame
768.75 577.97 37.50 21.09 1.0000 per_frame
768.75 577.97 37.50 21.09 1.0000 per_frame
798.75 575.86 30.00 16.88 1.0000 per_frame
607.50 934.45 11.25 18.98 1.0000 per_frame
-100 -100 -100 -100 0.0000 none
-100 -100 -100 -100 0.0000 none
-100 -100 -100 -100 0.0000 none
-100 -100 -100 -100 0.0000 none
611.25 890.16 11.25 12.66 1.0000 per_frame
-100 -100 -100 -100 0.0000 none
-100 -100 -100 -100 0.0000 none
-100 -100 -100 -100 0.0000 none
180.00 755.16 26.25 25.31 1.0000 per_frame
180.00 755.16 26.25 27.42 1.0000 per_frame
165.00 744.61 22.50 21.09 1.0000 per_frame
150.00 736.17 18.75 12.66 1.0000 per_frame
-100 -100 -100 -100 0.0000 none
123.75 689.77 22.50 37.97 1.0000 per_frame
108.75 702.42 18.75 14.77 1.0000 per_frame
108.75 696.09 18.75 21.09 1.0000 per_frame
93.75 683.44 22.50 23.20 1.0000 per_frame
78.75 689.77 7.50 4.22 0.9137 per_frame
453.75 753.05 11.25 6.33 0.9961 per_frame
-100 -100 -100 -100 0.0000 none
423.75 731.95 22.50 25.31 1.0000 per_frame
423.75 731.95 22.50 25.31 1.0000 per_frame
-100 -100 -100 -100 0.0000 none
1721.25 976.64 3.75 2.11 0.5529 per_frame
-100 -100 -100 -100 0.0000 none
397.50 742.50 18.75 25.31 1.0000 per_frame
397.50 755.16 18.75 27.42 1.0000 per_frame
397.50 755.16 18.75 27.42 1.0000 per_frame
-100 -100 -100 -100 0.0000 none
423.75 776.25 7.50 8.44 0.9922 per_frame
431.25 786.80 15.00 18.98 1.0000 per_frame
446.25 791.02 15.00 16.88 1.0000 per_frame
453.75 784.69 22.50 25.31 1.0000 per_frame
453.75 784.69 22.50 25.31 1.0000 per_frame
-100 -100 -100 -100 0.0000 none
472.50 776.25 15.00 18.98 1.0000 per_frame
90.00 696.09 11.25 12.66 1.0000 per_frame
483.75 765.70 22.50 27.42 1.0000 per_frame
101.25 687.66 15.00 14.77 1.0000 per_frame
101.25 687.66 15.00 14.77 1.0000 per_frame
97.50 660.23 22.50 35.86 1.0000 per_frame
487.50 748.83 18.75 27.42 1.0000 per_frame
491.25 746.72 11.25 16.88 1.0000 per_frame
480.00 734.06 18.75 21.09 1.0000 per_frame
-100 -100 -100 -100 0.0000 none
-100 -100 -100 -100 0.0000 none
480.00 723.52 7.50 8.44 0.9882 per_frame
1432.50 995.62 22.50 21.09 1.0000 per_frame
67.50 622.27 22.50 21.09 1.0000 per_frame
457.50 700.31 11.25 16.88 1.0000 per_frame
603.75 1006.17 18.75 10.55 1.0000 per_frame
607.50 1006.17 15.00 8.44 1.0000 per_frame
1035.00 814.22 30.00 23.20 1.0000 per_frame
1398.75 968.20 18.75 18.98 1.0000 per_frame
1387.50 963.98 26.25 23.20 1.0000 per_frame
573.75 987.19 22.50 14.77 1.0000 per_frame
566.25 982.97 22.50 12.66 1.0000 per_frame
566.25 982.97 22.50 12.66 1.0000 per_frame
1717.50 913.36 15.00 12.66 1.0000 per_frame
393.75 660.23 22.50 27.42 1.0000 per_frame
1365.00 949.22 22.50 16.88 1.0000 per_frame
1361.25 945.00 26.25 23.20 1.0000 per_frame
1357.50 945.00 26.25 23.20 1.0000 per_frame
1357.50 945.00 26.25 23.20 1.0000 per_frame
1361.25 942.89 18.75 14.77 1.0000 per_frame
1365.00 945.00 18.75 10.55 1.0000 per_frame
525.00 966.09 26.25 16.88 1.0000 per_frame
525.00 961.88 30.00 18.98 1.0000 per_frame
1368.75 930.23 30.00 25.31 1.0000 per_frame
1368.75 930.23 30.00 25.31 1.0000 per_frame
1387.50 928.12 30.00 27.42 1.0000 per_frame
551.25 953.44 26.25 16.88 1.0000 per_frame
1417.50 919.69 22.50 16.88 1.0000 per_frame
570.00 942.89 30.00 23.20 1.0000 per_frame
585.00 934.45 33.75 33.75 1.0000 per_frame
585.00 934.45 33.75 23.20 1.0000 per_frame
1458.75 894.38 33.75 29.53 1.0000 per_frame
630.00 921.80 26.25 16.88 1.0000 per_frame
60.00 510.47 18.75 14.77 1.0000 per_frame
82.50 504.14 18.75 14.77 1.0000 per_frame
105.00 493.59 22.50 27.42 1.0000 per_frame
105.00 493.59 22.50 25.31 1.0000 per_frame
123.75 485.16 18.75 29.53 1.0000 per_frame
138.75 478.83 18.75 33.75 1.0000 per_frame
1597.50 858.52 26.25 23.20 1.0000 per_frame
757.50 900.70 30.00 16.88 1.0000 per_frame
768.75 900.70 26.25 18.98 1.0000 per_frame
768.75 900.70 26.25 21.09 1.0000 per_frame
1635.00 864.84 26.25 25.31 1.0000 per_frame
1653.75 869.06 30.00 23.20 1.0000 per_frame
243.75 506.25 7.50 8.44 1.0000 per_frame
258.75 512.58 11.25 10.55 1.0000 per_frame
1717.50 892.27 30.00 25.31 1.0000 per_frame
1717.50 892.27 30.00 25.31 1.0000 per_frame
300.00 529.45 22.50 16.88 1.0000 per_frame
326.25 531.56 18.75 12.66 1.0000 per_frame
352.50 533.67 18.75 12.66 1.0000 per_frame
1841.25 926.02 30.00 23.20 1.0000 per_frame
870.00 582.19 41.25 16.88 1.0000 per_frame
870.00 582.19 41.25 16.88 1.0000 per_frame
873.75 586.41 45.00 16.88 1.0000 per_frame
877.50 592.73 30.00 14.77 1.0000 per_frame
885.00 594.84 41.25 14.77 1.0000 per_frame
262.50 980.86 26.25 12.66 1.0000 per_frame
277.50 980.86 33.75 14.77 1.0000 per_frame
277.50 978.75 33.75 16.88 1.0000 per_frame
967.50 622.27 37.50 25.31 1.0000 per_frame
172.50 679.22 15.00 10.55 1.0000 per_frame
963.75 622.27 22.50 16.88 1.0000 per_frame
930.00 601.17 52.50 33.75 1.0000 per_frame
937.50 596.95 37.50 35.86 1.0000 per_frame
937.50 596.95 37.50 35.86 1.0000 per_frame
363.75 985.08 18.75 12.66 1.0000 per_frame
922.50 586.41 30.00 31.64 1.0000 per_frame
918.75 592.73 18.75 18.98 1.0000 per_frame
397.50 982.97 15.00 10.55 1.0000 per_frame
303.75 852.19 37.50 18.98 1.0000 per_frame
303.75 852.19 37.50 16.88 1.0000 per_frame
735.00 565.31 22.50 27.42 1.0000 per_frame
727.50 563.20 48.75 23.20 1.0000 per_frame
870.00 546.33 26.25 33.75 1.0000 per_frame
802.50 548.44 86.25 31.64 1.0000 per_frame
708.75 531.56 180.00 71.72 1.0000 per_frame
708.75 531.56 180.00 71.72 1.0000 per_frame
712.50 529.45 176.25 71.72 1.0000 per_frame
720.00 531.56 176.25 73.83 1.0000 per_frame
738.75 533.67 183.75 73.83 1.0000 per_frame
761.25 537.89 168.75 73.83 1.0000 per_frame
772.50 546.33 180.00 71.72 1.0000 per_frame
772.50 546.33 180.00 71.72 1.0000 per_frame
806.25 552.66 172.50 71.72 1.0000 per_frame
828.75 556.88 176.25 71.72 1.0000 per_frame
858.75 556.88 168.75 69.61 1.0000 per_frame
892.50 569.53 172.50 69.61 1.0000 per_frame
918.75 567.42 168.75 71.72 1.0000 per_frame
918.75 567.42 168.75 71.72 1.0000 per_frame
941.25 571.64 176.25 69.61 1.0000 per_frame
956.25 569.53 172.50 69.61 1.0000 per_frame
971.25 575.86 168.75 69.61 1.0000 per_frame
990.00 575.86 172.50 69.61 1.0000 per_frame
1005.00 573.75 172.50 71.72 1.0000 per_frame
1005.00 573.75 172.50 71.72 1.0000 per_frame
1016.25 573.75 168.75 69.61 1.0000 per_frame
1016.25 575.86 168.75 69.61 1.0000 per_frame
1020.00 575.86 172.50 67.50 1.0000 per_frame
1016.25 573.75 165.00 71.72 1.0000 per_frame
1012.50 575.86 165.00 69.61 1.0000 per_frame
1012.50 575.86 165.00 69.61 1.0000 per_frame
1008.75 575.86 172.50 69.61 1.0000 per_frame
1001.25 573.75 172.50 67.50 1.0000 per_frame
997.50 573.75 168.75 67.50 1.0000 per_frame
990.00 573.75 168.75 67.50 1.0000 per_frame
982.50 573.75 165.00 67.50 1.0000 per_frame
971.25 575.86 165.00 69.61 1.0000 per_frame
971.25 575.86 165.00 69.61 1.0000 per_frame
963.75 584.30 161.25 69.61 1.0000 per_frame
952.50 594.84 165.00 67.50 1.0000 per_frame
941.25 607.50 168.75 69.61 1.0000 per_frame
933.75 622.27 165.00 67.50 1.0000 per_frame
922.50 626.48 161.25 67.50 1.0000 per_frame
922.50 624.38 161.25 69.61 1.0000 per_frame
911.25 624.38 161.25 67.50 1.0000 per_frame
903.75 624.38 165.00 67.50 1.0000 per_frame
896.25 624.38 161.25 67.50 1.0000 per_frame
888.75 624.38 161.25 67.50 1.0000 per_frame
881.25 624.38 161.25 67.50 1.0000 per_frame
881.25 624.38 161.25 67.50 1.0000 per_frame
877.50 624.38 161.25 67.50 1.0000 per_frame
870.00 626.48 161.25 65.39 1.0000 per_frame
862.50 624.38 161.25 67.50 1.0000 per_frame
858.75 622.27 161.25 65.39 1.0000 per_frame
855.00 620.16 157.50 65.39 1.0000 per_frame
855.00 620.16 157.50 65.39 1.0000 per_frame
851.25 615.94 153.75 65.39 1.0000 per_frame
847.50 613.83 161.25 65.39 1.0000 per_frame
840.00 611.72 157.50 63.28 1.0000 per_frame
836.25 605.39 161.25 65.39 1.0000 per_frame
836.25 603.28 157.50 65.39 1.0000 per_frame
836.25 603.28 157.50 65.39 1.0000 per_frame
836.25 601.17 157.50 65.39 1.0000 per_frame
832.50 603.28 157.50 63.28 1.0000 per_frame
832.50 601.17 153.75 65.39 1.0000 per_frame
828.75 601.17 157.50 65.39 1.0000 per_frame
828.75 601.17 157.50 65.39 1.0000 per_frame
828.75 601.17 157.50 65.39 1.0000 per_frame
828.75 599.06 153.75 65.39 1.0000 per_frame
828.75 599.06 153.75 65.39 1.0000 per_frame
828.75 599.06 157.50 65.39 1.0000 per_frame
828.75 599.06 153.75 65.39 1.0000 per_frame
678.75 514.69 101.25 132.89 1.0000 per_frame
678.75 514.69 101.25 132.89 1.0000 per_frame
682.50 550.55 120.00 151.88 1.0000 per_frame
701.25 544.22 281.25 185.62 1.0000 per_frame
727.50 542.11 262.50 200.39 1.0000 per_frame
757.50 546.33 240.00 194.06 1.0000 per_frame
783.75 537.89 210.00 219.38 1.0000 per_frame
783.75 537.89 210.00 219.38 1.0000 per_frame
813.75 544.22 187.50 236.25 1.0000 per_frame
840.00 548.44 165.00 221.48 1.0000 per_frame
851.25 554.77 172.50 229.92 1.0000 per_frame
851.25 558.98 213.75 276.33 1.0000 per_frame
851.25 565.31 191.25 255.23 1.0000 per_frame
851.25 565.31 191.25 253.12 1.0000 per_frame
855.00 569.53 213.75 215.16 1.0000 per_frame
855.00 573.75 273.75 263.67 1.0000 per_frame
990.00 582.19 127.50 236.25 1.0000 per_frame
1020.00 588.52 120.00 168.75 1.0000 per_frame
1038.75 605.39 123.75 202.50 1.0000 per_frame
1038.75 605.39 123.75 202.50 1.0000 per_frame
1083.75 613.83 101.25 105.47 1.0000 per_frame
851.25 613.83 146.25 61.17 1.0000 per_frame
851.25 618.05 153.75 59.06 1.0000 per_frame
851.25 622.27 153.75 59.06 1.0000 per_frame
851.25 624.38 146.25 59.06 1.0000 per_frame
851.25 624.38 146.25 59.06 1.0000 per_frame
1177.50 672.89 127.50 166.64 1.0000 per_frame
851.25 630.70 146.25 59.06 1.0000 per_frame
851.25 632.81 150.00 61.17 1.0000 per_frame
855.00 637.03 142.50 59.06 1.0000 per_frame
858.75 641.25 150.00 59.06 1.0000 per_frame
858.75 641.25 150.00 59.06 1.0000 per_frame
858.75 645.47 146.25 59.06 1.0000 per_frame
1342.50 683.44 120.00 141.33 1.0000 per_frame
1402.50 662.34 93.75 132.89 1.0000 per_frame
888.75 653.91 150.00 59.06 1.0000 per_frame
896.25 660.23 142.50 59.06 1.0000 per_frame
896.25 660.23 142.50 59.06 1.0000 per_frame
1327.50 799.45 97.50 128.67 1.0000 per_frame
1350.00 803.67 82.50 97.03 1.0000 per_frame
903.75 670.78 150.00 59.06 1.0000 per_frame
911.25 675.00 138.75 59.06 1.0000 per_frame
1593.75 689.77 90.00 116.02 1.0000 per_frame
1593.75 689.77 90.00 116.02 1.0000 per_frame
1586.25 698.20 123.75 210.94 1.0000 per_frame
1642.50 700.31 90.00 116.02 1.0000 per_frame
911.25 691.88 146.25 56.95 1.0000 per_frame
911.25 693.98 142.50 56.95 1.0000 per_frame
907.50 693.98 146.25 54.84 1.0000 per_frame
907.50 693.98 146.25 54.84 1.0000 per_frame
907.50 693.98 142.50 54.84 1.0000 per_frame
903.75 693.98 150.00 54.84 1.0000 per_frame
903.75 696.09 138.75 54.84 1.0000 per_frame
900.00 696.09 142.50 56.95 1.0000 per_frame
896.25 696.09 142.50 56.95 1.0000 per_frame
896.25 696.09 142.50 56.95 1.0000 per_frame
896.25 698.20 138.75 54.84 1.0000 per_frame
896.25 702.42 142.50 54.84 1.0000 per_frame
892.50 706.64 142.50 54.84 1.0000 per_frame
892.50 708.75 142.50 54.84 1.0000 per_frame
888.75 710.86 146.25 54.84 1.0000 per_frame
888.75 710.86 146.25 54.84 1.0000 per_frame
888.75 710.86 138.75 54.84 1.0000 per_frame
892.50 710.86 142.50 54.84 1.0000 per_frame
896.25 712.97 138.75 54.84 1.0000 per_frame
896.25 712.97 142.50 54.84 1.0000 per_frame
896.25 712.97 142.50 54.84 1.0000 per_frame
896.25 712.97 142.50 54.84 1.0000 per_frame
900.00 712.97 142.50 52.73 1.0000 per_frame
903.75 706.64 138.75 52.73 1.0000 per_frame
907.50 696.09 138.75 54.84 1.0000 per_frame
911.25 683.44 138.75 52.73 1.0000 per_frame
922.50 664.45 127.50 52.73 1.0000 per_frame
922.50 664.45 127.50 52.73 1.0000 per_frame
926.25 660.23 131.25 40.08 1.0000 per_frame
933.75 639.14 131.25 52.73 1.0000 per_frame
937.50 624.38 131.25 50.62 1.0000 per_frame
945.00 605.39 135.00 52.73 1.0000 per_frame
952.50 596.95 138.75 52.73 1.0000 per_frame
952.50 596.95 138.75 52.73 1.0000 per_frame
960.00 592.73 138.75 52.73 1.0000 per_frame
960.00 592.73 135.00 54.84 1.0000 per_frame
963.75 588.52 135.00 50.62 1.0000 per_frame
967.50 586.41 135.00 52.73 1.0000 per_frame
967.50 584.30 135.00 50.62 1.0000 per_frame
967.50 584.30 135.00 50.62 1.0000 per_frame
967.50 584.30 135.00 52.73 1.0000 per_frame
967.50 586.41 131.25 52.73 1.0000 per_frame
960.00 590.62 138.75 52.73 1.0000 per_frame
948.75 592.73 135.00 52.73 1.0000 per_frame
937.50 596.95 135.00 50.62 1.0000 per_frame
937.50 596.95 135.00 50.62 1.0000 per_frame
926.25 599.06 138.75 50.62 1.0000 per_frame
911.25 601.17 138.75 50.62 1.0000 per_frame
900.00 601.17 138.75 50.62 1.0000 per_frame
888.75 601.17 131.25 50.62 1.0000 per_frame
877.50 601.17 131.25 50.62 1.0000 per_frame
877.50 601.17 131.25 50.62 1.0000 per_frame
866.25 599.06 135.00 50.62 1.0000 per_frame
862.50 596.95 135.00 50.62 1.0000 per_frame
858.75 592.73 131.25 50.62 1.0000 per_frame
855.00 586.41 135.00 52.73 1.0000 per_frame
851.25 575.86 138.75 50.62 1.0000 per_frame
851.25 575.86 138.75 50.62 1.0000 per_frame
41.25 921.80 176.25 54.84 1.0000 per_frame
75.00 904.92 157.50 56.95 1.0000 per_frame
45.00 894.38 198.75 80.16 1.0000 per_frame
56.25 883.83 202.50 80.16 1.0000 per_frame
108.75 879.61 161.25 78.05 1.0000 per_frame
108.75 879.61 161.25 78.05 1.0000 per_frame
71.25 879.61 210.00 80.16 1.0000 per_frame
63.75 875.39 225.00 84.38 1.0000 per_frame
82.50 871.17 217.50 82.27 1.0000 per_frame
93.75 862.73 221.25 82.27 1.0000 per_frame
101.25 854.30 225.00 84.38 1.0000 per_frame
101.25 854.30 225.00 84.38 1.0000 per_frame
116.25 847.97 221.25 84.38 1.0000 per_frame
86.25 839.53 266.25 84.38 1.0000 per_frame
135.00 835.31 236.25 82.27 1.0000 per_frame
120.00 828.98 270.00 143.44 1.0000 per_frame
135.00 820.55 266.25 84.38 1.0000 per_frame
150.00 801.56 266.25 158.20 1.0000 per_frame
150.00 801.56 266.25 158.20 1.0000 per_frame
168.75 786.80 266.25 153.98 1.0000 per_frame
183.75 774.14 266.25 156.09 1.0000 per_frame
198.75 757.27 270.00 158.20 1.0000 per_frame
225.00 740.39 262.50 128.67 1.0000 per_frame
262.50 717.19 255.00 75.94 1.0000 per_frame
262.50 717.19 255.00 75.94 1.0000 per_frame
288.75 702.42 255.00 80.16 1.0000 per_frame
307.50 693.98 251.25 78.05 1.0000 per_frame
326.25 685.55 251.25 73.83 1.0000 per_frame
348.75 672.89 251.25 78.05 1.0000 per_frame
420.00 664.45 195.00 50.62 1.0000 per_frame
420.00 664.45 195.00 50.62 1.0000 per_frame
397.50 656.02 236.25 71.72 1.0000 per_frame
408.75 649.69 240.00 73.83 1.0000 per_frame
480.00 641.25 183.75 71.72 1.0000 per_frame
858.75 377.58 116.25 46.41 1.0000 per_frame
543.75 626.48 153.75 63.28 1.0000 per_frame
543.75 626.48 153.75 67.50 1.0000 per_frame
862.50 375.47 120.00 44.30 1.0000 per_frame
870.00 373.36 108.75 44.30 1.0000 per_frame
873.75 371.25 108.75 42.19 1.0000 per_frame
877.50 367.03 108.75 44.30 1.0000 per_frame
877.50 362.81 105.00 42.19 1.0000 per_frame
877.50 362.81 105.00 44.30 1.0000 per_frame
881.25 356.48 108.75 44.30 1.0000 per_frame
885.00 352.27 108.75 44.30 1.0000 per_frame
888.75 350.16 108.75 42.19 1.0000 per_frame
892.50 341.72 105.00 42.19 1.0000 per_frame
896.25 335.39 108.75 42.19 1.0000 per_frame
896.25 335.39 108.75 42.19 1.0000 per_frame
900.00 326.95 105.00 42.19 1.0000 per_frame
903.75 316.41 105.00 42.19 1.0000 per_frame
911.25 307.97 108.75 42.19 1.0000 per_frame
915.00 301.64 105.00 42.19 1.0000 per_frame
922.50 295.31 105.00 40.08 1.0000 per_frame
922.50 295.31 105.00 40.08 1.0000 per_frame
930.00 288.98 97.50 40.08 1.0000 per_frame
937.50 282.66 101.25 40.08 1.0000 per_frame
941.25 278.44 97.50 40.08 1.0000 per_frame
945.00 270.00 105.00 40.08 1.0000 per_frame
952.50 263.67 101.25 37.97 1.0000 per_frame
952.50 263.67 101.25 37.97 1.0000 per_frame
960.00 253.12 101.25 40.08 1.0000 per_frame
963.75 246.80 97.50 37.97 1.0000 per_frame
971.25 244.69 101.25 37.97 1.0000 per_frame
978.75 240.47 93.75 37.97 1.0000 per_frame
982.50 234.14 101.25 40.08 1.0000 per_frame
982.50 234.14 101.25 40.08 1.0000 per_frame
986.25 225.70 97.50 40.08 1.0000 per_frame
993.75 217.27 97.50 42.19 1.0000 per_frame
1001.25 208.83 97.50 42.19 1.0000 per_frame
1005.00 200.39 93.75 42.19 1.0000 per_frame
1008.75 191.95 93.75 40.08 1.0000 per_frame
1008.75 191.95 93.75 40.08 1.0000 per_frame
1012.50 181.41 97.50 40.08 1.0000 per_frame
1020.00 172.97 97.50 37.97 1.0000 per_frame
1023.75 162.42 93.75 35.86 1.0000 per_frame
1023.75 145.55 90.00 37.97 1.0000 per_frame
1027.50 128.67 93.75 37.97 1.0000 per_frame
1027.50 128.67 93.75 37.97 1.0000 per_frame
1035.00 120.23 93.75 37.97 1.0000 per_frame
1031.25 113.91 90.00 37.97 1.0000 per_frame
1031.25 105.47 93.75 37.97 1.0000 per_frame
1031.25 101.25 93.75 37.97 1.0000 per_frame
1027.50 97.03 90.00 37.97 1.0000 per_frame
1027.50 97.03 90.00 37.97 1.0000 per_frame
1023.75 92.81 90.00 37.97 1.0000 per_frame
1027.50 92.81 90.00 35.86 1.0000 per_frame
1023.75 94.92 90.00 35.86 1.0000 per_frame
1023.75 99.14 90.00 35.86 1.0000 per_frame
1027.50 107.58 93.75 37.97 1.0000 per_frame
1027.50 107.58 93.75 37.97 1.0000 per_frame
1031.25 122.34 90.00 35.86 1.0000 per_frame
1031.25 132.89 93.75 35.86 1.0000 per_frame
1035.00 145.55 90.00 35.86 1.0000 per_frame
1031.25 153.98 90.00 35.86 1.0000 per_frame
1027.50 162.42 90.00 35.86 1.0000 per_frame
1027.50 162.42 90.00 35.86 1.0000 per_frame
1020.00 162.42 86.25 35.86 1.0000 per_frame
1020.00 160.31 86.25 37.97 1.0000 per_frame
1012.50 160.31 90.00 37.97 1.0000 per_frame
1005.00 160.31 86.25 35.86 1.0000 per_frame
993.75 158.20 90.00 35.86 1.0000 per_frame
993.75 158.20 90.00 35.86 1.0000 per_frame
986.25 156.09 90.00 35.86 1.0000 per_frame
978.75 151.88 86.25 37.97 1.0000 per_frame
967.50 149.77 86.25 37.97 1.0000 per_frame
960.00 147.66 82.50 37.97 1.0000 per_frame
948.75 145.55 82.50 37.97 1.0000 per_frame
948.75 145.55 82.50 37.97 1.0000 per_frame
930.00 145.55 86.25 35.86 1.0000 per_frame
922.50 143.44 86.25 35.86 1.0000 per_frame
915.00 141.33 82.50 35.86 1.0000 per_frame
907.50 137.11 82.50 35.86 1.0000 per_frame
903.75 135.00 82.50 37.97 1.0000 per_frame
903.75 135.00 82.50 37.97 1.0000 per_frame
896.25 132.89 82.50 37.97 1.0000 per_frame
892.50 132.89 86.25 37.97 1.0000 per_frame
888.75 132.89 82.50 35.86 1.0000 per_frame
881.25 130.78 82.50 37.97 1.0000 per_frame
877.50 130.78 78.75 35.86 1.0000 per_frame
877.50 130.78 78.75 35.86 1.0000 per_frame
873.75 130.78 78.75 35.86 1.0000 per_frame
866.25 130.78 82.50 35.86 1.0000 per_frame
858.75 130.78 82.50 35.86 1.0000 per_frame
858.75 128.67 75.00 37.97 1.0000 per_frame
847.50 130.78 82.50 35.86 1.0000 per_frame
847.50 130.78 82.50 35.86 1.0000 per_frame
843.75 128.67 78.75 35.86 1.0000 per_frame
836.25 128.67 78.75 37.97 1.0000 per_frame
828.75 128.67 75.00 35.86 1.0000 per_frame
821.25 126.56 75.00 37.97 1.0000 per_frame
813.75 126.56 78.75 37.97 1.0000 per_frame
813.75 126.56 75.00 37.97 1.0000 per_frame
806.25 126.56 75.00 37.97 1.0000 per_frame
798.75 126.56 75.00 37.97 1.0000 per_frame
791.25 124.45 75.00 37.97 1.0000 per_frame
787.50 124.45 75.00 37.97 1.0000 per_frame
780.00 124.45 75.00 37.97 1.0000 per_frame
780.00 124.45 75.00 37.97 1.0000 per_frame
772.50 124.45 75.00 35.86 1.0000 per_frame
765.00 120.23 75.00 37.97 1.0000 per_frame
757.50 120.23 71.25 35.86 1.0000 per_frame
753.75 116.02 71.25 37.97 1.0000 per_frame
746.25 116.02 75.00 35.86 1.0000 per_frame
746.25 116.02 75.00 35.86 1.0000 per_frame
742.50 113.91 75.00 35.86 1.0000 per_frame
738.75 111.80 67.50 35.86 1.0000 per_frame
731.25 109.69 71.25 35.86 1.0000 per_frame
723.75 107.58 75.00 37.97 1.0000 per_frame
716.25 107.58 75.00 37.97 1.0000 per_frame
716.25 107.58 75.00 37.97 1.0000 per_frame
712.50 107.58 71.25 37.97 1.0000 per_frame
701.25 109.69 78.75 37.97 1.0000 per_frame
693.75 109.69 78.75 37.97 1.0000 per_frame
686.25 111.80 78.75 35.86 1.0000 per_frame
678.75 109.69 78.75 35.86 1.0000 per_frame
678.75 109.69 78.75 35.86 1.0000 per_frame
675.00 107.58 75.00 37.97 1.0000 per_frame
667.50 107.58 78.75 35.86 1.0000 per_frame
660.00 105.47 78.75 37.97 1.0000 per_frame
652.50 103.36 78.75 37.97 1.0000 per_frame
645.00 101.25 78.75 37.97 1.0000 per_frame
645.00 101.25 78.75 37.97 1.0000 per_frame
641.25 99.14 78.75 37.97 1.0000 per_frame
633.75 97.03 78.75 37.97 1.0000 per_frame
622.50 94.92 82.50 37.97 1.0000 per_frame
618.75 94.92 82.50 35.86 1.0000 per_frame
611.25 92.81 82.50 37.97 1.0000 per_frame
611.25 92.81 82.50 37.97 1.0000 per_frame
603.75 90.70 82.50 37.97 1.0000 per_frame
592.50 90.70 90.00 37.97 1.0000 per_frame
588.75 90.70 86.25 37.97 1.0000 per_frame
581.25 88.59 86.25 37.97 1.0000 per_frame
577.50 90.70 86.25 37.97 1.0000 per_frame
577.50 90.70 86.25 37.97 1.0000 per_frame
566.25 90.70 90.00 37.97 1.0000 per_frame
562.50 92.81 86.25 37.97 1.0000 per_frame
555.00 92.81 86.25 40.08 1.0000 per_frame
547.50 97.03 90.00 35.86 1.0000 per_frame
543.75 97.03 86.25 37.97 1.0000 per_frame
532.50 99.14 90.00 37.97 1.0000 per_frame
532.50 99.14 90.00 37.97 1.0000 per_frame
525.00 101.25 90.00 37.97 1.0000 per_frame
517.50 103.36 86.25 37.97 1.0000 per_frame
506.25 105.47 90.00 40.08 1.0000 per_frame
498.75 109.69 90.00 37.97 1.0000 per_frame
491.25 111.80 90.00 37.97 1.0000 per_frame
491.25 111.80 90.00 37.97 1.0000 per_frame
480.00 113.91 90.00 40.08 1.0000 per_frame
472.50 116.02 90.00 40.08 1.0000 per_frame
465.00 120.23 90.00 37.97 1.0000 per_frame
457.50 124.45 90.00 37.97 1.0000 per_frame
1113.75 533.67 90.00 37.97 1.0000 per_frame
1113.75 533.67 90.00 33.75 1.0000 per_frame
438.75 126.56 90.00 40.08 1.0000 per_frame
431.25 128.67 90.00 40.08 1.0000 per_frame
420.00 132.89 90.00 37.97 1.0000 per_frame
412.50 132.89 90.00 40.08 1.0000 per_frame
401.25 137.11 93.75 37.97 1.0000 per_frame
401.25 137.11 93.75 37.97 1.0000 per_frame
397.50 139.22 90.00 37.97 1.0000 per_frame
390.00 139.22 90.00 40.08 1.0000 per_frame
382.50 141.33 90.00 40.08 1.0000 per_frame
375.00 145.55 90.00 37.97 1.0000 per_frame
371.25 147.66 90.00 40.08 1.0000 per_frame
371.25 147.66 90.00 40.08 1.0000 per_frame
363.75 151.88 90.00 37.97 1.0000 per_frame
356.25 153.98 90.00 37.97 1.0000 per_frame
348.75 156.09 93.75 37.97 1.0000 per_frame
1128.75 575.86 105.00 35.86 1.0000 per_frame
341.25 158.20 86.25 40.08 1.0000 per_frame
341.25 158.20 86.25 40.08 1.0000 per_frame
333.75 160.31 90.00 40.08 1.0000 per_frame
326.25 162.42 93.75 37.97 1.0000 per_frame
322.50 162.42 90.00 37.97 1.0000 per_frame
315.00 164.53 93.75 37.97 1.0000 per_frame
311.25 164.53 90.00 40.08 1.0000 per_frame
311.25 164.53 90.00 40.08 1.0000 per_frame
303.75 166.64 93.75 37.97 1.0000 per_frame
303.75 166.64 90.00 40.08 1.0000 per_frame
300.00 170.86 90.00 37.97 1.0000 per_frame
296.25 172.97 90.00 37.97 1.0000 per_frame
288.75 175.08 90.00 37.97 1.0000 per_frame
288.75 175.08 90.00 37.97 1.0000 per_frame
288.75 175.08 86.25 40.08 1.0000 per_frame
281.25 175.08 90.00 40.08 1.0000 per_frame
277.50 175.08 90.00 40.08 1.0000 per_frame
273.75 177.19 90.00 37.97 1.0000 per_frame
266.25 177.19 90.00 40.08 1.0000 per_frame
266.25 177.19 90.00 40.08 1.0000 per_frame
262.50 179.30 90.00 37.97 1.0000 per_frame
258.75 179.30 90.00 37.97 1.0000 per_frame
258.75 177.19 86.25 37.97 1.0000 per_frame
255.00 177.19 86.25 37.97 1.0000 per_frame
247.50 175.08 90.00 40.08 1.0000 per_frame
247.50 175.08 90.00 40.08 1.0000 per_frame
247.50 175.08 86.25 37.97 1.0000 per_frame
243.75 172.97 86.25 40.08 1.0000 per_frame
243.75 175.08 86.25 37.97 1.0000 per_frame
240.00 175.08 86.25 37.97 1.0000 per_frame
236.25 172.97 86.25 37.97 1.0000 per_frame
236.25 172.97 86.25 37.97 1.0000 per_frame
236.25 172.97 86.25 40.08 1.0000 per_frame
236.25 172.97 86.25 40.08 1.0000 per_frame
236.25 172.97 82.50 40.08 1.0000 per_frame
236.25 172.97 82.50 37.97 1.0000 per_frame
236.25 172.97 82.50 37.97 1.0000 per_frame
236.25 172.97 82.50 37.97 1.0000 per_frame
236.25 172.97 82.50 37.97 1.0000 per_frame
236.25 172.97 82.50 40.08 1.0000 per_frame
236.25 175.08 82.50 37.97 1.0000 per_frame
236.25 175.08 78.75 40.08 1.0000 per_frame
236.25 175.08 78.75 40.08 1.0000 per_frame
236.25 175.08 78.75 40.08 1.0000 per_frame
232.50 179.30 82.50 37.97 1.0000 per_frame
236.25 181.41 78.75 40.08 1.0000 per_frame
232.50 183.52 78.75 40.08 1.0000 per_frame
232.50 189.84 75.00 37.97 1.0000 per_frame
228.75 194.06 75.00 40.08 1.0000 per_frame
228.75 194.06 75.00 40.08 1.0000 per_frame
225.00 196.17 75.00 40.08 1.0000 per_frame
221.25 198.28 75.00 40.08 1.0000 per_frame
217.50 200.39 75.00 37.97 1.0000 per_frame
217.50 200.39 71.25 37.97 1.0000 per_frame
213.75 202.50 71.25 40.08 1.0000 per_frame
213.75 202.50 71.25 40.08 1.0000 per_frame
210.00 202.50 71.25 40.08 1.0000 per_frame
206.25 200.39 71.25 40.08 1.0000 per_frame
202.50 198.28 71.25 40.08 1.0000 per_frame
202.50 198.28 67.50 37.97 1.0000 per_frame
198.75 196.17 67.50 40.08 1.0000 per_frame
198.75 196.17 67.50 40.08 1.0000 per_frame
195.00 196.17 71.25 40.08 1.0000 per_frame
191.25 198.28 67.50 37.97 1.0000 per_frame
187.50 198.28 71.25 37.97 1.0000 per_frame
183.75 198.28 71.25 37.97 1.0000 per_frame
180.00 198.28 71.25 40.08 1.0000 per_frame
180.00 198.28 71.25 40.08 1.0000 per_frame
176.25 200.39 71.25 40.08 1.0000 per_frame
172.50 204.61 75.00 37.97 1.0000 per_frame
172.50 204.61 71.25 40.08 1.0000 per_frame
168.75 204.61 71.25 40.08 1.0000 per_frame
168.75 208.83 71.25 37.97 1.0000 per_frame
168.75 208.83 71.25 37.97 1.0000 per_frame
165.00 210.94 71.25 37.97 1.0000 per_frame
165.00 213.05 71.25 40.08 1.0000 per_frame
165.00 217.27 71.25 40.08 1.0000 per_frame
165.00 223.59 71.25 37.97 1.0000 per_frame
165.00 227.81 71.25 40.08 1.0000 per_frame
165.00 227.81 71.25 40.08 1.0000 per_frame
165.00 232.03 71.25 40.08 1.0000 per_frame
165.00 234.14 71.25 40.08 1.0000 per_frame
168.75 240.47 71.25 37.97 1.0000 per_frame
168.75 244.69 71.25 40.08 1.0000 per_frame
168.75 251.02 67.50 35.86 1.0000 per_frame
168.75 251.02 67.50 35.86 1.0000 per_frame
172.50 257.34 71.25 37.97 1.0000 per_frame
168.75 261.56 75.00 40.08 1.0000 per_frame
168.75 265.78 75.00 40.08 1.0000 per_frame
172.50 270.00 75.00 40.08 1.0000 per_frame
172.50 276.33 78.75 37.97 1.0000 per_frame
172.50 276.33 78.75 37.97 1.0000 per_frame
168.75 278.44 78.75 37.97 1.0000 per_frame
168.75 282.66 78.75 37.97 1.0000 per_frame
172.50 284.77 75.00 37.97 1.0000 per_frame
168.75 284.77 82.50 40.08 1.0000 per_frame
172.50 284.77 75.00 40.08 1.0000 per_frame
172.50 284.77 75.00 40.08 1.0000 per_frame
172.50 291.09 78.75 37.97 1.0000 per_frame
168.75 291.09 82.50 37.97 1.0000 per_frame
1380.00 584.30 90.00 33.75 1.0000 per_frame
168.75 293.20 78.75 37.97 1.0000 per_frame
168.75 295.31 82.50 37.97 1.0000 per_frame
168.75 295.31 82.50 37.97 1.0000 per_frame
165.00 295.31 82.50 37.97 1.0000 per_frame
1376.25 575.86 90.00 29.53 1.0000 per_frame
165.00 293.20 82.50 37.97 1.0000 per_frame
165.00 293.20 86.25 37.97 1.0000 per_frame
165.00 293.20 86.25 37.97 1.0000 per_frame
165.00 293.20 86.25 37.97 1.0000 per_frame
168.75 295.31 82.50 37.97 1.0000 per_frame
168.75 295.31 82.50 37.97 1.0000 per_frame
168.75 293.20 86.25 40.08 1.0000 per_frame
168.75 293.20 86.25 37.97 1.0000 per_frame
168.75 295.31 86.25 37.97 1.0000 per_frame
168.75 295.31 86.25 37.97 1.0000 per_frame
168.75 297.42 86.25 37.97 1.0000 per_frame
172.50 297.42 86.25 37.97 1.0000 per_frame
172.50 299.53 86.25 37.97 1.0000 per_frame
176.25 301.64 90.00 35.86 1.0000 per_frame
176.25 301.64 90.00 37.97 1.0000 per_frame
176.25 301.64 90.00 37.97 1.0000 per_frame
180.00 303.75 86.25 37.97 1.0000 per_frame
183.75 307.97 86.25 35.86 1.0000 per_frame
183.75 310.08 86.25 35.86 1.0000 per_frame
187.50 310.08 86.25 37.97 1.0000 per_frame
187.50 312.19 86.25 37.97 1.0000 per_frame
191.25 312.19 86.25 37.97 1.0000 per_frame
191.25 312.19 86.25 37.97 1.0000 per_frame
191.25 312.19 86.25 37.97 1.0000 per_frame
195.00 312.19 90.00 37.97 1.0000 per_frame
198.75 312.19 86.25 37.97 1.0000 per_frame
198.75 314.30 90.00 35.86 1.0000 per_frame
202.50 314.30 86.25 37.97 1.0000 per_frame
202.50 314.30 86.25 37.97 1.0000 per_frame
206.25 316.41 86.25 37.97 1.0000 per_frame
206.25 316.41 86.25 35.86 1.0000 per_frame
210.00 316.41 86.25 37.97 1.0000 per_frame
213.75 316.41 86.25 37.97 1.0000 per_frame
217.50 316.41 86.25 37.97 1.0000 per_frame
217.50 318.52 86.25 35.86 1.0000 per_frame
217.50 316.41 86.25 37.97 1.0000 per_frame
221.25 316.41 86.25 37.97 1.0000 per_frame
221.25 316.41 90.00 37.97 1.0000 per_frame
225.00 316.41 86.25 37.97 1.0000 per_frame
228.75 316.41 86.25 37.97 1.0000 per_frame
228.75 316.41 86.25 37.97 1.0000 per_frame
232.50 316.41 86.25 37.97 1.0000 per_frame
236.25 314.30 82.50 37.97 1.0000 per_frame
236.25 316.41 86.25 37.97 1.0000 per_frame
240.00 316.41 82.50 37.97 1.0000 per_frame
243.75 314.30 82.50 37.97 1.0000 per_frame
243.75 314.30 82.50 37.97 1.0000 per_frame
247.50 312.19 86.25 40.08 1.0000 per_frame
251.25 312.19 82.50 37.97 1.0000 per_frame
258.75 310.08 82.50 40.08 1.0000 per_frame
258.75 310.08 86.25 40.08 1.0000 per_frame
266.25 310.08 82.50 37.97 1.0000 per_frame
266.25 310.08 82.50 37.97 1.0000 per_frame
270.00 310.08 82.50 37.97 1.0000 per_frame
277.50 307.97 82.50 40.08 1.0000 per_frame
281.25 307.97 82.50 40.08 1.0000 per_frame
288.75 305.86 82.50 40.08 1.0000 per_frame
292.50 305.86 82.50 40.08 1.0000 per_frame
292.50 305.86 82.50 40.08 1.0000 per_frame
300.00 305.86 82.50 37.97 1.0000 per_frame
303.75 305.86 82.50 37.97 1.0000 per_frame
311.25 303.75 82.50 37.97 1.0000 per_frame
318.75 303.75 82.50 37.97 1.0000 per_frame
322.50 301.64 82.50 40.08 1.0000 per_frame
322.50 301.64 82.50 40.08 1.0000 per_frame
333.75 301.64 78.75 40.08 1.0000 per_frame
337.50 305.86 78.75 37.97 1.0000 per_frame
345.00 307.97 78.75 37.97 1.0000 per_frame
348.75 307.97 78.75 37.97 1.0000 per_frame
356.25 310.08 78.75 37.97 1.0000 per_frame
352.50 310.08 82.50 37.97 1.0000 per_frame
360.00 310.08 78.75 40.08 1.0000 per_frame
363.75 310.08 78.75 40.08 1.0000 per_frame
367.50 312.19 78.75 40.08 1.0000 per_frame
375.00 318.52 75.00 37.97 1.0000 per_frame
378.75 320.62 78.75 40.08 1.0000 per_frame
378.75 320.62 78.75 40.08 1.0000 per_frame
382.50 324.84 75.00 37.97 1.0000 per_frame
382.50 329.06 78.75 37.97 1.0000 per_frame
386.25 333.28 75.00 37.97 1.0000 per_frame
386.25 335.39 78.75 42.19 1.0000 per_frame
390.00 341.72 75.00 37.97 1.0000 per_frame
390.00 341.72 75.00 37.97 1.0000 per_frame
393.75 345.94 75.00 37.97 1.0000 per_frame
401.25 350.16 67.50 40.08 1.0000 per_frame
401.25 356.48 75.00 37.97 1.0000 per_frame
408.75 360.70 71.25 40.08 1.0000 per_frame
408.75 369.14 75.00 37.97 1.0000 per_frame
408.75 369.14 75.00 37.97 1.0000 per_frame
416.25 373.36 67.50 37.97 1.0000 per_frame
420.00 379.69 71.25 37.97 1.0000 per_frame
427.50 383.91 67.50 37.97 1.0000 per_frame
476.25 409.22 18.75 10.55 1.0000 per_frame
450.00 413.44 52.50 16.88 1.0000 per_frame
446.25 413.44 56.25 16.88 1.0000 per_frame
1323.75 571.64 86.25 27.42 1.0000 per_frame
1316.25 575.86 90.00 35.86 1.0000 per_frame
1320.00 577.97 86.25 37.97 1.0000 per_frame
1320.00 582.19 86.25 25.31 1.0000 per_frame
1320.00 586.41 86.25 25.31 1.0000 per_frame
1320.00 586.41 86.25 25.31 1.0000 per_frame
1676.25 822.66 56.25 25.31 1.0000 per_frame
491.25 447.19 56.25 21.09 1.0000 per_frame
1316.25 599.06 82.50 27.42 1.0000 per_frame
1308.75 603.28 90.00 31.64 1.0000 per_frame
1308.75 607.50 90.00 35.86 1.0000 per_frame
1308.75 607.50 90.00 35.86 1.0000 per_frame
1248.75 611.72 150.00 48.52 1.0000 per_frame
1308.75 615.94 86.25 29.53 1.0000 per_frame
1308.75 622.27 86.25 27.42 1.0000 per_frame
1305.00 624.38 86.25 27.42 1.0000 per_frame
1278.75 630.70 112.50 40.08 1.0000 per_frame
1278.75 630.70 112.50 40.08 1.0000 per_frame
1260.00 637.03 131.25 44.30 1.0000 per_frame
1260.00 639.14 131.25 56.95 1.0000 per_frame
1233.75 641.25 153.75 52.73 1.0000 per_frame
1230.00 645.47 157.50 52.73 1.0000 per_frame
1301.25 647.58 86.25 29.53 1.0000 per_frame
1301.25 647.58 86.25 29.53 1.0000 per_frame
1301.25 651.80 86.25 29.53 1.0000 per_frame
1233.75 658.12 153.75 48.52 1.0000 per_frame
1241.25 662.34 142.50 40.08 1.0000 per_frame
330.00 904.92 157.50 40.08 1.0000 per_frame
1293.75 668.67 86.25 29.53 1.0000 per_frame
1293.75 668.67 86.25 31.64 1.0000 per_frame
1222.50 672.89 157.50 52.73 1.0000 per_frame
1267.50 677.11 108.75 42.19 1.0000 per_frame
1233.75 681.33 142.50 44.30 1.0000 per_frame
1230.00 683.44 142.50 56.95 1.0000 per_frame
1230.00 683.44 142.50 56.95 1.0000 per_frame
1230.00 683.44 142.50 56.95 1.0000 per_frame
1192.50 687.66 180.00 59.06 1.0000 per_frame
1207.50 689.77 161.25 56.95 1.0000 per_frame
1207.50 689.77 157.50 59.06 1.0000 per_frame
1245.00 691.88 120.00 42.19 1.0000 per_frame
1203.75 693.98 161.25 59.06 1.0000 per_frame
1203.75 693.98 161.25 59.06 1.0000 per_frame
1192.50 698.20 165.00 56.95 1.0000 per_frame
1222.50 698.20 135.00 56.95 1.0000 per_frame
1166.25 700.31 187.50 61.17 1.0000 per_frame
1192.50 700.31 161.25 56.95 1.0000 per_frame
1177.50 702.42 172.50 59.06 1.0000 per_frame
1177.50 702.42 172.50 59.06 1.0000 per_frame
1155.00 704.53 191.25 63.28 1.0000 per_frame
1162.50 702.42 180.00 59.06 1.0000 per_frame
382.50 613.83 120.00 44.30 1.0000 per_frame
1233.75 702.42 101.25 40.08 1.0000 per_frame
1162.50 702.42 168.75 61.17 1.0000 per_frame
1162.50 702.42 168.75 61.17 1.0000 per_frame
1173.75 700.31 157.50 61.17 1.0000 per_frame
1136.25 700.31 191.25 59.06 1.0000 per_frame
1143.75 700.31 180.00 61.17 1.0000 per_frame
1237.50 700.31 86.25 27.42 1.0000 per_frame
1203.75 700.31 120.00 35.86 1.0000 per_frame
1203.75 700.31 120.00 35.86 1.0000 per_frame
1192.50 700.31 127.50 56.95 1.0000 per_frame
1203.75 700.31 112.50 56.95 1.0000 per_frame
1215.00 698.20 101.25 40.08 1.0000 per_frame
1162.50 696.09 150.00 56.95 1.0000 per_frame
1207.50 693.98 105.00 42.19 1.0000 per_frame
1203.75 693.98 108.75 42.19 1.0000 per_frame
1151.25 691.88 157.50 56.95 1.0000 per_frame
1132.50 689.77 176.25 59.06 1.0000 per_frame
1173.75 685.55 131.25 59.06 1.0000 per_frame
1166.25 681.33 138.75 59.06 1.0000 per_frame
1125.00 679.22 176.25 59.06 1.0000 per_frame
1125.00 679.22 176.25 59.06 1.0000 per_frame
1143.75 672.89 157.50 52.73 1.0000 per_frame
1140.00 670.78 157.50 59.06 1.0000 per_frame
1151.25 666.56 146.25 59.06 1.0000 per_frame
1158.75 664.45 138.75 54.84 1.0000 per_frame
1143.75 662.34 153.75 59.06 1.0000 per_frame
1143.75 662.34 153.75 59.06 1.0000 per_frame
1177.50 660.23 120.00 35.86 1.0000 per_frame
1207.50 658.12 90.00 35.86 1.0000 per_frame
1170.00 656.02 127.50 56.95 1.0000 per_frame
1203.75 651.80 90.00 40.08 1.0000 per_frame
1177.50 649.69 116.25 42.19 1.0000 per_frame
1177.50 649.69 116.25 42.19 1.0000 per_frame
1162.50 645.47 127.50 42.19 1.0000 per_frame
1185.00 643.36 101.25 40.08 1.0000 per_frame
948.75 523.12 86.25 35.86 1.0000 per_frame
952.50 518.91 86.25 35.86 1.0000 per_frame
960.00 508.36 86.25 37.97 1.0000 per_frame
967.50 504.14 82.50 35.86 1.0000 per_frame
967.50 504.14 82.50 35.86 1.0000 per_frame
1117.50 611.72 150.00 48.52 1.0000 per_frame
1181.25 607.50 82.50 27.42 1.0000 per_frame
978.75 487.27 86.25 35.86 1.0000 per_frame
986.25 478.83 82.50 37.97 1.0000 per_frame
993.75 474.61 78.75 33.75 1.0000 per_frame
993.75 474.61 78.75 33.75 1.0000 per_frame
993.75 468.28 82.50 35.86 1.0000 per_frame
1098.75 577.97 142.50 54.84 1.0000 per_frame
1001.25 459.84 82.50 35.86 1.0000 per_frame
1001.25 453.52 86.25 35.86 1.0000 per_frame
1005.00 449.30 82.50 35.86 1.0000 per_frame
1005.00 449.30 82.50 35.86 1.0000 per_frame
1008.75 445.08 82.50 35.86 1.0000 per_frame
1008.75 440.86 86.25 35.86 1.0000 per_frame
1012.50 436.64 82.50 35.86 1.0000 per_frame
1016.25 434.53 82.50 33.75 1.0000 per_frame
1016.25 428.20 82.50 35.86 1.0000 per_frame
1016.25 428.20 82.50 35.86 1.0000 per_frame
1020.00 423.98 82.50 35.86 1.0000 per_frame
1016.25 419.77 82.50 35.86 1.0000 per_frame
1020.00 413.44 82.50 35.86 1.0000 per_frame
1023.75 407.11 78.75 35.86 1.0000 per_frame
1023.75 402.89 82.50 35.86 1.0000 per_frame
1023.75 402.89 82.50 35.86 1.0000 per_frame
1027.50 396.56 78.75 35.86 1.0000 per_frame
1027.50 390.23 82.50 35.86 1.0000 per_frame
1027.50 386.02 78.75 35.86 1.0000 per_frame
1023.75 381.80 82.50 33.75 1.0000 per_frame
1023.75 375.47 82.50 35.86 1.0000 per_frame
1023.75 375.47 82.50 35.86 1.0000 per_frame
1020.00 369.14 82.50 35.86 1.0000 per_frame
1016.25 364.92 82.50 35.86 1.0000 per_frame
1012.50 358.59 86.25 35.86 1.0000 per_frame
1008.75 352.27 82.50 35.86 1.0000 per_frame
1005.00 350.16 82.50 33.75 1.0000 per_frame
1005.00 350.16 82.50 33.75 1.0000 per_frame
997.50 343.83 82.50 35.86 1.0000 per_frame
993.75 339.61 82.50 35.86 1.0000 per_frame
993.75 335.39 78.75 37.97 1.0000 per_frame
990.00 333.28 78.75 35.86 1.0000 per_frame
986.25 329.06 82.50 35.86 1.0000 per_frame
986.25 329.06 82.50 35.86 1.0000 per_frame
982.50 326.95 82.50 35.86 1.0000 per_frame
982.50 324.84 78.75 35.86 1.0000 per_frame
978.75 322.73 78.75 35.86 1.0000 per_frame
982.50 320.62 75.00 35.86 1.0000 per_frame
978.75 320.62 78.75 35.86 1.0000 per_frame
978.75 320.62 78.75 35.86 1.0000 per_frame
978.75 318.52 78.75 35.86 1.0000 per_frame
978.75 318.52 75.00 35.86 1.0000 per_frame
978.75 318.52 75.00 35.86 1.0000 per_frame
978.75 320.62 75.00 35.86 1.0000 per_frame
978.75 324.84 75.00 33.75 1.0000 per_frame
978.75 324.84 75.00 33.75 1.0000 per_frame
975.00 331.17 78.75 35.86 1.0000 per_frame
975.00 343.83 78.75 35.86 1.0000 per_frame
975.00 352.27 75.00 35.86 1.0000 per_frame
971.25 360.70 78.75 35.86 1.0000 per_frame
971.25 364.92 75.00 35.86 1.0000 per_frame
971.25 364.92 75.00 35.86 1.0000 per_frame
971.25 369.14 75.00 35.86 1.0000 per_frame
967.50 373.36 75.00 35.86 1.0000 per_frame
967.50 377.58 71.25 35.86 1.0000 per_frame
967.50 383.91 71.25 35.86 1.0000 per_frame
963.75 398.67 71.25 35.86 1.0000 per_frame
963.75 398.67 71.25 35.86 1.0000 per_frame
963.75 413.44 71.25 35.86 1.0000 per_frame
960.00 426.09 67.50 33.75 1.0000 per_frame
701.25 601.17 112.50 37.97 1.0000 per_frame
952.50 445.08 71.25 33.75 1.0000 per_frame
705.00 615.94 93.75 37.97 1.0000 per_frame
701.25 615.94 97.50 37.97 1.0000 per_frame
708.75 622.27 82.50 33.75 1.0000 per_frame
663.75 624.38 120.00 42.19 1.0000 per_frame
945.00 453.52 67.50 35.86 1.0000 per_frame
945.00 455.62 67.50 35.86 1.0000 per_frame
626.25 637.03 146.25 59.06 1.0000 per_frame
630.00 637.03 142.50 59.06 1.0000 per_frame
615.00 641.25 153.75 54.84 1.0000 per_frame
611.25 641.25 150.00 59.06 1.0000 per_frame
577.50 645.47 183.75 59.06 1.0000 per_frame
633.75 649.69 123.75 54.84 1.0000 per_frame
648.75 651.80 105.00 40.08 1.0000 per_frame
652.50 651.80 101.25 40.08 1.0000 per_frame
607.50 656.02 146.25 50.62 1.0000 per_frame
952.50 461.95 67.50 33.75 1.0000 per_frame
952.50 464.06 67.50 33.75 1.0000 per_frame
948.75 466.17 71.25 33.75 1.0000 per_frame
