667.50 80.16 87.50 87.19 1.0000 init
655.00 75.94 105.00 102.66 1.0000 high
672.50 98.44 90.00 77.34 1.0000 high
665.00 95.62 100.00 98.44 1.0000 high
675.00 116.72 87.50 81.56 1.0000 high
672.50 125.16 87.50 77.34 1.0000 high
672.50 130.78 80.00 88.59 1.0000 high
682.50 150.47 75.00 73.12 1.0000 high
680.00 154.69 80.00 71.72 1.0000 high
677.50 163.12 85.00 78.75 1.0000 high
687.50 178.59 70.00 67.50 1.0000 high
680.00 188.44 75.00 63.28 1.0000 high
685.00 189.84 65.00 74.53 1.0000 high
687.50 205.31 62.50 59.06 1.0000 high
685.00 212.34 67.50 64.69 1.0000 high
692.50 215.16 62.50 66.09 1.0000 high
685.00 226.41 70.00 54.84 1.0000 high
692.50 236.25 60.00 56.25 1.0000 high
690.00 234.84 60.00 61.88 1.0000 high
690.00 244.69 57.50 52.03 1.0000 high
695.00 248.91 55.00 52.03 1.0000 high
690.00 248.91 60.00 59.06 1.0000 high
695.00 258.75 55.00 52.03 1.0000 high
695.00 260.16 55.00 47.81 1.0000 high
692.50 260.16 52.50 52.03 1.0000 high
695.00 267.19 47.50 50.62 1.0000 high
695.00 272.81 50.00 45.00 1.0000 high
695.00 271.41 50.00 46.41 1.0000 high
695.00 274.22 50.00 49.22 1.0000 high
695.00 281.25 47.50 40.78 1.0000 high
697.50 279.84 42.50 42.19 1.0000 high
695.00 281.25 45.00 43.59 1.0000 high
695.00 285.47 45.00 42.19 1.0000 high
697.50 288.28 45.00 42.19 1.0000 high
695.00 286.88 47.50 40.78 1.0000 high
697.50 291.09 45.00 37.97 1.0000 high
700.00 293.91 42.50 37.97 1.0000 high
700.00 292.50 40.00 42.19 1.0000 high
697.50 295.31 40.00 37.97 1.0000 high
702.50 298.12 35.00 32.34 1.0000 high
700.00 298.12 40.00 36.56 1.0000 high
702.50 296.72 37.50 39.38 1.0000 high
702.50 300.94 37.50 35.16 1.0000 high
700.00 303.75 40.00 30.94 1.0000 high
702.50 300.94 35.00 36.56 1.0000 high
702.50 305.16 32.50 32.34 1.0000 high
702.50 305.16 32.50 30.94 1.0000 high
705.00 307.97 32.50 30.94 1.0000 high
702.50 306.56 35.00 33.75 1.0000 high
705.00 307.97 32.50 32.34 1.0000 high
705.00 309.38 32.50 29.53 1.0000 high
705.00 312.19 32.50 26.72 1.0000 high
707.50 310.78 25.00 29.53 1.0000 high
707.50 310.78 27.50 29.53 1.0000 high
707.50 312.19 27.50 29.53 1.0000 high
707.50 313.59 30.00 28.12 1.0000 high
710.00 315.00 27.50 25.31 1.0000 high
710.00 315.00 27.50 29.53 1.0000 high
710.00 313.59 27.50 29.53 1.0000 high
710.00 316.41 27.50 26.72 1.0000 high
712.50 316.41 25.00 25.31 1.0000 high
712.50 317.81 25.00 23.91 1.0000 high
712.50 317.81 25.00 23.91 1.0000 high
715.00 317.81 22.50 23.91 1.0000 high
712.50 319.22 27.50 22.50 1.0000 high
715.00 317.81 25.00 25.31 1.0000 high
717.50 320.62 22.50 22.50 1.0000 high
717.50 319.22 22.50 22.50 1.0000 high
715.00 319.22 27.50 22.50 1.0000 high
717.50 317.81 25.00 23.91 1.0000 high
717.50 319.22 25.00 22.50 1.0000 high
717.50 317.81 25.00 22.50 1.0000 high
717.50 317.81 25.00 23.91 1.0000 high
717.50 317.81 27.50 19.69 1.0000 high
720.00 317.81 25.00 22.50 1.0000 high
720.00 316.41 25.00 22.50 1.0000 high
720.00 316.41 22.50 21.09 1.0000 high
722.50 316.41 20.00 21.09 1.0000 high
720.00 316.41 22.50 19.69 1.0000 high
722.50 316.41 20.00 19.69 1.0000 high
722.50 316.41 22.50 19.69 1.0000 high
722.50 315.00 20.00 19.69 1.0000 high
722.50 315.00 20.00 19.69 1.0000 high
722.50 315.00 20.00 21.09 1.0000 high
722.50 313.59 20.00 22.50 1.0000 high
722.50 316.41 17.50 19.69 1.0000 high
720.00 316.41 20.00 19.69 1.0000 high
717.50 319.22 22.50 16.88 1.0000 high
720.00 316.41 17.50 19.69 1.0000 high
717.50 317.81 20.00 18.28 1.0000 high
717.50 320.62 17.50 15.47 1.0000 high
717.50 319.22 17.50 18.28 1.0000 high
715.00 322.03 20.00 15.47 1.0000 high
717.50 322.03 17.50 15.47 1.0000 high
715.00 322.03 17.50 16.88 1.0000 high
715.00 322.03 17.50 18.28 1.0000 high
710.00 322.03 20.00 16.88 1.0000 high
710.00 323.44 20.00 16.88 1.0000 high
707.50 322.03 20.00 18.28 1.0000 high
707.50 323.44 20.00 18.28 1.0000 high
