1192.50 833.20 75.00 31.64 1.0000 init
1188.75 835.31 75.00 29.53 1.0000 high
1188.75 835.31 75.00 29.53 1.0000 high
1188.75 837.42 71.25 29.53 1.0000 high
1188.75 837.42 67.50 29.53 1.0000 high
1185.00 837.42 71.25 29.53 1.0000 high
1181.25 837.42 67.50 29.53 1.0000 high
1181.25 839.53 63.75 21.09 1.0000 high
1185.00 839.53 60.00 23.20 1.0000 high
1181.25 841.64 56.25 16.88 1.0000 high
1181.25 839.53 60.00 25.31 1.0000 high
1181.25 841.64 60.00 25.31 1.0000 high
1185.00 841.64 60.00 23.20 1.0000 high
1181.25 843.75 56.25 21.09 1.0000 high
1177.50 843.75 60.00 21.09 1.0000 high
1173.75 845.86 63.75 25.31 1.0000 high
1162.50 845.86 75.00 29.53 1.0000 high
1162.50 845.86 71.25 35.86 1.0000 high
1158.75 847.97 71.25 42.19 1.0000 high
1158.75 847.97 71.25 29.53 1.0000 high
1155.00 847.97 75.00 29.53 1.0000 high
1151.25 847.97 75.00 21.09 1.0000 high
1147.50 847.97 75.00 23.20 1.0000 high
1143.75 847.97 78.75 27.42 1.0000 high
1147.50 847.97 71.25 21.09 1.0000 high
1140.00 850.08 71.25 18.98 1.0000 high
1136.25 850.08 71.25 18.98 1.0000 high
1132.50 850.08 75.00 18.98 1.0000 high
1132.50 850.08 75.00 16.88 1.0000 high
1128.75 852.19 67.50 16.88 1.0000 high
1132.50 850.08 60.00 18.98 1.0000 high
1125.00 847.97 75.00 27.42 1.0000 high
1121.25 850.08 75.00 27.42 1.0000 high
1121.25 850.08 56.25 27.42 1.0000 high
1117.50 847.97 63.75 31.64 1.0000 high
1117.50 847.97 71.25 44.30 1.0000 high
1110.00 847.97 71.25 35.86 1.0000 high
1106.25 850.08 71.25 37.97 1.0000 high
1102.50 850.08 78.75 35.86 1.0000 high
1095.00 852.19 90.00 42.19 1.0000 high
1091.25 856.41 86.25 37.97 1.0000 high
1091.25 858.52 71.25 33.75 1.0000 high
1091.25 860.62 67.50 25.31 1.0000 high
1083.75 858.52 78.75 33.75 1.0000 high
1080.00 858.52 78.75 33.75 1.0000 high
1076.25 856.41 82.50 40.08 1.0000 high
1068.75 858.52 82.50 35.86 1.0000 high
1068.75 860.62 78.75 35.86 1.0000 high
1065.00 858.52 78.75 42.19 1.0000 high
1061.25 860.62 75.00 33.75 1.0000 high
1053.75 858.52 82.50 37.97 1.0000 high
1053.75 858.52 78.75 37.97 1.0000 high
1050.00 862.73 71.25 27.42 1.0000 high
1042.50 860.62 75.00 42.19 1.0000 high
1035.00 860.62 78.75 40.08 1.0000 high
1035.00 860.62 67.50 25.31 1.0000 high
1031.25 858.52 78.75 40.08 1.0000 high
1031.25 858.52 60.00 25.31 1.0000 high
1027.50 856.41 67.50 37.97 1.0000 high
1023.75 854.30 60.00 27.42 1.0000 high
1020.00 852.19 63.75 25.31 1.0000 high
1016.25 850.08 71.25 31.64 1.0000 high
1012.50 845.86 71.25 31.64 1.0000 high
1012.50 843.75 71.25 37.97 1.0000 high
1005.00 839.53 71.25 33.75 1.0000 high
1001.25 833.20 71.25 29.53 1.0000 high
1001.25 833.20 63.75 21.09 1.0000 high
997.50 826.88 67.50 31.64 1.0000 high
993.75 812.11 67.50 42.19 1.0000 high
982.50 812.11 67.50 31.64 1.0000 high
982.50 810.00 67.50 33.75 1.0000 high
978.75 803.67 63.75 29.53 1.0000 high
975.00 795.23 56.25 31.64 1.0000 high
975.00 791.02 60.00 25.31 1.0000 high
960.00 780.47 67.50 33.75 1.0000 high
948.75 774.14 82.50 33.75 1.0000 high
960.00 772.03 63.75 23.20 1.0000 high
956.25 765.70 67.50 35.86 1.0000 high
941.25 761.48 78.75 23.20 1.0000 high
937.50 757.27 52.50 18.98 1.0000 high
933.75 753.05 82.50 40.08 1.0000 high
933.75 746.72 78.75 46.41 1.0000 high
933.75 746.72 75.00 46.41 1.0000 high
926.25 744.61 78.75 48.52 1.0000 high
922.50 744.61 78.75 40.08 1.0000 high
918.75 742.50 82.50 42.19 1.0000 high
915.00 740.39 75.00 37.97 1.0000 high
911.25 738.28 82.50 40.08 1.0000 high
907.50 736.17 90.00 42.19 1.0000 high
903.75 736.17 86.25 40.08 1.0000 high
900.00 736.17 86.25 29.53 1.0000 high
896.25 734.06 82.50 29.53 1.0000 high
892.50 734.06 82.50 33.75 1.0000 high
888.75 731.95 86.25 35.86 1.0000 high
885.00 731.95 86.25 37.97 1.0000 high
881.25 731.95 86.25 37.97 1.0000 high
881.25 731.95 82.50 35.86 1.0000 high
877.50 731.95 82.50 37.97 1.0000 high
877.50 729.84 75.00 37.97 1.0000 high
873.75 729.84 75.00 37.97 1.0000 high
866.25 729.84 75.00 44.30 1.0000 high
862.50 727.73 71.25 40.08 1.0000 high
858.75 727.73 75.00 44.30 1.0000 high
840.00 727.73 90.00 44.30 1.0000 high
828.75 729.84 101.25 44.30 1.0000 high
828.75 729.84 75.00 18.98 1.0000 high
821.25 729.84 82.50 23.20 1.0000 high
821.25 727.73 82.50 44.30 1.0000 high
817.50 725.62 75.00 40.08 1.0000 high
813.75 723.52 71.25 42.19 1.0000 high
810.00 721.41 67.50 42.19 1.0000 high
798.75 721.41 75.00 40.08 1.0000 high
798.75 719.30 67.50 44.30 1.0000 high
787.50 719.30 75.00 42.19 1.0000 high
783.75 717.19 71.25 42.19 1.0000 high
780.00 715.08 71.25 44.30 1.0000 high
772.50 715.08 71.25 46.41 1.0000 high
761.25 712.97 78.75 42.19 1.0000 high
753.75 706.64 86.25 35.86 1.0000 high
753.75 710.86 82.50 29.53 1.0000 high
742.50 704.53 82.50 37.97 1.0000 high
738.75 710.86 67.50 35.86 1.0000 high
738.75 710.86 56.25 35.86 1.0000 high
712.50 700.31 86.25 52.73 1.0000 high
720.00 706.64 71.25 48.52 1.0000 high
716.25 704.53 67.50 52.73 1.0000 high
712.50 702.42 75.00 54.84 1.0000 high
712.50 704.53 75.00 54.84 1.0000 high
697.50 702.42 82.50 48.52 1.0000 high
697.50 702.42 75.00 46.41 1.0000 high
697.50 702.42 71.25 44.30 1.0000 high
693.75 704.53 75.00 42.19 1.0000 high
690.00 704.53 75.00 40.08 1.0000 high
682.50 702.42 82.50 42.19 1.0000 high
682.50 704.53 75.00 37.97 1.0000 high
676.45 703.30 77.50 38.81 0.0000 coast
686.25 706.64 15.00 4.22 0.9451 high
679.63 705.70 24.43 8.66 0.0000 coast
676.20 705.59 19.87 5.52 0.0000 coast
480.00 776.25 3.75 2.11 0.5020 reinit
480.00 776.25 3.75 2.11 0.0000 coast
472.50 774.14 11.25 6.33 0.9843 high
476.25 776.25 3.75 2.11 0.4078 low
473.45 775.24 7.33 4.12 0.0000 coast
472.51 775.16 7.64 4.30 0.0000 coast
701.25 704.53 71.25 46.41 1.0000 reinit
701.25 715.08 71.25 50.62 1.0000 high
701.25 715.08 75.00 44.30 1.0000 high
708.75 712.97 71.25 46.41 1.0000 high
712.50 712.97 67.50 48.52 1.0000 high
716.25 706.64 67.50 59.06 1.0000 high
720.00 721.41 67.50 46.41 1.0000 high
720.00 719.30 67.50 37.97 1.0000 high
727.50 721.41 56.25 33.75 1.0000 high
727.50 721.41 60.00 40.08 1.0000 high
731.25 727.73 75.00 44.30 1.0000 high
731.25 727.73 78.75 44.30 1.0000 high
731.25 727.73 78.75 48.52 1.0000 high
738.75 731.95 82.50 46.41 1.0000 high
735.00 729.84 86.25 44.30 1.0000 high
738.75 736.17 75.00 35.86 1.0000 high
746.25 740.39 78.75 35.86 1.0000 high
761.25 742.50 71.25 27.42 1.0000 high
765.00 744.61 71.25 31.64 1.0000 high
768.75 746.72 63.75 27.42 1.0000 high
776.25 746.72 60.00 25.31 1.0000 high
776.25 748.83 63.75 27.42 1.0000 high
780.00 750.94 56.25 27.42 1.0000 high
787.50 753.05 52.50 27.42 1.0000 high
791.25 753.05 45.00 27.42 1.0000 high
798.75 759.38 45.00 23.20 1.0000 high
798.75 757.27 48.75 25.31 1.0000 high
802.50 759.38 52.50 25.31 1.0000 high
810.00 767.81 41.25 18.98 1.0000 high
817.50 769.92 37.50 16.88 1.0000 high
821.08 771.89 36.75 16.33 0.0000 coast
825.00 772.03 60.00 29.53 1.0000 high
821.25 774.14 60.00 29.53 1.0000 high
836.25 774.14 45.00 29.53 1.0000 high
838.09 777.12 51.00 30.04 0.0000 coast
843.75 788.91 52.50 14.77 1.0000 high
848.17 789.62 52.77 17.56 0.0000 coast
852.82 792.44 53.28 16.94 0.0000 coast
855.00 797.34 48.75 16.88 1.0000 high
859.86 799.99 49.67 16.21 0.0000 coast
870.00 805.78 26.25 10.55 1.0000 high
873.79 808.43 29.14 10.57 0.0000 coast
873.75 805.78 41.25 16.88 1.0000 high
888.75 810.00 30.00 14.77 1.0000 high
885.00 812.11 33.75 16.88 1.0000 high
881.25 816.33 41.25 14.77 1.0000 high
885.00 814.22 48.75 25.31 1.0000 high
885.00 818.44 48.75 25.31 1.0000 high
888.75 822.66 48.75 21.09 1.0000 high
888.75 822.66 52.50 31.64 1.0000 high
888.75 824.77 56.25 25.31 1.0000 high
888.75 826.88 60.00 31.64 1.0000 high
888.75 831.09 63.75 29.53 1.0000 high
892.50 833.20 60.00 31.64 1.0000 high
896.25 833.20 60.00 31.64 1.0000 high
896.25 835.31 60.00 31.64 1.0000 high
896.25 837.42 63.75 31.64 1.0000 high
900.00 839.53 60.00 29.53 1.0000 high
903.75 839.53 56.25 29.53 1.0000 high
903.75 841.64 56.25 29.53 1.0000 high
903.75 841.64 60.00 29.53 1.0000 high
907.50 843.75 60.00 29.53 1.0000 high
911.25 847.97 60.00 25.31 1.0000 high
911.25 847.97 60.00 27.42 1.0000 high
911.25 850.08 60.00 27.42 1.0000 high
915.00 850.08 60.00 27.42 1.0000 high
918.75 850.08 60.00 29.53 1.0000 high
922.50 852.19 52.50 25.31 1.0000 high
918.75 854.30 60.00 27.42 1.0000 high
926.25 854.30 56.25 25.31 1.0000 high
926.25 854.30 60.00 29.53 1.0000 high
926.25 856.41 60.00 27.42 1.0000 high
926.25 856.41 60.00 29.53 1.0000 high
930.00 858.52 60.00 27.42 1.0000 high
933.75 858.52 56.25 27.42 1.0000 high
933.75 858.52 56.25 27.42 1.0000 high
933.75 858.52 60.00 27.42 1.0000 high
937.50 858.52 60.00 27.42 1.0000 high
937.50 856.41 60.00 27.42 1.0000 high
941.25 854.30 56.25 25.31 1.0000 high
937.50 852.19 60.00 27.42 1.0000 high
941.25 850.08 56.25 27.42 1.0000 high
945.00 847.97 56.25 27.42 1.0000 high
945.00 843.75 60.00 27.42 1.0000 high
948.75 839.53 56.25 29.53 1.0000 high
952.50 835.31 52.50 27.42 1.0000 high
952.50 833.20 52.50 25.31 1.0000 high
956.25 826.88 52.50 25.31 1.0000 high
956.25 822.66 48.75 18.98 1.0000 high
958.60 821.45 49.04 20.33 0.0000 coast
960.46 818.99 48.27 19.58 0.0000 coast
967.50 807.89 63.75 23.20 1.0000 high
978.75 805.78 56.25 18.98 1.0000 high
978.12 802.46 59.01 19.71 0.0000 coast
981.05 799.15 59.49 19.21 0.0000 coast
993.75 793.12 22.50 6.33 0.9922 high
995.80 790.06 26.37 6.94 0.0000 coast
999.45 786.55 24.06 5.51 0.0000 coast
1005.00 778.36 15.00 6.33 0.9765 high
1008.86 774.36 11.98 5.14 0.0000 coast
1012.79 770.16 8.68 4.04 0.0000 coast
472.50 774.14 11.25 6.33 1.0000 reinit
472.50 774.14 11.25 6.33 0.9922 high
472.50 774.14 11.25 6.33 0.0000 coast
472.50 774.14 11.25 6.33 0.9843 high
472.50 774.14 11.25 6.33 1.0000 high
476.25 776.25 7.50 2.11 0.4627 low
476.25 776.25 7.50 2.11 0.4627 low
476.85 776.59 6.90 1.43 0.0000 coast
477.55 776.80 6.20 1.00 0.0000 coast
993.75 721.41 45.00 29.53 1.0000 reinit
993.75 719.30 45.00 29.53 1.0000 high
1005.00 721.41 30.00 23.20 1.0000 high
1005.00 717.19 30.00 25.31 1.0000 high
1001.25 715.08 41.25 27.42 1.0000 high
1012.50 712.97 26.25 23.20 1.0000 high
1012.50 710.86 30.00 23.20 1.0000 high
1014.93 709.19 28.46 22.68 0.0000 coast
1017.49 707.36 27.13 22.00 0.0000 coast
1020.06 705.53 25.80 21.32 0.0000 coast
1022.62 703.70 24.47 20.65 0.0000 coast
1025.19 701.88 23.14 19.97 0.0000 coast
1027.76 700.05 21.80 19.29 0.0000 coast
1030.32 698.22 20.47 18.61 0.0000 coast
1032.89 696.39 19.14 17.93 0.0000 coast
1035.45 694.56 17.81 17.25 0.0000 coast
1038.02 692.74 16.47 16.58 0.0000 coast
-100 -100 -100 -100 0.0000 miss
-100 -100 -100 -100 0.0000 miss
-100 -100 -100 -100 0.0000 miss
-100 -100 -100 -100 0.0000 miss
-100 -100 -100 -100 0.0000 miss
-100 -100 -100 -100 0.0000 miss
-100 -100 -100 -100 0.0000 miss
-100 -100 -100 -100 0.0000 miss
-100 -100 -100 -100 0.0000 miss
472.50 774.14 11.25 8.44 1.0000 reinit
472.50 774.14 11.25 8.44 1.0000 high
472.50 774.14 11.25 8.44 0.0000 coast
472.50 774.14 11.25 8.44 0.0000 coast
1012.50 675.00 52.50 25.31 1.0000 reinit
1012.50 672.89 52.50 27.42 1.0000 high
1012.50 675.00 52.50 25.31 1.0000 high
1012.50 677.11 52.50 23.20 1.0000 high
1001.25 677.11 63.75 25.31 1.0000 high
997.50 679.22 63.75 21.09 1.0000 high
993.75 679.22 63.75 21.09 1.0000 high
990.00 679.22 60.00 16.88 1.0000 high
993.75 679.22 48.75 14.77 1.0000 high
997.50 677.11 60.00 18.98 1.0000 high
990.00 675.00 63.75 21.09 1.0000 high
997.50 675.00 56.25 18.98 1.0000 high
997.50 672.89 52.50 18.98 1.0000 high
997.50 675.00 41.25 14.77 1.0000 high
990.00 670.78 75.00 25.31 1.0000 high
986.25 668.67 71.25 27.42 1.0000 high
993.75 668.67 63.75 25.31 1.0000 high
982.50 666.56 78.75 27.42 1.0000 high
982.50 666.56 67.50 21.09 1.0000 high
978.75 660.23 75.00 29.53 1.0000 high
971.25 660.23 75.00 25.31 1.0000 high
971.25 662.34 67.50 21.09 1.0000 high
971.25 662.34 52.50 18.98 1.0000 high
968.38 660.83 59.27 20.29 0.0000 coast
966.27 660.00 59.31 20.14 0.0000 coast
978.75 662.34 22.50 8.44 1.0000 high
975.00 660.23 33.75 12.66 1.0000 high
974.26 659.64 30.80 11.63 0.0000 coast
978.75 660.23 3.75 2.11 0.4392 low
978.05 659.57 1.00 1.18 0.0000 coast
974.91 658.06 1.00 1.00 0.0000 coast
960.00 656.02 26.25 6.33 1.0000 high
956.25 653.91 33.75 12.66 1.0000 high
945.00 649.69 45.00 25.31 1.0000 high
937.50 649.69 45.00 23.20 1.0000 high
926.25 647.58 60.00 27.42 1.0000 high
930.00 647.58 56.25 29.53 1.0000 high
930.00 647.58 48.75 31.64 1.0000 high
922.50 645.47 56.25 31.64 1.0000 high
915.00 645.47 52.50 31.64 1.0000 high
915.00 643.36 52.50 33.75 1.0000 high
911.25 643.36 52.50 33.75 1.0000 high
903.75 643.36 56.25 31.64 1.0000 high
900.00 641.25 52.50 31.64 1.0000 high
896.25 641.25 56.25 31.64 1.0000 high
892.50 639.14 56.25 33.75 1.0000 high
888.75 639.14 56.25 33.75 1.0000 high
885.00 639.14 56.25 40.08 1.0000 high
881.25 637.03 56.25 35.86 1.0000 high
881.25 639.14 52.50 33.75 1.0000 high
877.50 639.14 52.50 29.53 1.0000 high
877.50 639.14 48.75 29.53 1.0000 high
870.00 637.03 52.50 31.64 1.0000 high
866.25 637.03 52.50 33.75 1.0000 high
862.50 637.03 48.75 31.64 1.0000 high
858.75 637.03 52.50 29.53 1.0000 high
851.25 632.81 56.25 31.64 1.0000 high
847.50 634.92 52.50 29.53 1.0000 high
847.50 634.92 48.75 25.31 1.0000 high
843.75 632.81 48.75 29.53 1.0000 high
836.25 632.81 52.50 25.31 1.0000 high
832.50 630.70 45.00 27.42 1.0000 high
832.50 630.70 45.00 25.31 1.0000 high
825.00 630.70 48.75 27.42 1.0000 high
813.75 628.59 56.25 29.53 1.0000 high
813.75 630.70 48.75 27.42 1.0000 high
810.00 628.59 52.50 29.53 1.0000 high
806.25 626.48 52.50 31.64 1.0000 high
802.50 628.59 56.25 29.53 1.0000 high
802.50 628.59 52.50 29.53 1.0000 high
798.75 628.59 56.25 29.53 1.0000 high
795.00 628.59 52.50 29.53 1.0000 high
787.50 628.59 60.00 29.53 1.0000 high
787.50 628.59 56.25 29.53 1.0000 high
787.50 628.59 52.50 29.53 1.0000 high
787.50 628.59 48.75 29.53 1.0000 high
787.50 630.70 45.00 27.42 1.0000 high
787.50 632.81 33.75 23.20 1.0000 high
783.75 630.70 33.75 23.20 1.0000 high
780.00 628.59 33.75 23.20 1.0000 high
776.25 628.59 41.25 25.31 1.0000 high
757.50 624.38 52.50 29.53 1.0000 high
758.91 625.07 48.20 27.93 0.0000 coast
772.50 639.14 33.75 14.77 1.0000 high
776.25 643.36 26.25 10.55 1.0000 high
771.14 642.30 27.99 11.11 0.0000 coast
750.00 626.48 52.50 27.42 1.0000 high
738.75 620.16 56.25 33.75 1.0000 high
757.50 628.59 3.75 2.11 0.3804 low
745.49 624.60 24.75 13.99 0.0000 coast
741.28 623.29 24.91 14.13 0.0000 coast
768.75 647.58 30.00 10.55 1.0000 reinit
768.75 645.47 30.00 14.77 1.0000 high
772.50 643.36 26.25 16.88 1.0000 high
757.50 630.70 52.50 29.53 1.0000 high
738.75 626.48 71.25 37.97 1.0000 high
761.25 634.92 52.50 33.75 1.0000 high
772.50 639.14 41.25 27.42 1.0000 high
772.50 639.14 48.75 31.64 1.0000 high
772.50 639.14 52.50 35.86 1.0000 high
776.25 639.14 48.75 35.86 1.0000 high
780.00 641.25 52.50 33.75 1.0000 high
783.75 641.25 52.50 40.08 1.0000 high
783.75 643.36 52.50 40.08 1.0000 high
787.50 645.47 52.50 37.97 1.0000 high
787.50 645.47 52.50 37.97 1.0000 high
791.25 645.47 45.00 35.86 1.0000 high
795.00 647.58 52.50 33.75 1.0000 high
795.00 651.80 56.25 29.53 1.0000 high
795.00 651.80 63.75 33.75 1.0000 high
787.50 653.91 71.25 31.64 1.0000 high
798.75 656.02 60.00 27.42 1.0000 high
806.25 658.12 56.25 23.20 1.0000 high
806.25 660.23 63.75 25.31 1.0000 high
813.75 662.34 48.75 23.20 1.0000 high
817.50 664.45 33.75 12.66 1.0000 high
813.75 664.45 37.50 14.77 1.0000 high
816.76 665.72 36.81 13.66 0.0000 coast
818.56 666.82 35.61 12.51 0.0000 coast
821.25 664.45 75.00 31.64 1.0000 reinit
828.75 668.67 71.25 31.64 1.0000 high
836.25 670.78 63.75 29.53 1.0000 high
832.50 670.78 67.50 31.64 1.0000 high
836.25 672.89 63.75 31.64 1.0000 high
840.00 670.78 63.75 35.86 1.0000 high
840.00 672.89 67.50 35.86 1.0000 high
843.75 672.89 63.75 35.86 1.0000 high
847.50 672.89 60.00 40.08 1.0000 high
843.75 672.89 67.50 44.30 1.0000 high
847.50 675.00 56.25 42.19 1.0000 high
862.50 689.77 33.75 23.20 1.0000 high
861.71 687.47 37.46 28.86 0.0000 coast
873.75 693.98 26.25 10.55 1.0000 high
873.75 696.09 30.00 12.66 1.0000 high
873.75 696.09 33.75 12.66 1.0000 high
878.01 699.11 29.78 9.57 0.0000 coast
881.08 701.37 28.01 7.39 0.0000 coast
884.15 703.64 26.25 5.21 0.0000 coast
887.22 705.90 24.48 3.04 0.0000 coast
890.28 708.09 22.72 1.00 0.0000 coast
472.50 774.14 15.00 10.55 1.0000 reinit
472.50 774.14 15.00 10.55 1.0000 high
472.50 774.14 15.00 10.55 0.0000 coast
472.50 774.14 15.00 10.55 0.0000 coast
472.50 774.14 15.00 10.55 0.0000 coast
472.50 774.14 15.00 10.55 0.0000 coast
472.50 774.14 15.00 10.55 0.0000 coast
472.50 774.14 15.00 10.55 0.0000 coast
472.50 774.14 15.00 10.55 0.0000 coast
472.50 774.14 15.00 10.55 0.0000 coast
472.50 774.14 15.00 10.55 0.0000 coast
472.50 774.14 15.00 10.55 0.0000 coast
-100 -100 -100 -100 0.0000 miss
-100 -100 -100 -100 0.0000 miss
472.50 774.14 11.25 4.22 0.9569 high
472.50 774.14 11.25 6.33 1.0000 high
476.25 776.25 7.50 2.11 0.8902 high
475.54 775.85 7.90 2.55 0.0000 coast
475.96 776.09 7.27 1.94 0.0000 coast
476.39 776.33 6.63 1.34 0.0000 coast
476.81 776.43 5.99 1.00 0.0000 coast
476.25 776.25 7.50 2.11 0.4588 low
476.60 776.48 7.03 1.59 0.0000 coast
472.50 774.14 11.25 6.33 0.9882 high
476.25 774.14 7.50 6.33 0.9686 high
475.13 774.23 8.55 6.13 0.0000 coast
475.16 774.16 8.47 6.27 0.0000 coast
475.19 774.08 8.40 6.41 0.0000 coast
475.22 774.01 8.32 6.54 0.0000 coast
475.25 773.94 8.25 6.68 0.0000 coast
476.25 776.25 7.50 2.11 0.6627 high
476.31 776.24 7.41 2.12 0.0000 coast
472.50 774.14 11.25 6.33 1.0000 high
472.50 774.14 11.25 6.33 0.9804 high
472.45 774.20 11.27 6.20 0.0000 coast
472.20 774.12 11.52 6.37 0.0000 coast
821.25 677.11 63.75 31.64 1.0000 reinit
806.25 679.22 78.75 33.75 1.0000 high
791.25 689.77 90.00 25.31 1.0000 high
787.50 687.66 93.75 33.75 1.0000 high
791.25 685.55 93.75 35.86 1.0000 high
806.25 685.55 78.75 25.31 1.0000 high
813.75 687.66 30.00 8.44 1.0000 high
813.75 683.44 48.75 16.88 1.0000 high
806.25 683.44 45.00 21.09 1.0000 high
810.00 681.33 33.75 16.88 1.0000 high
802.50 679.22 45.00 21.09 1.0000 high
795.00 672.89 67.50 31.64 1.0000 high
791.25 670.78 71.25 33.75 1.0000 high
806.25 675.00 45.00 21.09 1.0000 high
787.50 670.78 60.00 27.42 1.0000 high
787.50 670.78 60.00 29.53 1.0000 high
783.75 668.67 63.75 40.08 1.0000 high
776.25 668.67 67.50 40.08 1.0000 high
765.00 668.67 75.00 33.75 1.0000 high
772.50 668.67 63.75 29.53 1.0000 high
761.25 666.56 78.75 44.30 1.0000 high
761.25 664.45 82.50 46.41 1.0000 high
772.50 666.56 60.00 25.31 1.0000 high
761.25 664.45 67.50 27.42 1.0000 high
757.50 664.45 71.25 29.53 1.0000 high
761.25 666.56 60.00 29.53 1.0000 high
753.75 664.45 67.50 35.86 1.0000 high
750.00 664.45 71.25 40.08 1.0000 high
753.75 664.45 63.75 35.86 1.0000 high
750.00 664.45 63.75 33.75 1.0000 high
746.25 666.56 52.50 23.20 1.0000 high
746.25 664.45 56.25 27.42 1.0000 high
743.25 664.26 55.46 26.97 0.0000 coast
757.50 668.67 33.75 14.77 1.0000 high
753.57 667.79 35.08 15.58 0.0000 coast
752.94 667.87 32.23 14.03 0.0000 coast
472.50 776.25 11.25 4.22 0.9686 reinit
476.25 776.25 7.50 2.11 0.7333 high
476.25 776.25 7.50 2.11 0.8902 high
472.50 774.14 15.00 8.44 1.0000 high
468.75 774.14 22.50 10.55 1.0000 high
468.75 774.14 22.50 10.55 1.0000 high
472.50 774.14 15.00 10.55 1.0000 high
472.50 774.14 11.25 8.44 1.0000 high
472.50 774.14 15.00 10.55 1.0000 high
472.50 774.14 11.25 8.44 1.0000 high
472.50 774.14 11.25 8.44 1.0000 high
472.50 774.14 11.25 8.44 1.0000 high
472.50 776.25 11.25 4.22 0.9882 high
472.50 774.14 11.25 8.44 1.0000 high
472.50 774.14 11.25 6.33 1.0000 high
472.50 774.14 15.00 8.44 1.0000 high
472.50 774.14 15.00 8.44 1.0000 high
472.50 774.14 11.25 8.44 1.0000 high
472.22 773.94 13.27 8.85 0.0000 coast
472.06 773.81 13.69 9.16 0.0000 coast
637.50 658.12 41.25 23.20 1.0000 reinit
630.00 658.12 45.00 25.31 1.0000 high
630.00 658.12 37.50 29.53 1.0000 high
622.50 658.12 41.25 23.20 1.0000 high
618.75 658.12 45.00 29.53 1.0000 high
615.00 656.02 48.75 31.64 1.0000 high
615.00 656.02 45.00 31.64 1.0000 high
615.00 658.12 37.50 25.31 1.0000 high
611.25 656.02 37.50 25.31 1.0000 high
607.50 656.02 45.00 27.42 1.0000 high
603.75 656.02 45.00 25.31 1.0000 high
600.00 653.91 45.00 25.31 1.0000 high
596.25 653.91 52.50 31.64 1.0000 high
596.25 653.91 48.75 27.42 1.0000 high
596.25 653.91 45.00 29.53 1.0000 high
596.25 653.91 48.75 31.64 1.0000 high
596.25 651.80 48.75 33.75 1.0000 high
596.25 651.80 48.75 29.53 1.0000 high
596.25 651.80 48.75 27.42 1.0000 high
596.25 649.69 48.75 33.75 1.0000 high
596.25 649.69 48.75 31.64 1.0000 high
596.25 649.69 52.50 29.53 1.0000 high
596.25 647.58 52.50 31.64 1.0000 high
600.00 645.47 48.75 35.86 1.0000 high
603.75 643.36 48.75 37.97 1.0000 high
603.75 643.36 52.50 33.75 1.0000 high
611.25 643.36 45.00 31.64 1.0000 high
607.50 639.14 56.25 33.75 1.0000 high
615.00 637.03 48.75 35.86 1.0000 high
622.50 639.14 48.75 33.75 1.0000 high
626.25 637.03 56.25 31.64 1.0000 high
633.75 637.03 48.75 31.64 1.0000 high
637.50 637.03 52.50 31.64 1.0000 high
645.00 637.03 52.50 29.53 1.0000 high
656.25 637.03 48.75 27.42 1.0000 high
660.00 634.92 52.50 27.42 1.0000 high
667.50 634.92 52.50 25.31 1.0000 high
675.00 634.92 48.75 25.31 1.0000 high
678.75 632.81 52.50 27.42 1.0000 high
682.50 630.70 56.25 27.42 1.0000 high
693.75 626.48 56.25 31.64 1.0000 high
701.25 620.16 60.00 37.97 1.0000 high
701.25 622.27 63.75 33.75 1.0000 high
712.50 622.27 52.50 33.75 1.0000 high
727.50 624.38 41.25 29.53 1.0000 high
730.03 621.91 45.76 31.22 0.0000 coast
727.50 620.16 48.75 29.53 1.0000 high
734.43 619.12 47.84 29.71 0.0000 coast
739.76 617.97 47.59 29.58 0.0000 coast
791.25 639.14 18.75 10.55 1.0000 reinit
791.25 639.14 18.75 10.55 0.0000 coast
791.25 639.14 18.75 10.55 0.0000 coast
821.25 632.81 22.50 16.88 1.0000 reinit
836.25 643.36 7.50 2.11 0.9020 high
837.37 644.14 6.38 1.01 0.0000 coast
840.46 644.80 3.29 1.00 0.0000 coast
843.16 645.46 1.00 1.00 0.0000 coast
472.50 774.14 11.25 6.33 0.9843 reinit
472.50 774.14 11.25 8.44 1.0000 high
472.50 774.14 11.25 8.44 1.0000 high
472.50 774.14 11.25 8.86 0.0000 coast
472.50 774.14 11.25 9.24 0.0000 coast
900.00 613.83 56.25 33.75 1.0000 reinit
911.25 613.83 48.75 29.53 1.0000 high
915.00 613.83 56.25 31.64 1.0000 high
926.25 609.61 60.00 35.86 1.0000 high
930.00 609.61 71.25 33.75 1.0000 high
941.25 605.39 67.50 37.97 1.0000 high
952.50 607.50 63.75 33.75 1.0000 high
967.50 609.61 52.50 29.53 1.0000 high
975.00 609.61 52.50 31.64 1.0000 high
993.75 607.50 52.50 31.64 1.0000 high
997.50 605.39 63.75 31.64 1.0000 high
