1668.75 379.69 48.75 40.08 1.0000 init
1676.25 379.69 52.50 42.19 1.0000 high
1687.50 381.80 52.50 40.08 1.0000 high
1698.75 383.91 48.75 42.19 1.0000 high
1706.25 383.91 48.75 44.30 1.0000 high
1713.75 388.12 48.75 42.19 1.0000 high
1721.25 386.02 56.25 46.41 1.0000 high
1728.75 392.34 48.75 44.30 1.0000 high
1736.25 398.67 48.75 42.19 1.0000 high
1743.75 402.89 52.50 42.19 1.0000 high
1751.25 407.11 48.75 44.30 1.0000 high
1758.75 415.55 48.75 42.19 1.0000 high
1762.50 423.98 52.50 37.97 1.0000 high
1766.25 428.20 56.25 40.08 1.0000 high
1773.75 436.64 52.50 37.97 1.0000 high
1777.50 440.86 56.25 40.08 1.0000 high
1781.25 447.19 52.50 40.08 1.0000 high
1785.00 449.30 56.25 42.19 1.0000 high
1788.75 455.62 56.25 40.08 1.0000 high
1792.50 457.73 56.25 42.19 1.0000 high
1788.75 461.95 52.50 40.08 1.0000 high
1788.75 466.17 60.00 37.97 1.0000 high
1792.50 468.28 60.00 37.97 1.0000 high
1796.25 472.50 56.25 37.97 1.0000 high
1796.25 476.72 52.50 35.86 1.0000 high
1800.00 478.83 52.50 35.86 1.0000 high
1796.25 480.94 60.00 35.86 1.0000 high
1792.50 480.94 63.75 35.86 1.0000 high
1796.25 480.94 56.25 40.08 1.0000 high
1803.75 483.05 52.50 37.97 1.0000 high
1807.50 480.94 48.75 42.19 1.0000 high
1807.50 480.94 52.50 44.30 1.0000 high
1811.25 483.05 48.75 42.19 1.0000 high
1815.00 485.16 48.75 42.19 1.0000 high
1818.75 483.05 56.25 46.41 1.0000 high
1826.25 483.05 52.50 46.41 1.0000 high
1833.75 483.05 52.50 46.41 1.0000 high
1848.75 489.38 45.00 37.97 1.0000 high
1856.25 487.27 52.50 42.19 1.0000 high
1863.75 485.16 48.75 44.30 1.0000 high
1878.75 487.27 41.25 40.08 1.0000 high
1881.59 488.39 43.01 41.22 0.0000 coast
1888.06 489.39 42.15 41.16 0.0000 coast
1894.53 490.40 41.29 41.11 0.0000 coast
1901.00 491.40 40.42 41.05 0.0000 coast
1907.47 492.41 39.56 41.00 0.0000 coast
1913.93 493.41 38.69 40.95 0.0000 coast
1920.40 494.42 37.83 40.89 0.0000 coast
1926.87 495.42 36.97 40.84 0.0000 coast
1933.34 496.43 36.10 40.78 0.0000 coast
1939.81 497.43 35.24 40.73 0.0000 coast
-100 -100 -100 -100 0.0000 miss
-100 -100 -100 -100 0.0000 miss
-100 -100 -100 -100 0.0000 miss
-100 -100 -100 -100 0.0000 miss
-100 -100 -100 -100 0.0000 miss
-100 -100 -100 -100 0.0000 miss
-100 -100 -100 -100 0.0000 miss
-100 -100 -100 -100 0.0000 miss
-100 -100 -100 -100 0.0000 miss
-100 -100 -100 -100 0.0000 miss
-100 -100 -100 -100 0.0000 miss
-100 -100 -100 -100 0.0000 miss
-100 -100 -100 -100 0.0000 miss
-100 -100 -100 -100 0.0000 miss
-100 -100 -100 -100 0.0000 miss
-100 -100 -100 -100 0.0000 miss
-100 -100 -100 -100 0.0000 miss
-100 -100 -100 -100 0.0000 miss
-100 -100 -100 -100 0.0000 miss
-100 -100 -100 -100 0.0000 miss
-100 -100 -100 -100 0.0000 lost
-100 -100 -100 -100 0.0000 none
-100 -100 -100 -100 0.0000 none
-100 -100 -100 -100 0.0000 none
-100 -100 -100 -100 0.0000 none
-100 -100 -100 -100 0.0000 none
-100 -100 -100 -100 0.0000 none
-100 -100 -100 -100 0.0000 none
-100 -100 -100 -100 0.0000 none
-100 -100 -100 -100 0.0000 none
-100 -100 -100 -100 0.0000 none
-100 -100 -100 -100 0.0000 none
-100 -100 -100 -100 0.0000 none
-100 -100 -100 -100 0.0000 none
-100 -100 -100 -100 0.0000 none
-100 -100 -100 -100 0.0000 none
-100 -100 -100 -100 0.0000 none
-100 -100 -100 -100 0.0000 none
-100 -100 -100 -100 0.0000 none
-100 -100 -100 -100 0.0000 none
-100 -100 -100 -100 0.0000 none
-100 -100 -100 -100 0.0000 none
-100 -100 -100 -100 0.0000 none
-100 -100 -100 -100 0.0000 none
-100 -100 -100 -100 0.0000 none
-100 -100 -100 -100 0.0000 none
-100 -100 -100 -100 0.0000 none
-100 -100 -100 -100 0.0000 none
-100 -100 -100 -100 0.0000 none
-100 -100 -100 -100 0.0000 none
-100 -100 -100 -100 0.0000 none
-100 -100 -100 -100 0.0000 none
-100 -100 -100 -100 0.0000 none
-100 -100 -100 -100 0.0000 none
-100 -100 -100 -100 0.0000 none
-100 -100 -100 -100 0.0000 none
-100 -100 -100 -100 0.0000 none
-100 -100 -100 -100 0.0000 none
-100 -100 -100 -100 0.0000 none
-100 -100 -100 -100 0.0000 none
1890.00 514.69 15.00 12.66 1.0000 init
1890.00 514.69 15.00 12.66 0.0000 coast
1890.00 514.69 15.00 12.66 0.0000 coast
1822.50 510.47 56.25 44.30 1.0000 reinit
1803.75 514.69 52.50 46.41 1.0000 high
1802.36 515.00 52.22 46.56 0.0000 coast
1798.48 515.87 51.45 47.00 0.0000 coast
1736.25 533.67 60.00 50.62 1.0000 reinit
1736.25 533.67 60.00 50.62 0.0000 coast
1736.25 533.67 60.00 50.62 0.0000 coast
1672.50 563.20 56.25 46.41 1.0000 reinit
1672.50 563.20 56.25 46.41 0.0000 coast
1672.50 563.20 56.25 46.41 0.0000 coast
1601.25 592.73 56.25 46.41 1.0000 reinit
1601.25 592.73 56.25 46.41 0.0000 coast
1601.25 592.73 56.25 46.41 0.0000 coast
1526.25 626.48 52.50 42.19 1.0000 reinit
1526.25 626.48 52.50 42.19 0.0000 coast
1526.25 626.48 52.50 42.19 0.0000 coast
1455.00 653.91 48.75 42.19 1.0000 reinit
1455.00 653.91 48.75 42.19 0.0000 coast
1455.00 653.91 48.75 42.19 0.0000 coast
1402.50 689.77 18.75 10.55 1.0000 reinit
1402.50 689.77 18.75 10.55 0.0000 coast
1402.50 689.77 18.75 10.55 0.0000 coast
1312.50 689.77 33.75 25.31 1.0000 reinit
1312.50 689.77 33.75 25.31 0.0000 coast
1312.50 689.77 33.75 25.31 0.0000 coast
1312.50 689.77 33.75 25.31 0.0000 coast
1312.50 689.77 33.75 25.31 0.0000 coast
1312.50 689.77 33.75 25.31 0.0000 coast
1312.50 689.77 33.75 25.31 0.0000 coast
1312.50 689.77 33.75 25.31 0.0000 coast
1312.50 689.77 33.75 25.31 0.0000 coast
1312.50 689.77 33.75 25.31 0.0000 coast
1061.25 666.56 15.00 12.66 1.0000 reinit
1061.25 666.56 15.00 12.66 0.0000 coast
1061.25 666.56 15.00 12.66 0.0000 coast
982.50 651.80 30.00 14.77 1.0000 reinit
982.50 651.80 30.00 14.77 0.0000 coast
982.50 651.80 30.00 14.77 0.0000 coast
926.25 605.39 37.50 31.64 1.0000 reinit
911.25 594.84 45.00 37.97 1.0000 high
910.13 594.06 45.56 38.44 0.0000 coast
907.04 591.88 47.11 39.75 0.0000 coast
873.75 550.55 52.50 37.97 1.0000 reinit
866.25 535.78 48.75 35.86 1.0000 high
865.69 534.68 48.47 35.70 0.0000 coast
864.14 531.63 47.70 35.27 0.0000 coast
836.25 478.83 52.50 40.08 1.0000 reinit
828.75 464.06 52.50 37.97 1.0000 high
828.75 449.30 45.00 35.86 1.0000 high
825.00 432.42 45.00 31.64 1.0000 high
813.75 413.44 48.75 35.86 1.0000 high
806.25 398.67 45.00 31.64 1.0000 high
806.25 386.02 41.25 29.53 1.0000 high
800.47 371.70 40.65 28.58 0.0000 coast
795.74 357.54 39.16 27.19 0.0000 coast
791.02 343.39 37.66 25.80 0.0000 coast
786.29 329.24 36.17 24.41 0.0000 coast
781.57 315.09 34.67 23.02 0.0000 coast
791.25 320.62 11.25 6.33 0.9412 high
787.68 308.05 8.00 3.71 0.0000 coast
784.54 295.89 4.08 1.00 0.0000 coast
780.99 282.37 1.00 1.00 0.0000 coast
775.90 268.85 1.00 1.00 0.0000 coast
770.80 255.33 1.00 1.00 0.0000 coast
765.71 241.80 1.00 1.00 0.0000 coast
760.62 228.28 1.00 1.00 0.0000 coast
755.52 214.76 1.00 1.00 0.0000 coast
750.43 201.24 1.00 1.00 0.0000 coast
745.34 187.72 1.00 1.00 0.0000 coast
-100 -100 -100 -100 0.0000 miss
-100 -100 -100 -100 0.0000 miss
-100 -100 -100 -100 0.0000 miss
-100 -100 -100 -100 0.0000 miss
675.00 261.56 3.75 4.22 0.5882 reinit
675.00 261.56 3.75 4.22 0.0000 coast
675.00 261.56 3.75 4.22 0.0000 coast
622.50 240.47 37.50 29.53 1.0000 reinit
622.50 240.47 37.50 29.53 0.0000 coast
622.50 240.47 37.50 29.53 0.0000 coast
622.50 240.47 37.50 29.53 0.0000 coast
622.50 240.47 37.50 29.53 0.0000 coast
622.50 240.47 37.50 29.53 0.0000 coast
622.50 240.47 37.50 29.53 0.0000 coast
622.50 240.47 37.50 29.53 0.0000 coast
577.50 238.36 22.50 16.88 1.0000 high
570.00 242.58 18.75 18.98 1.0000 high
564.90 242.41 17.03 17.62 0.0000 coast
559.38 242.90 14.99 16.76 0.0000 coast
558.75 232.03 33.75 27.42 1.0000 reinit
551.25 232.03 45.00 33.75 1.0000 high
551.25 229.92 41.25 35.86 1.0000 high
547.50 232.03 41.25 35.86 1.0000 high
540.00 232.03 52.50 37.97 1.0000 high
540.00 232.03 52.50 37.97 1.0000 high
536.25 229.92 52.50 42.19 1.0000 high
540.00 234.14 48.75 40.08 1.0000 high
540.00 234.14 48.75 40.08 1.0000 high
540.00 238.36 52.50 35.86 1.0000 high
540.00 238.36 48.75 37.97 1.0000 high
540.00 240.47 48.75 35.86 1.0000 high
543.75 240.47 48.75 37.97 1.0000 high
543.75 242.58 52.50 37.97 1.0000 high
551.25 246.80 45.00 33.75 1.0000 high
558.75 248.91 37.50 23.20 1.0000 high
555.00 248.91 48.75 35.86 1.0000 high
558.75 253.12 45.00 35.86 1.0000 high
570.00 257.34 33.75 21.09 1.0000 high
573.75 261.56 26.25 23.20 1.0000 high
574.68 262.72 27.39 22.61 0.0000 coast
581.25 267.89 26.25 23.20 1.0000 high
583.82 270.12 24.38 22.17 0.0000 coast
585.00 276.33 33.75 21.09 1.0000 high
588.09 278.97 32.02 20.27 0.0000 coast
590.91 282.12 31.88 19.42 0.0000 coast
593.73 285.27 31.74 18.56 0.0000 coast
603.75 293.20 30.00 14.77 1.0000 high
606.39 296.23 29.90 13.98 0.0000 coast
609.85 299.81 29.62 12.86 0.0000 coast
633.75 301.64 11.25 12.66 1.0000 high
637.50 312.19 7.50 4.22 0.9569 high
642.87 315.99 5.35 2.78 0.0000 coast
648.36 320.29 2.77 1.00 0.0000 coast
653.44 323.70 1.00 1.00 0.0000 coast
657.63 327.11 1.00 1.00 0.0000 coast
661.83 330.53 1.00 1.00 0.0000 coast
666.03 333.94 1.00 1.00 0.0000 coast
670.23 337.35 1.00 1.00 0.0000 coast
674.42 340.76 1.00 1.00 0.0000 coast
678.62 344.18 1.00 1.00 0.0000 coast
682.82 347.59 1.00 1.00 0.0000 coast
-100 -100 -100 -100 0.0000 miss
-100 -100 -100 -100 0.0000 miss
-100 -100 -100 -100 0.0000 miss
-100 -100 -100 -100 0.0000 miss
-100 -100 -100 -100 0.0000 miss
-100 -100 -100 -100 0.0000 miss
-100 -100 -100 -100 0.0000 miss
-100 -100 -100 -100 0.0000 miss
780.00 339.61 7.50 4.22 0.9216 reinit
780.00 339.61 7.50 4.22 0.0000 coast
780.00 339.61 7.50 4.22 0.0000 coast
802.50 339.61 15.00 10.55 1.0000 reinit
802.50 339.61 15.00 10.55 0.0000 coast
802.50 339.61 15.00 10.55 0.0000 coast
828.75 339.61 18.75 6.33 0.9961 reinit
828.75 339.61 22.50 12.66 1.0000 high
828.75 339.61 22.78 13.13 0.0000 coast
828.75 339.61 23.55 14.43 0.0000 coast
828.75 339.61 24.33 15.74 0.0000 coast
828.75 339.61 25.10 17.05 0.0000 coast
828.75 339.61 25.88 18.36 0.0000 coast
828.75 339.61 26.65 19.66 0.0000 coast
828.75 339.61 27.43 20.97 0.0000 coast
828.75 339.61 28.20 22.28 0.0000 coast
828.75 339.61 28.98 23.59 0.0000 coast
828.75 339.61 29.75 24.89 0.0000 coast
-100 -100 -100 -100 0.0000 miss
-100 -100 -100 -100 0.0000 miss
-100 -100 -100 -100 0.0000 miss
948.75 345.94 37.50 29.53 1.0000 reinit
960.00 343.83 33.75 31.64 1.0000 high
967.50 341.72 41.25 35.86 1.0000 high
978.75 343.83 37.50 31.64 1.0000 high
993.75 343.83 37.50 35.86 1.0000 high
1005.00 348.05 37.50 31.64 1.0000 high
1016.25 345.94 37.50 35.86 1.0000 high
1031.25 350.16 37.50 31.64 1.0000 high
1042.50 350.16 37.50 33.75 1.0000 high
1053.75 350.16 41.25 33.75 1.0000 high
1068.75 352.27 41.25 31.64 1.0000 high
1083.75 352.27 41.25 33.75 1.0000 high
1095.00 352.27 41.25 31.64 1.0000 high
1113.75 354.38 41.25 29.53 1.0000 high
1128.75 356.48 41.25 27.42 1.0000 high
1140.00 352.27 41.25 31.64 1.0000 high
1151.25 352.27 45.00 31.64 1.0000 high
1166.25 348.05 41.25 33.75 1.0000 high
1177.50 345.94 41.25 35.86 1.0000 high
1192.50 343.83 37.50 35.86 1.0000 high
1203.75 339.61 37.50 35.86 1.0000 high
1211.25 335.39 37.50 35.86 1.0000 high
1218.75 333.28 41.25 33.75 1.0000 high
1226.25 326.95 41.25 35.86 1.0000 high
1233.75 322.73 41.25 33.75 1.0000 high
1241.25 316.41 41.25 33.75 1.0000 high
1245.00 307.97 48.75 33.75 1.0000 high
1248.75 301.64 45.00 33.75 1.0000 high
1252.50 295.31 52.50 31.64 1.0000 high
1260.00 288.98 45.00 31.64 1.0000 high
1263.75 280.55 45.00 33.75 1.0000 high
1271.25 272.11 48.75 35.86 1.0000 high
1275.00 265.78 48.75 35.86 1.0000 high
1278.75 259.45 45.00 37.97 1.0000 high
1282.50 257.34 45.00 35.86 1.0000 high
1286.25 251.02 48.75 37.97 1.0000 high
1290.00 246.80 48.75 40.08 1.0000 high
1297.50 246.80 45.00 37.97 1.0000 high
1301.25 244.69 45.00 37.97 1.0000 high
1308.75 242.58 45.00 37.97 1.0000 high
1312.50 240.47 41.25 40.08 1.0000 high
1316.25 242.58 41.25 37.97 1.0000 high
1316.25 246.80 48.75 33.75 1.0000 high
1320.00 242.58 48.75 40.08 1.0000 high
1327.50 242.58 41.25 40.08 1.0000 high
1327.50 251.02 45.00 33.75 1.0000 high
1327.50 246.80 45.00 40.08 1.0000 high
1331.25 253.12 48.75 35.86 1.0000 high
1335.00 255.23 41.25 35.86 1.0000 high
1335.00 257.34 45.00 35.86 1.0000 high
1338.75 261.56 41.25 35.86 1.0000 high
1338.75 265.78 45.00 33.75 1.0000 high
1338.75 270.00 45.00 33.75 1.0000 high
1338.75 274.22 45.00 31.64 1.0000 high
1338.75 276.33 48.75 33.75 1.0000 high
1338.75 280.55 45.00 33.75 1.0000 high
1342.50 284.77 45.00 33.75 1.0000 high
1338.75 288.98 45.00 33.75 1.0000 high
1338.75 293.20 45.00 33.75 1.0000 high
1338.75 299.53 45.00 29.53 1.0000 high
1335.00 301.64 45.00 31.64 1.0000 high
1338.75 305.86 37.50 33.75 1.0000 high
1331.25 310.08 41.25 33.75 1.0000 high
1335.00 314.30 37.50 33.75 1.0000 high
1331.25 320.62 45.00 31.64 1.0000 high
1331.25 324.84 41.25 31.64 1.0000 high
1327.50 331.17 45.00 29.53 1.0000 high
1327.50 337.50 37.50 27.42 1.0000 high
1323.75 341.72 45.00 27.42 1.0000 high
1323.75 348.05 37.50 25.31 1.0000 high
1320.00 352.27 41.25 25.31 1.0000 high
1320.00 358.59 37.50 23.20 1.0000 high
1316.25 364.92 41.25 23.20 1.0000 high
1316.25 371.25 37.50 23.20 1.0000 high
1312.50 377.58 41.25 21.09 1.0000 high
1312.50 383.91 33.75 23.20 1.0000 high
1308.75 392.34 37.50 23.20 1.0000 high
1308.75 400.78 37.50 21.09 1.0000 high
1308.75 407.11 33.75 23.20 1.0000 high
1305.00 415.55 37.50 23.20 1.0000 high
1305.00 423.98 37.50 23.20 1.0000 high
1305.00 434.53 33.75 21.09 1.0000 high
1301.25 442.97 33.75 21.09 1.0000 high
1301.25 451.41 37.50 21.09 1.0000 high
1301.25 461.95 33.75 21.09 1.0000 high
1301.25 470.39 33.75 21.09 1.0000 high
1301.25 483.05 26.25 16.88 1.0000 high
1299.72 489.55 27.75 17.54 0.0000 coast
1293.75 497.81 45.00 23.20 1.0000 high
1293.09 506.12 42.95 22.23 0.0000 coast
1291.56 514.41 44.04 22.34 0.0000 coast
1290.04 522.71 45.13 22.45 0.0000 coast
1290.00 531.56 33.75 27.42 1.0000 high
1290.00 544.22 30.00 21.09 1.0000 high
1288.24 551.69 31.48 22.67 0.0000 coast
1290.00 565.31 26.25 18.98 1.0000 high
1282.50 571.64 37.50 23.20 1.0000 high
1282.50 580.08 33.75 21.09 1.0000 high
1278.75 586.41 33.75 18.98 1.0000 high
1278.75 588.52 33.75 23.20 1.0000 high
1278.75 596.95 26.25 16.88 1.0000 high
1275.00 599.06 33.75 23.20 1.0000 high
1275.00 603.28 30.00 23.20 1.0000 high
1275.00 607.50 30.00 21.09 1.0000 high
1275.00 613.83 30.00 18.98 1.0000 high
1271.25 615.94 37.50 21.09 1.0000 high
1271.25 618.05 45.00 23.20 1.0000 high
1271.25 620.16 37.50 21.09 1.0000 high
1271.25 620.16 41.25 21.09 1.0000 high
1271.25 620.16 41.25 21.09 1.0000 high
1271.25 618.05 41.25 23.20 1.0000 high
1271.25 618.05 41.25 21.09 1.0000 high
1271.25 615.94 41.25 21.09 1.0000 high
1271.25 613.83 45.00 21.09 1.0000 high
1271.25 609.61 41.25 23.20 1.0000 high
1275.00 607.50 30.00 21.09 1.0000 high
1275.00 605.39 37.50 21.09 1.0000 high
1275.00 601.17 37.50 23.20 1.0000 high
1278.75 603.28 26.25 14.77 1.0000 high
1275.00 594.84 37.50 21.09 1.0000 high
1278.75 592.73 30.00 18.98 1.0000 high
1278.75 588.52 33.75 21.09 1.0000 high
1278.75 584.30 33.75 21.09 1.0000 high
1278.75 580.08 37.50 21.09 1.0000 high
1278.75 575.86 41.25 23.20 1.0000 high
1282.50 573.75 30.00 21.09 1.0000 high
1282.50 571.64 30.00 16.88 1.0000 high
1282.76 569.33 30.85 18.17 0.0000 coast
1283.27 566.98 30.56 17.93 0.0000 coast
1283.78 564.62 30.26 17.69 0.0000 coast
1278.75 552.66 26.25 18.98 1.0000 high
1282.50 554.77 15.00 10.55 0.9882 high
1282.50 548.44 15.00 12.66 1.0000 high
1282.75 545.68 13.37 11.76 0.0000 coast
1283.12 542.47 11.49 11.01 0.0000 coast
1278.75 533.67 33.75 23.20 1.0000 reinit
1278.75 529.45 37.50 31.64 1.0000 high
1275.00 525.23 41.25 33.75 1.0000 high
1274.84 524.20 42.17 35.56 0.0000 coast
1273.74 522.18 43.96 37.73 0.0000 coast
1275.00 525.23 15.00 12.66 0.9882 high
1275.00 525.23 11.25 10.55 1.0000 high
1274.46 524.37 7.19 7.64 0.0000 coast
1273.98 523.60 2.91 4.59 0.0000 coast
1271.25 510.47 41.25 29.53 1.0000 reinit
1271.25 502.03 41.25 37.97 1.0000 high
1267.50 502.03 45.00 35.86 1.0000 high
1263.75 506.25 30.00 29.53 1.0000 high
1260.00 499.92 37.50 35.86 1.0000 high
1256.25 497.81 41.25 35.86 1.0000 high
1252.50 495.70 37.50 37.97 1.0000 high
1245.00 495.70 41.25 35.86 1.0000 high
1237.50 491.48 41.25 37.97 1.0000 high
1230.00 489.38 41.25 37.97 1.0000 high
1222.50 487.27 41.25 37.97 1.0000 high
1211.25 485.16 41.25 37.97 1.0000 high
1203.75 483.05 41.25 37.97 1.0000 high
1192.50 478.83 45.00 40.08 1.0000 high
1181.25 478.83 45.00 37.97 1.0000 high
1170.00 478.83 48.75 35.86 1.0000 high
1158.75 480.94 45.00 31.64 1.0000 high
1147.50 478.83 48.75 35.86 1.0000 high
1132.50 478.83 52.50 35.86 1.0000 high
1125.00 483.05 52.50 33.75 1.0000 high
1110.00 483.05 52.50 37.97 1.0000 high
1106.25 487.27 41.25 35.86 1.0000 high
1091.25 491.48 48.75 35.86 1.0000 high
1083.75 497.81 45.00 33.75 1.0000 high
1074.15 495.57 46.25 34.39 0.0000 coast
1064.72 496.25 46.39 34.25 0.0000 coast
1055.28 496.93 46.52 34.11 0.0000 coast
1045.85 497.61 46.66 33.97 0.0000 coast
1036.41 498.28 46.80 33.83 0.0000 coast
1026.98 498.96 46.94 33.70 0.0000 coast
1017.54 499.64 47.08 33.56 0.0000 coast
1008.11 500.32 47.22 33.42 0.0000 coast
998.67 501.00 47.35 33.28 0.0000 coast
989.24 501.67 47.49 33.14 0.0000 coast
-100 -100 -100 -100 0.0000 miss
-100 -100 -100 -100 0.0000 miss
-100 -100 -100 -100 0.0000 miss
-100 -100 -100 -100 0.0000 miss
-100 -100 -100 -100 0.0000 miss
-100 -100 -100 -100 0.0000 miss
-100 -100 -100 -100 0.0000 miss
-100 -100 -100 -100 0.0000 miss
-100 -100 -100 -100 0.0000 miss
-100 -100 -100 -100 0.0000 miss
-100 -100 -100 -100 0.0000 miss
933.75 668.67 26.25 27.42 1.0000 reinit
933.75 668.67 26.25 27.42 0.0000 coast
933.75 685.55 22.50 12.66 1.0000 high
933.75 687.66 11.25 6.33 0.9961 high
933.75 691.57 9.02 2.34 0.0000 coast
918.75 672.89 37.50 33.75 1.0000 high
915.00 675.00 37.50 33.75 1.0000 high
907.50 675.00 41.25 33.75 1.0000 high
907.50 672.89 41.25 35.86 1.0000 high
900.00 666.56 48.75 42.19 1.0000 high
888.75 664.45 52.50 44.30 1.0000 high
881.25 666.56 52.50 42.19 1.0000 high
877.50 664.45 45.00 42.19 1.0000 high
870.00 664.45 45.00 44.30 1.0000 high
862.50 664.45 45.00 40.08 1.0000 high
851.25 662.34 41.25 42.19 1.0000 high
847.66 659.93 48.18 47.29 0.0000 coast
841.63 657.96 51.31 50.51 0.0000 coast
813.75 662.34 41.25 40.08 1.0000 reinit
798.75 660.23 45.00 42.19 1.0000 high
797.63 660.08 45.28 42.34 0.0000 coast
787.50 658.12 26.25 33.75 1.0000 high
780.00 670.78 18.75 10.55 1.0000 high
774.80 670.90 13.90 7.00 0.0000 coast
769.01 672.61 8.11 1.00 0.0000 coast
763.22 671.32 2.33 1.00 0.0000 coast
755.21 670.03 1.00 1.00 0.0000 coast
746.52 668.74 1.00 1.00 0.0000 coast
737.84 667.45 1.00 1.00 0.0000 coast
729.16 666.16 1.00 1.00 0.0000 coast
720.48 664.88 1.00 1.00 0.0000 coast
711.80 663.59 1.00 1.00 0.0000 coast
703.12 662.30 1.00 1.00 0.0000 coast
-100 -100 -100 -100 0.0000 miss
-100 -100 -100 -100 0.0000 miss
-100 -100 -100 -100 0.0000 miss
-100 -100 -100 -100 0.0000 miss
-100 -100 -100 -100 0.0000 miss
-100 -100 -100 -100 0.0000 miss
-100 -100 -100 -100 0.0000 miss
536.25 658.12 7.50 4.22 0.9216 reinit
536.25 658.12 7.50 4.22 0.0000 coast
536.25 658.12 7.50 4.22 0.0000 coast
498.75 628.59 45.00 23.20 1.0000 reinit
491.25 628.59 48.75 37.97 1.0000 high
483.75 624.38 48.75 44.30 1.0000 high
476.25 622.27 52.50 48.52 1.0000 high
476.25 624.38 45.00 46.41 1.0000 high
465.00 620.16 56.25 50.62 1.0000 high
468.75 620.16 45.00 50.62 1.0000 high
465.00 620.16 48.75 48.52 1.0000 high
461.25 618.05 52.50 50.62 1.0000 high
461.25 618.05 52.50 50.62 1.0000 high
461.25 620.16 52.50 48.52 1.0000 high
461.25 615.94 52.50 50.62 1.0000 high
465.00 618.05 48.75 48.52 1.0000 high
468.75 615.94 48.75 50.62 1.0000 high
468.75 611.72 48.75 54.84 1.0000 high
472.50 613.83 48.75 50.62 1.0000 high
476.25 611.72 48.75 52.73 1.0000 high
483.75 613.83 45.00 44.30 1.0000 high
491.25 611.72 48.75 44.30 1.0000 high
498.75 609.61 45.00 42.19 1.0000 high
506.25 611.72 45.00 42.19 1.0000 high
510.00 615.94 48.75 40.08 1.0000 high
512.13 613.85 47.46 40.15 0.0000 coast
515.39 613.64 47.44 39.59 0.0000 coast
518.65 613.43 47.42 39.03 0.0000 coast
521.91 613.22 47.40 38.47 0.0000 coast
525.16 613.01 47.38 37.90 0.0000 coast
528.42 612.80 47.36 37.34 0.0000 coast
531.68 612.59 47.34 36.78 0.0000 coast
534.94 612.37 47.32 36.22 0.0000 coast
538.20 612.16 47.30 35.66 0.0000 coast
541.46 611.95 47.28 35.10 0.0000 coast
-100 -100 -100 -100 0.0000 miss
-100 -100 -100 -100 0.0000 miss
-100 -100 -100 -100 0.0000 miss
-100 -100 -100 -100 0.0000 miss
-100 -100 -100 -100 0.0000 miss
768.75 643.36 15.00 4.22 0.9686 reinit
768.75 643.36 15.00 4.22 0.0000 coast
768.75 643.36 15.00 4.22 0.0000 coast
795.00 628.59 48.75 37.97 1.0000 reinit
813.75 628.59 48.75 37.97 1.0000 high
815.14 628.59 48.75 37.97 0.0000 coast
819.02 628.59 48.75 37.97 0.0000 coast
870.00 632.81 45.00 35.86 1.0000 reinit
870.00 632.81 45.00 35.86 0.0000 coast
870.00 632.81 45.00 35.86 0.0000 coast
933.75 653.91 22.50 14.77 1.0000 reinit
933.75 653.91 22.50 14.77 0.0000 coast
933.75 653.91 22.50 14.77 0.0000 coast
990.00 653.91 41.25 21.09 1.0000 reinit
990.00 653.91 41.25 21.09 0.0000 coast
990.00 653.91 41.25 21.09 0.0000 coast
990.00 653.91 41.25 21.09 0.0000 coast
990.00 653.91 41.25 21.09 0.0000 coast
990.00 653.91 41.25 21.09 0.0000 coast
990.00 653.91 41.25 21.09 0.0000 coast
990.00 653.91 41.25 21.09 0.0000 coast
990.00 653.91 41.25 21.09 0.0000 coast
990.00 653.91 41.25 21.09 0.0000 coast
990.00 653.91 41.25 21.09 0.0000 coast
1170.00 675.00 37.50 21.09 1.0000 reinit
1170.00 675.00 37.50 21.09 0.0000 coast
1170.00 675.00 37.50 21.09 0.0000 coast
1226.25 687.66 11.25 8.44 1.0000 reinit
1226.25 687.66 11.25 8.44 0.0000 coast
1226.25 687.66 11.25 8.44 0.0000 coast
1233.75 679.22 41.25 40.08 1.0000 reinit
1237.50 679.22 48.75 44.30 1.0000 high
1241.25 687.66 52.50 40.08 1.0000 high
1248.75 689.77 52.50 42.19 1.0000 high
1252.50 696.09 67.50 40.08 1.0000 high
1256.25 702.42 60.00 37.97 1.0000 high
1263.75 717.19 37.50 25.31 1.0000 high
1263.75 717.19 45.00 31.64 1.0000 high
1271.25 721.41 41.25 27.42 1.0000 high
1274.44 726.53 42.28 26.38 0.0000 coast
1275.00 734.06 45.00 27.42 1.0000 high
1279.27 738.78 44.50 25.71 0.0000 coast
1282.91 743.98 44.55 24.46 0.0000 coast
1286.56 749.17 44.60 23.22 0.0000 coast
1290.20 754.36 44.64 21.97 0.0000 coast
1323.75 744.61 15.00 10.55 1.0000 reinit
1327.50 746.72 11.25 10.55 1.0000 high
1327.50 753.05 11.25 6.33 0.9647 high
1327.50 755.16 7.50 4.22 0.4275 low
1328.06 758.06 6.37 2.38 0.0000 coast
1328.48 760.66 4.66 1.00 0.0000 coast
1328.90 762.57 2.95 1.00 0.0000 coast
1323.75 774.14 7.50 4.22 0.9059 reinit
1323.75 776.25 3.75 2.11 0.9843 high
1323.75 776.25 7.50 4.22 0.9922 high
1323.75 776.25 3.75 4.22 0.6392 high
1323.75 776.62 4.18 4.52 0.0000 coast
1323.75 776.90 3.80 4.87 0.0000 coast
1323.75 777.17 3.42 5.22 0.0000 coast
1323.75 777.44 3.05 5.57 0.0000 coast
1323.75 777.72 2.67 5.92 0.0000 coast
1323.75 777.99 2.30 6.26 0.0000 coast
1323.75 778.27 1.92 6.61 0.0000 coast
1308.75 778.36 15.00 8.44 1.0000 high
1307.58 778.62 15.67 8.90 0.0000 coast
1305.00 778.36 15.00 8.44 1.0000 high
1303.84 778.76 16.40 9.20 0.0000 coast
1302.33 779.00 17.29 9.66 0.0000 coast
1301.25 780.47 15.00 6.33 0.8471 high
1299.67 780.50 16.41 7.42 0.0000 coast
1298.17 780.80 17.16 7.70 0.0000 coast
1296.68 781.09 17.90 7.99 0.0000 coast
1295.19 781.39 18.64 8.27 0.0000 coast
1293.70 781.68 19.38 8.56 0.0000 coast
1292.20 781.98 20.12 8.84 0.0000 coast
1290.71 782.27 20.86 9.12 0.0000 coast
1289.22 782.56 21.60 9.41 0.0000 coast
1287.73 782.86 22.34 9.69 0.0000 coast
1286.24 783.15 23.08 9.98 0.0000 coast
-100 -100 -100 -100 0.0000 miss
-100 -100 -100 -100 0.0000 miss
-100 -100 -100 -100 0.0000 miss
1391.25 784.69 11.25 6.33 0.7961 reinit
1391.25 784.69 11.25 6.33 0.0000 coast
1391.25 784.69 11.25 6.33 0.0000 coast
1316.25 782.58 33.75 18.98 1.0000 reinit
1323.75 780.47 37.50 21.09 1.0000 high
1335.00 780.47 33.75 16.88 1.0000 high
1350.00 782.58 30.00 8.44 1.0000 high
1346.25 763.59 52.50 35.86 1.0000 high
1357.50 761.48 48.75 40.08 1.0000 high
1372.50 769.92 48.75 29.53 1.0000 high
1383.75 765.70 48.75 35.86 1.0000 high
1398.75 765.70 52.50 35.86 1.0000 high
1413.75 753.05 52.50 46.41 1.0000 high
1428.75 759.38 56.25 37.97 1.0000 high
1447.50 757.27 56.25 40.08 1.0000 high
1462.50 750.94 52.50 44.30 1.0000 high
1477.50 748.83 60.00 48.52 1.0000 high
1492.50 748.83 63.75 48.52 1.0000 high
1511.25 748.83 67.50 46.41 1.0000 high
1526.25 748.83 67.50 46.41 1.0000 high
1552.50 753.05 56.25 42.19 1.0000 high
1567.50 753.05 56.25 37.97 1.0000 high
1586.25 750.94 56.25 40.08 1.0000 high
1601.25 742.50 67.50 48.52 1.0000 high
1620.00 738.28 60.00 48.52 1.0000 high
1638.75 736.17 56.25 48.52 1.0000 high
1653.75 731.95 56.25 46.41 1.0000 high
1665.00 727.73 60.00 48.52 1.0000 high
1676.25 721.41 60.00 48.52 1.0000 high
1683.75 717.19 63.75 46.41 1.0000 high
1695.00 706.64 60.00 50.62 1.0000 high
1702.50 698.20 60.00 50.62 1.0000 high
1710.00 689.77 56.25 50.62 1.0000 high
1710.00 677.11 67.50 52.73 1.0000 high
1713.75 666.56 71.25 52.73 1.0000 high
1728.96 663.43 70.36 53.79 0.0000 coast
1739.52 657.29 71.64 54.63 0.0000 coast
1725.00 634.92 63.75 48.52 1.0000 reinit
1721.25 626.48 67.50 46.41 1.0000 high
1721.25 618.05 63.75 44.30 1.0000 high
1721.25 605.39 71.25 46.41 1.0000 high
1728.75 594.84 63.75 48.52 1.0000 high
1728.75 584.30 60.00 48.52 1.0000 high
1728.75 575.86 67.50 50.62 1.0000 high
1725.00 565.31 67.50 54.84 1.0000 high
1727.16 556.87 67.22 54.64 0.0000 coast
1728.75 554.77 67.50 52.73 1.0000 high
1728.75 550.55 67.50 52.73 1.0000 high
1728.75 544.22 71.25 56.95 1.0000 high
1732.50 542.11 71.25 56.95 1.0000 high
1732.50 540.00 67.50 56.95 1.0000 high
1732.50 544.22 60.00 50.62 1.0000 high
1736.25 542.11 60.00 50.62 1.0000 high
1736.25 544.22 67.50 50.62 1.0000 high
1732.50 542.11 71.25 52.73 1.0000 high
1728.75 544.22 63.75 50.62 1.0000 high
1728.75 546.33 71.25 50.62 1.0000 high
1728.75 546.33 63.75 50.62 1.0000 high
1725.00 546.33 67.50 52.73 1.0000 high
1725.00 552.66 67.50 50.62 1.0000 high
1725.00 556.88 63.75 48.52 1.0000 high
1725.00 556.88 60.00 50.62 1.0000 high
1725.00 558.98 56.25 50.62 1.0000 high
1721.25 561.09 56.25 52.73 1.0000 high
1713.75 567.42 63.75 46.41 1.0000 high
1713.75 571.64 60.00 46.41 1.0000 high
1713.75 577.97 60.00 44.30 1.0000 high
1706.25 577.97 67.50 46.41 1.0000 high
1702.50 580.08 63.75 48.52 1.0000 high
1702.50 584.30 60.00 46.41 1.0000 high
1695.00 588.52 56.25 46.41 1.0000 high
1695.00 594.84 56.25 42.19 1.0000 high
1691.25 596.95 60.00 42.19 1.0000 high
1680.00 599.06 67.50 42.19 1.0000 high
1683.75 601.17 56.25 44.30 1.0000 high
1672.50 603.28 56.25 44.30 1.0000 high
1672.50 607.50 52.50 42.19 1.0000 high
1661.25 607.50 56.25 44.30 1.0000 high
1661.25 615.94 56.25 40.08 1.0000 high
1657.50 618.05 60.00 40.08 1.0000 high
1650.00 624.38 56.25 33.75 1.0000 high
1646.25 628.59 52.50 31.64 1.0000 high
1646.25 632.81 48.75 29.53 1.0000 high
1638.75 634.92 48.75 29.53 1.0000 high
1635.00 634.92 48.75 29.53 1.0000 high
1631.25 639.14 48.75 29.53 1.0000 high
1627.50 639.14 45.00 29.53 1.0000 high
1623.75 641.25 45.00 29.53 1.0000 high
1616.25 643.36 48.75 29.53 1.0000 high
1616.25 645.47 45.00 27.42 1.0000 high
1608.75 645.47 48.75 29.53 1.0000 high
1608.75 647.58 45.00 29.53 1.0000 high
1605.00 647.58 48.75 31.64 1.0000 high
1601.25 647.58 48.75 31.64 1.0000 high
1601.25 645.47 45.00 35.86 1.0000 high
1597.50 647.58 48.75 35.86 1.0000 high
1597.50 645.47 45.00 35.86 1.0000 high
1597.50 647.58 45.00 35.86 1.0000 high
1597.50 645.47 48.75 37.97 1.0000 high
1597.50 643.36 45.00 42.19 1.0000 high
1601.25 645.47 45.00 40.08 1.0000 high
1601.25 647.58 45.00 37.97 1.0000 high
1605.00 645.47 48.75 40.08 1.0000 high
1608.75 645.47 45.00 40.08 1.0000 high
1612.50 645.47 45.00 40.08 1.0000 high
1620.00 647.58 48.75 37.97 1.0000 high
1623.75 645.47 48.75 40.08 1.0000 high
1631.25 647.58 48.75 37.97 1.0000 high
1638.75 647.58 48.75 37.97 1.0000 high
1646.25 645.47 45.00 37.97 1.0000 high
1653.75 647.58 45.00 35.86 1.0000 high
1661.25 645.47 45.00 37.97 1.0000 high
1668.75 647.58 48.75 35.86 1.0000 high
1676.25 643.36 52.50 40.08 1.0000 high
1687.50 647.58 48.75 33.75 1.0000 high
1698.75 645.47 45.00 37.97 1.0000 high
1710.00 645.47 41.25 37.97 1.0000 high
1717.50 647.58 45.00 33.75 1.0000 high
1728.75 645.47 48.75 35.86 1.0000 high
1740.00 647.58 48.75 33.75 1.0000 high
1751.25 647.58 48.75 33.75 1.0000 high
1762.50 649.69 48.75 31.64 1.0000 high
1773.75 649.69 48.75 27.42 1.0000 high
1788.75 647.58 48.75 29.53 1.0000 high
1796.25 647.58 48.75 31.64 1.0000 high
1807.50 645.47 48.75 33.75 1.0000 high
1818.75 643.36 48.75 35.86 1.0000 high
1830.00 645.47 45.00 31.64 1.0000 high
1841.25 645.47 45.00 33.75 1.0000 high
1848.75 643.36 48.75 33.75 1.0000 high
1856.25 645.47 48.75 31.64 1.0000 high
1863.75 643.36 48.75 33.75 1.0000 high
1871.25 645.47 45.00 31.64 1.0000 high
1878.75 647.58 33.75 27.42 1.0000 high
1886.25 651.80 26.25 21.09 1.0000 high
1901.25 660.23 3.75 2.11 0.3451 low
1909.48 659.96 3.92 2.80 0.0000 coast
1917.82 660.77 1.00 1.00 0.0000 coast
1924.71 660.68 1.00 1.00 0.0000 coast
1931.59 660.59 1.00 1.00 0.0000 coast
1938.47 660.50 1.00 1.00 0.0000 coast
1945.36 660.42 1.00 1.00 0.0000 coast
1952.24 660.33 1.00 1.00 0.0000 coast
1959.12 660.24 1.00 1.00 0.0000 coast
1966.00 660.15 1.00 1.00 0.0000 coast
1972.89 660.06 1.00 1.00 0.0000 coast
-100 -100 -100 -100 0.0000 miss
-100 -100 -100 -100 0.0000 miss
780.00 445.08 3.75 2.11 0.8000 reinit
780.00 445.08 3.75 2.11 0.5216 high
772.50 440.86 15.00 8.44 1.0000 high
780.00 442.97 3.75 4.22 0.8588 high
776.25 442.97 11.25 6.33 0.9882 high
780.00 442.97 3.75 4.22 0.9216 high
777.53 441.97 8.18 6.33 0.0000 coast
777.02 441.45 9.07 7.06 0.0000 coast
772.50 440.86 15.00 8.44 1.0000 high
771.94 440.34 15.95 9.18 0.0000 coast
770.88 439.81 17.52 10.00 0.0000 coast
1852.50 645.47 48.75 35.86 1.0000 reinit
1845.00 643.36 45.00 37.97 1.0000 high
1833.75 643.36 45.00 37.97 1.0000 high
1818.75 643.36 45.00 37.97 1.0000 high
1807.50 643.36 45.00 37.97 1.0000 high
1792.50 643.36 45.00 35.86 1.0000 high
1781.25 643.36 41.25 35.86 1.0000 high
1766.25 643.36 41.25 35.86 1.0000 high
1751.25 643.36 45.00 35.86 1.0000 high
1732.50 643.36 45.00 35.86 1.0000 high
1721.25 643.36 41.25 33.75 1.0000 high
1702.50 643.36 45.00 33.75 1.0000 high
1687.50 643.36 45.00 31.64 1.0000 high
1668.75 643.36 48.75 29.53 1.0000 high
1653.75 645.47 48.75 27.42 1.0000 high
1638.75 643.36 48.75 29.53 1.0000 high
1623.75 639.14 41.25 33.75 1.0000 high
1608.75 639.14 45.00 33.75 1.0000 high
1597.50 637.03 41.25 35.86 1.0000 high
1582.50 637.03 41.25 35.86 1.0000 high
1567.50 637.03 45.00 35.86 1.0000 high
1556.25 637.03 45.00 35.86 1.0000 high
1545.00 637.03 41.25 33.75 1.0000 high
1533.75 637.03 41.25 33.75 1.0000 high
1522.50 637.03 41.25 33.75 1.0000 high
1511.25 637.03 41.25 31.64 1.0000 high
1503.75 637.03 41.25 31.64 1.0000 high
1492.50 637.03 45.00 31.64 1.0000 high
1485.00 634.92 41.25 31.64 1.0000 high
1477.50 634.92 41.25 33.75 1.0000 high
1470.00 632.81 41.25 35.86 1.0000 high
1466.25 634.92 37.50 33.75 1.0000 high
1458.75 634.92 37.50 31.64 1.0000 high
1451.25 634.92 41.25 31.64 1.0000 high
1443.75 632.81 45.00 31.64 1.0000 high
1443.75 634.92 37.50 27.42 1.0000 high
1451.25 649.69 18.75 6.33 1.0000 high
1428.75 632.81 45.00 29.53 1.0000 high
1425.00 634.92 41.25 27.42 1.0000 high
1421.25 632.81 37.50 29.53 1.0000 high
1421.25 637.03 33.75 25.31 1.0000 high
1417.50 634.92 37.50 27.42 1.0000 high
1413.75 637.03 33.75 25.31 1.0000 high
1406.25 634.92 41.25 27.42 1.0000 high
1402.50 634.92 41.25 27.42 1.0000 high
1402.50 634.92 37.50 25.31 1.0000 high
1398.75 630.70 41.25 27.42 1.0000 high
1398.75 630.70 37.50 27.42 1.0000 high
1398.75 630.70 33.75 25.31 1.0000 high
1391.25 628.59 37.50 27.42 1.0000 high
1391.25 628.59 33.75 27.42 1.0000 high
1406.25 643.36 7.50 6.33 0.9020 high
1391.25 641.25 22.50 12.66 1.0000 high
1395.00 643.36 7.50 4.22 0.9961 high
1390.38 644.11 9.13 4.11 0.0000 coast
1387.90 645.32 6.37 1.71 0.0000 coast
1353.75 626.48 45.00 33.75 1.0000 reinit
1353.75 637.03 30.00 16.88 1.0000 high
1338.75 626.48 37.50 29.53 1.0000 high
1327.50 622.27 37.50 33.75 1.0000 high
1316.25 624.38 37.50 29.53 1.0000 high
1323.75 637.03 18.75 8.44 1.0000 high
1312.61 632.80 21.47 13.12 0.0000 coast
1305.91 633.20 18.68 10.77 0.0000 coast
1271.25 630.70 33.75 23.20 1.0000 reinit
1256.25 626.48 37.50 27.42 1.0000 high
1245.00 628.59 37.50 29.53 1.0000 high
1230.00 630.70 41.25 27.42 1.0000 high
1218.75 628.59 41.25 31.64 1.0000 high
1207.50 632.81 41.25 29.53 1.0000 high
1198.29 632.42 42.81 31.09 0.0000 coast
1188.12 633.09 43.90 31.90 0.0000 coast
1177.94 633.77 45.00 32.71 0.0000 coast
1167.77 634.45 46.09 33.52 0.0000 coast
1157.59 635.12 47.19 34.32 0.0000 coast
1147.42 635.80 48.28 35.13 0.0000 coast
1137.24 636.47 49.37 35.94 0.0000 coast
1402.50 793.12 3.75 2.11 0.8157 reinit
1398.75 793.12 7.50 4.22 0.9961 high
1398.47 793.12 7.78 4.38 0.0000 coast
1397.70 793.12 8.55 4.81 0.0000 coast
1396.92 793.13 9.33 5.25 0.0000 coast
1396.15 793.13 10.10 5.68 0.0000 coast
1395.37 793.13 10.88 6.12 0.0000 coast
1394.60 793.13 11.65 6.55 0.0000 coast
1393.82 793.13 12.43 6.99 0.0000 coast
1393.05 793.13 13.20 7.43 0.0000 coast
1392.27 793.13 13.98 7.86 0.0000 coast
1391.50 793.13 14.75 8.30 0.0000 coast
-100 -100 -100 -100 0.0000 miss
-100 -100 -100 -100 0.0000 miss
-100 -100 -100 -100 0.0000 miss
-100 -100 -100 -100 0.0000 miss
-100 -100 -100 -100 0.0000 miss
-100 -100 -100 -100 0.0000 miss
-100 -100 -100 -100 0.0000 miss
-100 -100 -100 -100 0.0000 miss
-100 -100 -100 -100 0.0000 miss
-100 -100 -100 -100 0.0000 miss
-100 -100 -100 -100 0.0000 miss
-100 -100 -100 -100 0.0000 miss
-100 -100 -100 -100 0.0000 miss
-100 -100 -100 -100 0.0000 miss
-100 -100 -100 -100 0.0000 miss
-100 -100 -100 -100 0.0000 miss
-100 -100 -100 -100 0.0000 miss
-100 -100 -100 -100 0.0000 miss
-100 -100 -100 -100 0.0000 miss
-100 -100 -100 -100 0.0000 miss
-100 -100 -100 -100 0.0000 lost
-100 -100 -100 -100 0.0000 none
-100 -100 -100 -100 0.0000 none
-100 -100 -100 -100 0.0000 none
-100 -100 -100 -100 0.0000 none
-100 -100 -100 -100 0.0000 none
1170.00 774.14 15.00 8.44 1.0000 init
1170.00 774.14 15.00 8.44 0.0000 coast
1170.00 774.14 15.00 8.44 0.0000 coast
1170.00 774.14 15.00 8.44 0.0000 coast
1207.50 780.47 3.75 2.11 0.6941 reinit
1207.50 780.47 3.75 2.11 0.0000 coast
1207.50 780.47 3.75 2.11 0.0000 coast
1252.50 780.47 18.75 10.55 1.0000 reinit
1252.50 780.47 18.75 10.55 0.0000 coast
1252.50 780.47 18.75 10.55 0.0000 coast
1252.50 780.47 18.75 10.55 0.0000 coast
1305.00 772.03 37.50 23.20 1.0000 reinit
1316.25 765.70 45.00 31.64 1.0000 high
1317.09 765.23 45.56 32.27 0.0000 coast
1319.41 763.92 47.11 34.01 0.0000 coast
1368.75 763.59 41.25 33.75 1.0000 reinit
1368.75 763.59 41.25 33.75 0.0000 coast
1368.75 763.59 41.25 33.75 0.0000 coast
1425.00 765.70 41.25 33.75 1.0000 reinit
1425.00 765.70 41.25 33.75 0.0000 coast
1425.00 765.70 41.25 33.75 0.0000 coast
1481.25 767.81 48.75 35.86 1.0000 reinit
1500.00 767.81 48.75 35.86 1.0000 high
1501.39 767.81 48.75 35.86 0.0000 coast
1505.27 767.81 48.75 35.86 0.0000 coast
1563.75 769.92 48.75 37.97 1.0000 reinit
1563.75 769.92 48.75 37.97 0.0000 coast
1563.75 769.92 48.75 37.97 0.0000 coast
1631.25 769.92 45.00 35.86 1.0000 reinit
1631.25 769.92 45.00 35.86 0.0000 coast
1631.25 769.92 45.00 35.86 0.0000 coast
1698.75 763.59 52.50 33.75 1.0000 reinit
1698.75 763.59 52.50 33.75 0.0000 coast
1698.75 763.59 52.50 33.75 0.0000 coast
1773.75 748.83 48.75 31.64 1.0000 reinit
1773.75 748.83 48.75 31.64 0.0000 coast
1773.75 748.83 48.75 31.64 0.0000 coast
1837.50 715.08 52.50 44.30 1.0000 reinit
1860.00 710.86 48.75 37.97 1.0000 high
1878.75 704.53 33.75 29.53 1.0000 high
1885.84 702.80 30.87 27.09 0.0000 coast
1896.33 699.87 25.06 23.05 0.0000 coast
1906.83 696.94 19.24 19.01 0.0000 coast
1917.33 694.01 13.42 14.98 0.0000 coast
1927.83 691.08 7.61 10.94 0.0000 coast
1938.32 688.14 1.79 6.91 0.0000 coast
1946.31 685.21 1.00 2.87 0.0000 coast
1953.90 681.20 1.00 1.00 0.0000 coast
1961.48 676.25 1.00 1.00 0.0000 coast
978.75 883.83 3.75 2.11 0.5686 reinit
978.75 883.83 3.75 2.11 0.7961 high
975.00 881.72 11.25 4.22 1.0000 high
978.75 881.72 3.75 4.22 0.9882 high
978.75 881.72 3.75 4.22 0.9961 high
975.00 881.72 7.50 4.22 0.9961 high
975.00 881.72 11.25 4.22 1.0000 high
974.49 881.26 11.13 4.68 0.0000 coast
973.87 880.96 12.20 4.98 0.0000 coast
973.25 880.66 13.28 5.28 0.0000 coast
972.63 880.36 14.36 5.57 0.0000 coast
972.01 880.06 15.44 5.87 0.0000 coast
971.40 879.77 16.52 6.17 0.0000 coast
970.78 879.47 17.60 6.47 0.0000 coast
970.16 879.17 18.68 6.77 0.0000 coast
969.54 878.87 19.75 7.07 0.0000 coast
968.92 878.57 20.83 7.36 0.0000 coast
-100 -100 -100 -100 0.0000 miss
-100 -100 -100 -100 0.0000 miss
-100 -100 -100 -100 0.0000 miss
-100 -100 -100 -100 0.0000 miss
-100 -100 -100 -100 0.0000 miss
-100 -100 -100 -100 0.0000 miss
-100 -100 -100 -100 0.0000 miss
-100 -100 -100 -100 0.0000 miss
-100 -100 -100 -100 0.0000 miss
-100 -100 -100 -100 0.0000 miss
-100 -100 -100 -100 0.0000 miss
-100 -100 -100 -100 0.0000 miss
-100 -100 -100 -100 0.0000 miss
-100 -100 -100 -100 0.0000 miss
-100 -100 -100 -100 0.0000 miss
-100 -100 -100 -100 0.0000 miss
-100 -100 -100 -100 0.0000 miss
-100 -100 -100 -100 0.0000 miss
-100 -100 -100 -100 0.0000 miss
-100 -100 -100 -100 0.0000 miss
-100 -100 -100 -100 0.0000 lost
-100 -100 -100 -100 0.0000 none
-100 -100 -100 -100 0.0000 none
-100 -100 -100 -100 0.0000 none
-100 -100 -100 -100 0.0000 none
-100 -100 -100 -100 0.0000 none
-100 -100 -100 -100 0.0000 none
-100 -100 -100 -100 0.0000 none
-100 -100 -100 -100 0.0000 none
-100 -100 -100 -100 0.0000 none
-100 -100 -100 -100 0.0000 none
-100 -100 -100 -100 0.0000 none
-100 -100 -100 -100 0.0000 none
-100 -100 -100 -100 0.0000 none
-100 -100 -100 -100 0.0000 none
1398.75 791.02 3.75 4.22 0.9804 init
1395.00 788.91 11.25 6.33 0.9961 high
1398.75 791.02 7.50 4.22 0.9804 high
1398.75 791.02 3.75 4.22 0.7569 high
1395.00 791.02 7.50 4.22 0.9922 high
1395.48 791.27 6.65 3.97 0.0000 coast
1391.25 786.80 15.00 10.55 1.0000 high
1391.25 786.80 15.00 10.55 1.0000 high
1390.01 786.29 16.32 11.42 0.0000 coast
1388.97 785.71 17.65 12.36 0.0000 coast
1387.94 785.13 18.98 13.30 0.0000 coast
1386.90 784.55 20.30 14.24 0.0000 coast
1385.87 783.97 21.63 15.18 0.0000 coast
1384.83 783.39 22.96 16.12 0.0000 coast
1383.80 782.81 24.28 17.05 0.0000 coast
1382.76 782.23 25.61 17.99 0.0000 coast
1381.73 781.65 26.94 18.93 0.0000 coast
1380.69 781.07 28.26 19.87 0.0000 coast
-100 -100 -100 -100 0.0000 miss
-100 -100 -100 -100 0.0000 miss
-100 -100 -100 -100 0.0000 miss
-100 -100 -100 -100 0.0000 miss
-100 -100 -100 -100 0.0000 miss
-100 -100 -100 -100 0.0000 miss
-100 -100 -100 -100 0.0000 miss
1395.00 791.02 7.50 4.22 0.9961 high
1394.01 790.47 8.76 5.11 0.0000 coast
1394.05 790.58 8.59 4.94 0.0000 coast
1394.09 790.70 8.42 4.78 0.0000 coast
1394.13 790.81 8.26 4.62 0.0000 coast
1394.17 790.92 8.09 4.45 0.0000 coast
1394.21 791.04 7.92 4.29 0.0000 coast
1394.25 791.15 7.76 4.13 0.0000 coast
1878.75 447.19 37.50 29.53 1.0000 reinit
1878.75 447.19 37.50 29.53 0.0000 coast
1878.75 447.19 37.50 29.53 0.0000 coast
1822.50 466.17 48.75 35.86 1.0000 reinit
1822.50 466.17 48.75 35.86 0.0000 coast
1822.50 466.17 48.75 35.86 0.0000 coast
1762.50 499.92 56.25 31.64 1.0000 reinit
1751.25 508.36 48.75 35.86 1.0000 high
1750.41 508.99 48.19 36.17 0.0000 coast
1748.09 510.73 46.64 37.04 0.0000 coast
1698.75 537.89 48.75 37.97 1.0000 reinit
1683.75 550.55 48.75 35.86 1.0000 high
1682.63 551.49 48.75 35.70 0.0000 coast
1679.54 554.10 48.75 35.27 0.0000 coast
1642.50 584.30 45.00 37.97 1.0000 reinit
1642.50 584.30 45.00 37.97 0.0000 coast
1642.50 584.30 45.00 37.97 0.0000 coast
1605.00 624.38 45.00 35.86 1.0000 reinit
1590.00 637.03 48.75 33.75 1.0000 high
1588.88 637.97 49.03 33.59 0.0000 coast
1585.79 640.59 49.80 33.16 0.0000 coast
1560.00 675.00 45.00 31.64 1.0000 reinit
1552.50 687.66 45.00 29.53 1.0000 high
1551.94 688.60 45.00 29.37 0.0000 coast
1550.39 691.21 45.00 28.94 0.0000 coast
1522.50 715.08 45.00 31.64 1.0000 reinit
1515.00 725.62 41.25 29.53 1.0000 high
1503.75 731.95 45.00 31.64 1.0000 high
1496.25 738.28 45.00 33.75 1.0000 high
1488.75 742.50 45.00 35.86 1.0000 high
1485.00 748.83 45.00 35.86 1.0000 high
1477.50 750.94 45.00 37.97 1.0000 high
1473.75 755.16 41.25 37.97 1.0000 high
1496.25 782.58 3.75 2.11 0.6157 high
1473.75 778.36 30.00 16.88 1.0000 high
1462.50 776.25 41.25 25.31 1.0000 high
1458.75 774.14 41.25 29.53 1.0000 high
1451.25 774.14 45.00 29.53 1.0000 high
1447.50 774.14 41.25 31.64 1.0000 high
1443.75 774.14 41.25 31.64 1.0000 high
1436.25 774.14 45.00 33.75 1.0000 high
1432.50 774.14 41.25 33.75 1.0000 high
1425.00 776.25 41.25 31.64 1.0000 high
1417.50 774.14 41.25 33.75 1.0000 high
1398.75 774.14 52.50 31.64 1.0000 high
1395.00 774.14 48.75 31.64 1.0000 high
1398.75 774.14 37.50 27.42 1.0000 high
1402.50 778.36 22.50 21.09 1.0000 high
1383.75 772.03 33.75 25.31 1.0000 high
1368.75 767.81 41.25 31.64 1.0000 high
1361.25 767.81 48.75 31.64 1.0000 high
1353.75 765.70 52.50 31.64 1.0000 high
1350.00 765.70 33.75 25.31 1.0000 high
1342.50 767.81 33.75 18.98 1.0000 high
1331.25 757.27 41.25 25.31 1.0000 high
1320.00 753.05 45.00 25.31 1.0000 high
1323.75 748.83 33.75 23.20 1.0000 high
1312.37 748.67 38.20 23.83 0.0000 coast
1304.82 746.77 38.65 23.80 0.0000 coast
1297.27 744.86 39.10 23.77 0.0000 coast
1289.73 742.96 39.55 23.74 0.0000 coast
1282.18 741.05 40.00 23.71 0.0000 coast
1274.64 739.15 40.45 23.68 0.0000 coast
1267.09 737.24 40.90 23.65 0.0000 coast
1259.54 735.33 41.35 23.62 0.0000 coast
1252.00 733.43 41.80 23.59 0.0000 coast
1244.45 731.52 42.25 23.56 0.0000 coast
-100 -100 -100 -100 0.0000 miss
-100 -100 -100 -100 0.0000 miss
-100 -100 -100 -100 0.0000 miss
1275.00 666.56 37.50 27.42 1.0000 reinit
1271.25 664.45 41.25 27.42 1.0000 high
1271.25 664.45 41.25 29.53 1.0000 high
1271.25 664.45 33.75 25.31 1.0000 high
1270.55 664.06 34.53 25.98 0.0000 coast
1278.75 666.56 30.00 18.98 1.0000 high
1267.50 658.12 45.00 27.42 1.0000 high
1267.50 656.02 48.75 29.53 1.0000 high
1263.75 656.02 48.75 29.53 1.0000 high
1267.50 656.02 45.00 29.53 1.0000 high
1271.25 658.12 41.25 25.31 1.0000 high
1267.50 656.02 48.75 27.42 1.0000 high
1267.50 656.02 48.75 27.42 1.0000 high
1271.25 656.02 45.00 29.53 1.0000 high
1267.50 653.91 48.75 31.64 1.0000 high
1271.25 656.02 45.00 29.53 1.0000 high
1275.00 658.12 41.25 27.42 1.0000 high
1271.25 658.12 45.00 25.31 1.0000 high
1271.25 658.12 45.00 27.42 1.0000 high
1278.75 660.23 33.75 23.20 1.0000 high
1278.75 662.34 30.00 21.09 1.0000 high
1278.75 660.23 37.50 25.31 1.0000 high
1282.50 662.34 33.75 23.20 1.0000 high
1282.50 660.23 33.75 25.31 1.0000 high
1297.50 675.00 11.25 10.55 1.0000 high
1301.25 683.44 3.75 2.11 0.7529 high
1301.25 683.44 7.50 2.11 0.9490 high
1304.05 685.50 4.28 1.00 0.0000 coast
1306.59 686.91 1.77 1.00 0.0000 coast
1290.00 660.23 41.25 27.42 1.0000 reinit
1293.75 664.45 7.50 4.22 0.8588 high
1294.03 664.77 4.99 2.49 0.0000 coast
1293.31 663.99 1.00 1.00 0.0000 coast
1301.25 668.67 3.75 2.11 0.4510 low
1303.39 669.66 1.00 1.00 0.0000 coast
1304.19 670.11 1.00 1.00 0.0000 coast
1305.00 670.56 1.00 1.00 0.0000 coast
1323.75 677.11 15.00 10.55 1.0000 reinit
1320.00 677.11 18.75 16.88 1.0000 high
1323.75 679.22 15.00 14.77 1.0000 high
1322.87 679.16 15.88 16.14 0.0000 coast
1323.14 679.71 15.61 16.78 0.0000 coast
1323.41 680.26 15.34 17.41 0.0000 coast
1323.69 680.81 15.06 18.05 0.0000 coast
1331.25 687.66 11.25 6.33 0.8078 high
1331.25 681.33 15.00 14.77 1.0000 high
1332.55 682.77 14.23 13.66 0.0000 coast
1333.70 683.06 14.12 13.93 0.0000 coast
1327.50 675.00 26.25 21.09 1.0000 high
1327.50 677.11 26.25 18.98 1.0000 high
1335.00 679.22 18.75 12.66 1.0000 high
1327.50 675.00 30.00 21.09 1.0000 high
1327.50 675.00 30.00 23.20 1.0000 high
1327.50 677.11 30.00 21.09 1.0000 high
1331.25 679.22 26.25 16.88 1.0000 high
1331.25 681.33 26.25 14.77 1.0000 high
1331.25 681.33 26.25 14.77 1.0000 high
1331.25 679.22 30.00 16.88 1.0000 high
1331.25 681.33 30.00 14.77 1.0000 high
1335.00 681.33 26.25 14.77 1.0000 high
1338.75 681.33 18.75 10.55 1.0000 high
1337.97 681.23 22.13 12.02 0.0000 coast
1342.50 683.44 11.25 4.22 0.9373 high
1342.95 683.26 12.14 4.69 0.0000 coast
1344.09 683.48 11.04 3.76 0.0000 coast
1342.50 681.33 18.75 12.66 1.0000 high
1338.75 679.22 22.50 16.88 1.0000 high
1342.50 681.33 18.75 12.66 1.0000 high
1342.50 681.33 18.75 12.66 1.0000 high
1342.50 683.44 15.00 10.55 1.0000 high
1342.50 681.33 18.75 12.66 1.0000 high
1342.50 683.44 18.75 10.55 1.0000 high
1338.75 681.33 22.50 12.66 1.0000 high
1338.75 679.22 22.50 14.77 1.0000 high
1335.00 679.22 30.00 14.77 1.0000 high
1335.00 677.11 30.00 16.88 1.0000 high
1331.25 670.78 33.75 23.20 1.0000 high
1331.25 670.78 37.50 23.20 1.0000 high
1331.25 670.78 33.75 23.20 1.0000 high
1331.25 675.00 37.50 18.98 1.0000 high
1331.25 679.22 33.75 14.77 1.0000 high
1331.25 679.22 37.50 16.88 1.0000 high
1338.75 679.22 26.25 16.88 1.0000 high
1338.75 681.33 30.00 14.77 1.0000 high
1346.25 683.44 22.50 10.55 1.0000 high
1335.00 675.00 37.50 21.09 1.0000 high
1335.00 677.11 41.25 21.09 1.0000 high
1346.25 681.33 33.75 14.77 1.0000 high
1353.75 681.33 30.00 14.77 1.0000 high
1353.75 675.00 41.25 23.20 1.0000 high
1361.25 670.78 41.25 27.42 1.0000 high
1365.00 668.67 41.25 31.64 1.0000 high
1372.50 666.56 41.25 31.64 1.0000 high
1383.75 670.78 37.50 23.20 1.0000 high
1391.25 668.67 37.50 25.31 1.0000 high
1398.75 666.56 37.50 29.53 1.0000 high
1406.25 662.34 45.00 31.64 1.0000 high
1417.50 662.34 41.25 31.64 1.0000 high
1428.75 660.23 45.00 33.75 1.0000 high
1440.00 660.23 41.25 33.75 1.0000 high
1451.25 660.23 41.25 33.75 1.0000 high
1462.50 656.02 45.00 37.97 1.0000 high
1473.75 653.91 45.00 37.97 1.0000 high
1485.00 656.02 41.25 33.75 1.0000 high
1500.00 658.12 41.25 31.64 1.0000 high
1511.25 656.02 45.00 33.75 1.0000 high
1526.25 656.02 45.00 33.75 1.0000 high
1537.50 656.02 45.00 31.64 1.0000 high
1552.50 656.02 45.00 31.64 1.0000 high
1563.75 656.02 45.00 31.64 1.0000 high
1575.00 656.02 45.00 31.64 1.0000 high
1586.25 653.91 48.75 33.75 1.0000 high
1605.00 651.80 41.25 37.97 1.0000 high
1612.50 653.91 45.00 35.86 1.0000 high
1623.75 651.80 45.00 37.97 1.0000 high
1635.00 656.02 45.00 35.86 1.0000 high
1646.25 656.02 45.00 33.75 1.0000 high
1657.50 658.12 41.25 35.86 1.0000 high
1665.00 660.23 45.00 35.86 1.0000 high
1672.50 662.34 45.00 35.86 1.0000 high
1680.00 664.45 48.75 37.97 1.0000 high
1691.25 670.78 41.25 35.86 1.0000 high
1695.00 675.00 48.75 35.86 1.0000 high
1706.25 679.22 41.25 33.75 1.0000 high
1710.00 683.44 48.75 33.75 1.0000 high
1717.50 689.77 48.75 29.53 1.0000 high
1725.00 693.98 45.00 29.53 1.0000 high
1728.75 696.09 45.00 29.53 1.0000 high
1736.25 698.20 45.00 29.53 1.0000 high
1740.00 698.20 45.00 33.75 1.0000 high
1743.75 702.42 48.75 29.53 1.0000 high
1747.50 702.42 48.75 31.64 1.0000 high
1755.00 704.53 45.00 31.64 1.0000 high
1758.75 704.53 48.75 29.53 1.0000 high
1766.25 704.53 45.00 29.53 1.0000 high
1766.25 704.53 48.75 31.64 1.0000 high
1770.00 704.53 52.50 29.53 1.0000 high
1777.50 702.42 48.75 31.64 1.0000 high
1781.25 704.53 48.75 27.42 1.0000 high
1788.75 702.42 48.75 29.53 1.0000 high
1788.75 700.31 48.75 29.53 1.0000 high
1796.25 698.20 48.75 29.53 1.0000 high
1800.00 696.09 52.50 29.53 1.0000 high
1807.50 693.98 52.50 31.64 1.0000 high
1807.50 691.88 60.00 31.64 1.0000 high
1815.00 687.66 52.50 33.75 1.0000 high
1818.75 683.44 56.25 37.97 1.0000 high
1822.50 679.22 56.25 40.08 1.0000 high
1830.00 675.00 52.50 42.19 1.0000 high
1833.75 675.00 52.50 40.08 1.0000 high
1841.25 672.89 52.50 42.19 1.0000 high
1848.75 670.78 48.75 42.19 1.0000 high
1856.25 670.78 56.25 40.08 1.0000 high
1863.75 668.67 48.75 40.08 1.0000 high
1875.00 666.56 41.25 37.97 1.0000 high
1882.50 664.45 33.75 33.75 1.0000 high
1888.20 662.95 34.94 35.01 0.0000 coast
1894.86 661.26 33.23 34.68 0.0000 coast
1901.52 659.57 31.52 34.34 0.0000 coast
1908.18 657.88 29.81 34.01 0.0000 coast
1914.84 656.18 28.10 33.68 0.0000 coast
1921.50 654.49 26.39 33.34 0.0000 coast
1928.15 652.80 24.68 33.01 0.0000 coast
1934.81 651.11 22.97 32.67 0.0000 coast
1941.47 649.42 21.26 32.34 0.0000 coast
1948.13 647.72 19.55 32.01 0.0000 coast
-100 -100 -100 -100 0.0000 miss
-100 -100 -100 -100 0.0000 miss
-100 -100 -100 -100 0.0000 miss
-100 -100 -100 -100 0.0000 miss
-100 -100 -100 -100 0.0000 miss
-100 -100 -100 -100 0.0000 miss
-100 -100 -100 -100 0.0000 miss
-100 -100 -100 -100 0.0000 miss
-100 -100 -100 -100 0.0000 miss
-100 -100 -100 -100 0.0000 miss
-100 -100 -100 -100 0.0000 miss
-100 -100 -100 -100 0.0000 miss
-100 -100 -100 -100 0.0000 miss
-100 -100 -100 -100 0.0000 miss
-100 -100 -100 -100 0.0000 miss
-100 -100 -100 -100 0.0000 miss
-100 -100 -100 -100 0.0000 miss
-100 -100 -100 -100 0.0000 miss
-100 -100 -100 -100 0.0000 miss
-100 -100 -100 -100 0.0000 miss
-100 -100 -100 -100 0.0000 lost
-100 -100 -100 -100 0.0000 none
-100 -100 -100 -100 0.0000 none
-100 -100 -100 -100 0.0000 none
-100 -100 -100 -100 0.0000 none
-100 -100 -100 -100 0.0000 none
-100 -100 -100 -100 0.0000 none
-100 -100 -100 -100 0.0000 none
-100 -100 -100 -100 0.0000 none
-100 -100 -100 -100 0.0000 none
146.25 603.28 15.00 8.44 1.0000 init
146.25 603.28 15.00 8.44 0.0000 coast
146.25 603.28 15.00 8.44 0.0000 coast
146.25 603.28 15.00 8.44 0.0000 coast
277.50 611.72 7.50 2.11 0.9451 reinit
277.50 611.72 7.50 2.11 0.0000 coast
277.50 611.72 7.50 2.11 0.0000 coast
367.50 615.94 15.00 10.55 1.0000 reinit
367.50 615.94 15.00 10.55 0.0000 coast
367.50 615.94 15.00 10.55 0.0000 coast
367.50 615.94 15.00 10.55 0.0000 coast
367.50 615.94 15.00 10.55 0.0000 coast
367.50 615.94 15.00 10.55 0.0000 coast
367.50 615.94 15.00 10.55 0.0000 coast
367.50 615.94 15.00 10.55 0.0000 coast
367.50 615.94 15.00 10.55 0.0000 coast
367.50 615.94 15.00 10.55 0.0000 coast
367.50 615.94 15.00 10.55 0.0000 coast
-100 -100 -100 -100 0.0000 miss
-100 -100 -100 -100 0.0000 miss
-100 -100 -100 -100 0.0000 miss
-100 -100 -100 -100 0.0000 miss
-100 -100 -100 -100 0.0000 miss
1886.25 601.17 26.25 18.98 1.0000 reinit
1886.25 601.17 26.25 18.98 0.0000 coast
1886.25 601.17 26.25 18.98 0.0000 coast
1818.75 609.61 75.00 46.41 1.0000 reinit
1803.75 613.83 71.25 52.73 1.0000 high
1785.00 626.48 63.75 48.52 1.0000 high
1770.00 634.92 63.75 52.73 1.0000 high
1743.75 643.36 67.50 54.84 1.0000 high
1725.00 656.02 71.25 54.84 1.0000 high
1713.75 666.56 60.00 54.84 1.0000 high
1698.75 683.44 63.75 50.62 1.0000 high
1680.00 689.77 67.50 56.95 1.0000 high
1668.75 704.53 63.75 52.73 1.0000 high
1650.00 712.97 67.50 56.95 1.0000 high
1638.75 725.62 63.75 54.84 1.0000 high
1631.25 738.28 63.75 52.73 1.0000 high
1620.00 748.83 60.00 50.62 1.0000 high
1616.25 757.27 56.25 52.73 1.0000 high
1608.75 765.70 63.75 52.73 1.0000 high
1601.25 772.03 63.75 52.73 1.0000 high
1597.50 782.58 63.75 46.41 1.0000 high
1590.00 786.80 71.25 46.41 1.0000 high
1586.25 788.91 71.25 46.41 1.0000 high
1586.25 791.02 60.00 46.41 1.0000 high
1572.79 802.80 63.86 45.67 0.0000 coast
1563.89 811.01 63.80 45.14 0.0000 coast
1575.00 793.12 71.25 42.19 1.0000 reinit
1578.75 788.91 67.50 44.30 1.0000 high
1575.00 784.69 71.25 42.19 1.0000 high
