1158.75 160.31 60.00 54.84 1.0000 init
1158.75 160.31 60.00 54.84 1.0000 high
1155.00 172.97 63.75 54.84 1.0000 high
1155.00 175.08 63.75 52.73 1.0000 high
1158.75 187.73 56.25 50.62 1.0000 high
1158.75 187.73 56.25 50.62 1.0000 high
1155.00 202.50 60.00 46.41 1.0000 high
1155.00 202.50 56.25 46.41 1.0000 high
1155.00 217.27 56.25 44.30 1.0000 high
1155.00 217.27 56.25 44.30 1.0000 high
1151.25 232.03 60.00 37.97 1.0000 high
1151.25 232.03 60.00 37.97 1.0000 high
1151.25 246.80 56.25 31.64 1.0000 high
1151.25 246.80 56.25 33.75 1.0000 high
1151.25 255.23 52.50 31.64 1.0000 high
1151.25 257.34 52.50 29.53 1.0000 high
1147.50 265.78 52.50 31.64 1.0000 high
1147.50 265.78 52.50 31.64 1.0000 high
-100 -100 -100 -100 0.0000 coast_none
-100 -100 -100 -100 0.0000 coast_none
1147.50 280.55 48.75 29.53 1.0000 high
1147.50 280.55 48.75 29.53 1.0000 high
1143.75 282.66 52.50 33.75 1.0000 high
1143.75 282.66 52.50 31.64 1.0000 high
1155.00 284.77 37.50 25.31 1.0000 high
1155.00 284.77 37.50 27.42 1.0000 high
-100 -100 -100 -100 0.0000 coast_none
-100 -100 -100 -100 0.0000 coast_none
-100 -100 -100 -100 0.0000 coast_none
-100 -100 -100 -100 0.0000 coast_none
-100 -100 -100 -100 0.0000 coast_none
-100 -100 -100 -100 0.0000 coast_none
757.50 531.56 15.00 8.44 1.0000 reinit
757.50 529.45 15.00 10.55 1.0000 high
757.50 529.45 15.00 12.66 1.0000 high
757.50 531.56 15.00 8.44 1.0000 high
757.50 531.56 11.25 6.33 0.9961 high
757.50 531.56 11.25 8.44 1.0000 high
-100 -100 -100 -100 0.0000 coast_none
-100 -100 -100 -100 0.0000 coast_none
1023.75 324.84 56.25 35.86 1.0000 reinit
1020.00 324.84 63.75 35.86 1.0000 high
-100 -100 -100 -100 0.0000 coast_none
993.75 326.95 63.75 37.97 1.0000 high
-100 -100 -100 -100 0.0000 coast_none
967.50 331.17 60.00 33.75 1.0000 high
-100 -100 -100 -100 0.0000 coast_none
937.50 333.28 60.00 37.97 1.0000 high
-100 -100 -100 -100 0.0000 coast_none
903.75 333.28 63.75 37.97 1.0000 high
-100 -100 -100 -100 0.0000 coast_none
870.00 337.50 63.75 29.53 1.0000 high
847.50 339.61 60.00 23.20 1.0000 high
847.50 339.61 60.00 23.20 1.0000 high
-100 -100 -100 -100 0.0000 coast_none
817.50 348.05 56.25 27.42 1.0000 high
817.50 354.38 26.25 14.77 1.0000 high
-100 -100 -100 -100 0.0000 coast_none
783.75 354.38 30.00 16.88 1.0000 high
-100 -100 -100 -100 0.0000 coast_none
753.75 356.48 33.75 18.98 1.0000 high
-100 -100 -100 -100 0.0000 coast_none
742.50 367.03 15.00 8.44 1.0000 high
-100 -100 -100 -100 0.0000 coast_none
712.50 371.25 30.00 14.77 1.0000 high
-100 -100 -100 -100 0.0000 coast_none
697.50 386.02 11.25 4.22 0.9922 high
-100 -100 -100 -100 0.0000 coast_none
-100 -100 -100 -100 0.0000 coast_none
-100 -100 -100 -100 0.0000 coast_none
753.75 529.45 22.50 12.66 1.0000 reinit
761.25 535.78 7.50 2.11 0.7373 high
-100 -100 -100 -100 0.0000 coast_none
-100 -100 -100 -100 0.0000 coast_none
-100 -100 -100 -100 0.0000 coast_none
-100 -100 -100 -100 0.0000 coast_none
757.50 531.56 11.25 6.33 1.0000 high
757.50 533.67 11.25 6.33 1.0000 high
753.75 529.45 18.75 12.66 1.0000 high
753.75 529.45 18.75 12.66 1.0000 high
-100 -100 -100 -100 0.0000 coast_none
-100 -100 -100 -100 0.0000 coast_none
757.50 531.56 15.00 8.44 1.0000 high
757.50 531.56 15.00 8.44 1.0000 high
-100 -100 -100 -100 0.0000 coast_none
-100 -100 -100 -100 0.0000 coast_none
-100 -100 -100 -100 0.0000 coast_none
-100 -100 -100 -100 0.0000 coast_none
761.25 533.67 7.50 4.22 0.8784 high
765.00 535.78 3.75 2.11 0.4078 low
-100 -100 -100 -100 0.0000 coast_none
-100 -100 -100 -100 0.0000 coast_none
491.25 502.03 26.25 12.66 1.0000 reinit
491.25 502.03 22.50 10.55 1.0000 high
-100 -100 -100 -100 0.0000 coast_none
-100 -100 -100 -100 0.0000 coast_none
-100 -100 -100 -100 0.0000 coast_none
986.25 451.41 22.50 12.66 1.0000 reinit
978.75 451.41 26.25 12.66 1.0000 high
990.00 455.62 11.25 6.33 1.0000 high
-100 -100 -100 -100 0.0000 coast_none
-100 -100 -100 -100 0.0000 coast_none
-100 -100 -100 -100 0.0000 coast_none
-100 -100 -100 -100 0.0000 coast_none
397.50 493.59 26.25 10.55 1.0000 reinit
-100 -100 -100 -100 0.0000 coast_none
386.25 491.48 22.50 8.44 1.0000 high
390.00 491.48 15.00 8.44 1.0000 high
-100 -100 -100 -100 0.0000 coast_none
-100 -100 -100 -100 0.0000 coast_none
757.50 531.56 15.00 8.44 1.0000 reinit
753.75 531.56 18.75 10.55 1.0000 high
-100 -100 -100 -100 0.0000 coast_none
-100 -100 -100 -100 0.0000 coast_none
-100 -100 -100 -100 0.0000 coast_none
-100 -100 -100 -100 0.0000 coast_none
1312.50 442.97 11.25 8.44 1.0000 reinit
1312.50 442.97 11.25 8.44 1.0000 high
1312.50 442.97 11.25 6.33 1.0000 high
1312.50 442.97 11.25 6.33 1.0000 high
-100 -100 -100 -100 0.0000 coast_none
-100 -100 -100 -100 0.0000 coast_none
-100 -100 -100 -100 0.0000 coast_none
656.25 502.03 11.25 6.33 1.0000 reinit
-100 -100 -100 -100 0.0000 coast_none
-100 -100 -100 -100 0.0000 coast_none
757.50 531.56 15.00 8.44 1.0000 reinit
757.50 531.56 15.00 8.44 1.0000 high
753.75 529.45 18.75 10.55 1.0000 high
-100 -100 -100 -100 0.0000 coast_none
761.25 533.67 3.75 2.11 0.5373 high
-100 -100 -100 -100 0.0000 coast_none
-100 -100 -100 -100 0.0000 coast_none
303.75 278.44 75.00 40.08 1.0000 reinit
311.25 276.33 67.50 35.86 1.0000 high
303.75 274.22 86.25 37.97 1.0000 high
307.50 274.22 67.50 31.64 1.0000 high
307.50 274.22 63.75 31.64 1.0000 high
300.00 265.78 90.00 42.19 1.0000 high
300.00 265.78 90.00 42.19 1.0000 high
318.75 263.67 60.00 35.86 1.0000 high
318.75 263.67 60.00 37.97 1.0000 high
315.00 261.56 60.00 31.64 1.0000 high
315.00 261.56 60.00 31.64 1.0000 high
315.00 255.23 60.00 29.53 1.0000 high
315.00 255.23 60.00 29.53 1.0000 high
318.75 248.91 48.75 25.31 1.0000 high
318.75 248.91 48.75 25.31 1.0000 high
-100 -100 -100 -100 0.0000 coast_none
307.50 223.59 60.00 40.08 1.0000 high
311.25 215.16 60.00 37.97 1.0000 high
311.25 215.16 60.00 37.97 1.0000 high
288.75 206.72 82.50 35.86 1.0000 high
285.00 204.61 86.25 37.97 1.0000 high
277.50 196.17 93.75 59.06 1.0000 high
273.75 196.17 93.75 59.06 1.0000 high
266.25 185.62 108.75 46.41 1.0000 high
270.00 185.62 101.25 46.41 1.0000 high
307.50 179.30 60.00 46.41 1.0000 high
307.50 179.30 63.75 46.41 1.0000 high
277.50 175.08 93.75 48.52 1.0000 high
277.50 175.08 93.75 48.52 1.0000 high
281.25 175.08 90.00 48.52 1.0000 high
277.50 175.08 93.75 50.62 1.0000 high
285.00 175.08 86.25 48.52 1.0000 high
307.50 177.19 63.75 46.41 1.0000 high
292.50 179.30 78.75 44.30 1.0000 high
285.00 179.30 86.25 44.30 1.0000 high
318.75 183.52 60.00 44.30 1.0000 high
318.75 183.52 60.00 44.30 1.0000 high
-100 -100 -100 -100 0.0000 coast_none
-100 -100 -100 -100 0.0000 coast_none
311.25 198.28 71.25 37.97 1.0000 high
307.50 198.28 75.00 37.97 1.0000 high
292.50 206.72 90.00 40.08 1.0000 high
300.00 206.72 82.50 33.75 1.0000 high
318.75 210.94 67.50 33.75 1.0000 high
318.75 210.94 67.50 33.75 1.0000 high
330.00 217.27 60.00 31.64 1.0000 high
333.75 217.27 56.25 31.64 1.0000 high
352.50 227.81 33.75 21.09 1.0000 high
352.50 229.92 33.75 16.88 1.0000 high
-100 -100 -100 -100 0.0000 coast_none
-100 -100 -100 -100 0.0000 coast_none
356.25 234.14 30.00 16.88 0.9804 high
-100 -100 -100 -100 0.0000 coast_none
-100 -100 -100 -100 0.0000 coast_none
-100 -100 -100 -100 0.0000 coast_none
371.25 248.91 37.50 16.88 1.0000 reinit
371.25 246.80 37.50 18.98 1.0000 high
-100 -100 -100 -100 0.0000 coast_none
-100 -100 -100 -100 0.0000 coast_none
386.25 251.02 7.50 8.44 0.9725 high
-100 -100 -100 -100 0.0000 coast_none
-100 -100 -100 -100 0.0000 coast_none
386.25 251.02 26.25 16.88 1.0000 high
-100 -100 -100 -100 0.0000 coast_none
-100 -100 -100 -100 0.0000 coast_none
416.25 259.45 52.50 29.53 1.0000 reinit
416.25 259.45 52.50 29.53 1.0000 high
-100 -100 -100 -100 0.0000 coast_none
-100 -100 -100 -100 0.0000 coast_none
-100 -100 -100 -100 0.0000 coast_none
-100 -100 -100 -100 0.0000 coast_none
-100 -100 -100 -100 0.0000 coast_none
-100 -100 -100 -100 0.0000 coast_none
502.50 286.88 41.25 16.88 1.0000 reinit
502.50 284.77 41.25 21.09 1.0000 high
498.75 284.77 71.25 27.42 1.0000 high
498.75 284.77 71.25 27.42 1.0000 high
-100 -100 -100 -100 0.0000 coast_none
551.25 293.20 33.75 18.98 1.0000 high
-100 -100 -100 -100 0.0000 coast_none
-100 -100 -100 -100 0.0000 coast_none
-100 -100 -100 -100 0.0000 coast_none
-100 -100 -100 -100 0.0000 coast_none
611.25 305.86 45.00 21.09 1.0000 reinit
611.25 307.97 45.00 18.98 1.0000 high
-100 -100 -100 -100 0.0000 coast_none
-100 -100 -100 -100 0.0000 coast_none
656.25 320.62 37.50 14.77 1.0000 reinit
652.50 316.41 41.25 18.98 1.0000 high
-100 -100 -100 -100 0.0000 coast_none
-100 -100 -100 -100 0.0000 coast_none
697.50 326.95 37.50 14.77 1.0000 reinit
712.50 333.28 18.75 8.44 1.0000 high
-100 -100 -100 -100 0.0000 coast_none
708.75 331.17 48.75 21.09 1.0000 high
-100 -100 -100 -100 0.0000 coast_none
727.50 335.39 48.75 25.31 1.0000 high
-100 -100 -100 -100 0.0000 coast_none
746.25 337.50 48.75 27.42 1.0000 high
761.25 343.83 48.75 27.42 1.0000 high
761.25 343.83 48.75 27.42 1.0000 high
780.00 350.16 45.00 25.31 1.0000 high
780.00 350.16 45.00 23.20 1.0000 high
795.00 354.38 45.00 27.42 1.0000 high
795.00 354.38 45.00 27.42 1.0000 high
810.00 360.70 45.00 25.31 1.0000 high
810.00 360.70 45.00 25.31 1.0000 high
825.00 367.03 41.25 23.20 1.0000 high
825.00 367.03 41.25 25.31 1.0000 high
832.50 373.36 48.75 27.42 1.0000 high
832.50 371.25 48.75 29.53 1.0000 high
847.50 381.80 48.75 23.20 1.0000 high
847.50 381.80 48.75 23.20 1.0000 high
862.50 390.23 45.00 25.31 1.0000 high
862.50 392.34 45.00 23.20 1.0000 high
873.75 400.78 45.00 25.31 1.0000 high
873.75 400.78 45.00 27.42 1.0000 high
885.00 411.33 41.25 25.31 1.0000 high
885.00 411.33 41.25 27.42 1.0000 high
888.75 423.98 48.75 27.42 1.0000 high
892.50 421.88 52.50 29.53 1.0000 high
903.75 434.53 52.50 25.31 1.0000 high
903.75 434.53 52.50 27.42 1.0000 high
911.25 442.97 63.75 33.75 1.0000 high
907.50 440.86 67.50 35.86 1.0000 high
918.75 449.30 60.00 31.64 1.0000 high
918.75 449.30 60.00 31.64 1.0000 high
926.25 461.95 48.75 25.31 1.0000 high
926.25 461.95 48.75 25.31 1.0000 high
930.00 468.28 48.75 27.42 1.0000 high
930.00 468.28 48.75 27.42 1.0000 high
937.50 468.28 45.00 29.53 1.0000 high
937.50 468.28 41.25 29.53 1.0000 high
945.00 470.39 41.25 31.64 1.0000 high
945.00 468.28 41.25 33.75 1.0000 high
952.50 478.83 41.25 27.42 1.0000 high
952.50 468.28 41.25 37.97 1.0000 high
956.25 483.05 45.00 27.42 1.0000 high
956.25 483.05 45.00 27.42 1.0000 high
967.50 485.16 45.00 29.53 1.0000 high
967.50 485.16 45.00 29.53 1.0000 high
978.75 487.27 45.00 29.53 1.0000 high
978.75 487.27 45.00 29.53 1.0000 high
993.75 487.27 41.25 29.53 1.0000 high
990.00 487.27 45.00 31.64 1.0000 high
1005.00 491.48 45.00 27.42 1.0000 high
1005.00 491.48 45.00 27.42 1.0000 high
1023.75 491.48 41.25 27.42 1.0000 high
1023.75 491.48 45.00 27.42 1.0000 high
1038.75 493.59 45.00 25.31 1.0000 high
1038.75 493.59 45.00 25.31 1.0000 high
-100 -100 -100 -100 0.0000 coast_none
1053.75 493.59 52.50 27.42 1.0000 high
-100 -100 -100 -100 0.0000 coast_none
1076.25 495.70 52.50 25.31 1.0000 high
1095.00 495.70 48.75 25.31 1.0000 high
1095.00 495.70 48.75 25.31 1.0000 high
-100 -100 -100 -100 0.0000 coast_none
1117.50 495.70 48.75 27.42 1.0000 high
-100 -100 -100 -100 0.0000 coast_none
1140.00 495.70 48.75 27.42 1.0000 high
-100 -100 -100 -100 0.0000 coast_none
1158.75 497.81 52.50 27.42 1.0000 high
-100 -100 -100 -100 0.0000 coast_none
1185.00 502.03 48.75 27.42 1.0000 high
-100 -100 -100 -100 0.0000 coast_none
1211.25 504.14 48.75 27.42 1.0000 high
-100 -100 -100 -100 0.0000 coast_none
1233.75 506.25 48.75 27.42 1.0000 high
-100 -100 -100 -100 0.0000 coast_none
1260.00 508.36 48.75 23.20 1.0000 high
1278.75 512.58 48.75 21.09 1.0000 high
1278.75 512.58 48.75 23.20 1.0000 high
1301.25 514.69 48.75 21.09 1.0000 high
1301.25 514.69 48.75 21.09 1.0000 high
1323.75 516.80 52.50 21.09 1.0000 high
1323.75 516.80 52.50 25.31 1.0000 high
1342.50 514.69 48.75 25.31 1.0000 high
1342.50 514.69 48.75 27.42 1.0000 high
1361.25 512.58 48.75 29.53 1.0000 high
1361.25 512.58 48.75 29.53 1.0000 high
1376.25 510.47 45.00 27.42 1.0000 high
-100 -100 -100 -100 0.0000 coast_none
1380.00 508.36 52.50 27.42 1.0000 high
1383.75 508.36 52.50 29.53 1.0000 high
1395.00 504.14 45.00 29.53 1.0000 high
1395.00 504.14 45.00 29.53 1.0000 high
1398.75 495.70 45.00 27.42 1.0000 high
1398.75 495.70 45.00 27.42 1.0000 high
-100 -100 -100 -100 0.0000 coast_none
1402.50 483.05 48.75 27.42 1.0000 high
-100 -100 -100 -100 0.0000 coast_none
1406.25 472.50 48.75 21.09 1.0000 high
-100 -100 -100 -100 0.0000 coast_none
1428.75 459.84 22.50 18.98 1.0000 high
-100 -100 -100 -100 0.0000 coast_none
1440.00 447.19 11.25 10.55 1.0000 high
-100 -100 -100 -100 0.0000 coast_none
-100 -100 -100 -100 0.0000 coast_none
-100 -100 -100 -100 0.0000 coast_none
-100 -100 -100 -100 0.0000 coast_none
708.75 590.62 11.25 8.44 1.0000 reinit
-100 -100 -100 -100 0.0000 coast_none
-100 -100 -100 -100 0.0000 coast_none
-100 -100 -100 -100 0.0000 coast_none
-100 -100 -100 -100 0.0000 coast_none
-100 -100 -100 -100 0.0000 coast_none
1477.50 364.92 3.75 4.22 0.9608 reinit
1473.75 364.92 11.25 6.33 1.0000 high
-100 -100 -100 -100 0.0000 coast_none
-100 -100 -100 -100 0.0000 coast_none
-100 -100 -100 -100 0.0000 coast_none
-100 -100 -100 -100 0.0000 coast_none
1492.50 386.02 7.50 4.22 0.9882 reinit
-100 -100 -100 -100 0.0000 coast_none
-100 -100 -100 -100 0.0000 coast_none
-100 -100 -100 -100 0.0000 coast_none
-100 -100 -100 -100 0.0000 coast_none
-100 -100 -100 -100 0.0000 coast_none
712.50 592.73 3.75 4.22 0.8824 reinit
712.50 592.73 3.75 4.22 0.9490 high
-100 -100 -100 -100 0.0000 coast_none
-100 -100 -100 -100 0.0000 coast_none
1560.00 381.80 15.00 6.33 1.0000 reinit
1560.00 381.80 15.00 6.33 1.0000 high
-100 -100 -100 -100 0.0000 coast_none
-100 -100 -100 -100 0.0000 coast_none
1597.50 383.91 37.50 12.66 1.0000 reinit
1597.50 383.91 37.50 12.66 1.0000 high
-100 -100 -100 -100 0.0000 coast_none
-100 -100 -100 -100 0.0000 coast_none
963.75 470.39 7.50 4.22 0.9961 reinit
963.75 472.50 7.50 2.11 0.8667 high
-100 -100 -100 -100 0.0000 coast_none
-100 -100 -100 -100 0.0000 coast_none
-100 -100 -100 -100 0.0000 coast_none
1687.50 400.78 11.25 6.33 1.0000 reinit
-100 -100 -100 -100 0.0000 coast_none
-100 -100 -100 -100 0.0000 coast_none
956.25 468.28 18.75 10.55 1.0000 reinit
-100 -100 -100 -100 0.0000 coast_none
-100 -100 -100 -100 0.0000 coast_none
757.50 533.67 11.25 4.22 0.9961 reinit
-100 -100 -100 -100 0.0000 coast_none
-100 -100 -100 -100 0.0000 coast_none
-100 -100 -100 -100 0.0000 coast_none
-100 -100 -100 -100 0.0000 coast_none
-100 -100 -100 -100 0.0000 coast_none
-100 -100 -100 -100 0.0000 coast_none
1781.25 455.62 15.00 8.44 1.0000 reinit
1777.50 453.52 22.50 12.66 1.0000 high
-100 -100 -100 -100 0.0000 coast_none
-100 -100 -100 -100 0.0000 coast_none
1781.25 455.62 48.75 23.20 1.0000 reinit
1781.25 455.62 48.75 23.20 1.0000 high
1785.00 459.84 45.00 21.09 1.0000 high
1785.00 459.84 45.00 21.09 1.0000 high
1792.50 461.95 22.50 12.66 1.0000 high
1792.50 461.95 41.25 16.88 1.0000 high
-100 -100 -100 -100 0.0000 coast_none
-100 -100 -100 -100 0.0000 coast_none
663.75 383.91 3.75 4.22 0.9216 reinit
-100 -100 -100 -100 0.0000 coast_none
-100 -100 -100 -100 0.0000 coast_none
1837.50 472.50 7.50 4.22 0.9843 reinit
-100 -100 -100 -100 0.0000 coast_none
-100 -100 -100 -100 0.0000 coast_none
1856.25 466.17 11.25 8.44 1.0000 reinit
-100 -100 -100 -100 0.0000 coast_none
-100 -100 -100 -100 0.0000 coast_none
-100 -100 -100 -100 0.0000 coast_none
-100 -100 -100 -100 0.0000 coast_none
-100 -100 -100 -100 0.0000 coast_none
-100 -100 -100 -100 0.0000 coast_none
-100 -100 -100 -100 0.0000 coast_none
1875.00 457.73 3.75 2.11 0.5765 reinit
1875.00 457.73 3.75 2.11 0.6039 high
-100 -100 -100 -100 0.0000 coast_none
-100 -100 -100 -100 0.0000 coast_none
-100 -100 -100 -100 0.0000 coast_none
-100 -100 -100 -100 0.0000 coast_none
-100 -100 -100 -100 0.0000 coast_none
-100 -100 -100 -100 0.0000 coast_none
-100 -100 -100 -100 0.0000 coast_none
-100 -100 -100 -100 0.0000 coast_none
967.50 472.50 3.75 2.11 0.9412 reinit
-100 -100 -100 -100 0.0000 coast_none
-100 -100 -100 -100 0.0000 coast_none
-100 -100 -100 -100 0.0000 coast_none
-100 -100 -100 -100 0.0000 coast_none
-100 -100 -100 -100 0.0000 coast_none
-100 -100 -100 -100 0.0000 coast_none
-100 -100 -100 -100 0.0000 coast_none
-100 -100 -100 -100 0.0000 coast_none
-100 -100 -100 -100 0.0000 coast_none
990.00 457.73 7.50 4.22 0.9882 reinit
-100 -100 -100 -100 0.0000 coast_none
-100 -100 -100 -100 0.0000 coast_none
-100 -100 -100 -100 0.0000 coast_none
-100 -100 -100 -100 0.0000 coast_none
-100 -100 -100 -100 0.0000 coast_none
-100 -100 -100 -100 0.0000 coast_none
-100 -100 -100 -100 0.0000 coast_none
-100 -100 -100 -100 0.0000 coast_none
-100 -100 -100 -100 0.0000 coast_none
-100 -100 -100 -100 0.0000 coast_none
-100 -100 -100 -100 0.0000 miss
-100 -100 -100 -100 0.0000 miss
-100 -100 -100 -100 0.0000 miss
-100 -100 -100 -100 0.0000 miss
-100 -100 -100 -100 0.0000 miss
-100 -100 -100 -100 0.0000 miss
-100 -100 -100 -100 0.0000 miss
-100 -100 -100 -100 0.0000 miss
-100 -100 -100 -100 0.0000 miss
-100 -100 -100 -100 0.0000 miss
-100 -100 -100 -100 0.0000 miss
-100 -100 -100 -100 0.0000 miss
-100 -100 -100 -100 0.0000 miss
-100 -100 -100 -100 0.0000 miss
566.25 177.19 15.00 6.33 0.9882 reinit
-100 -100 -100 -100 0.0000 coast_none
-100 -100 -100 -100 0.0000 coast_none
967.50 472.50 3.75 2.11 0.5255 reinit
-100 -100 -100 -100 0.0000 coast_none
-100 -100 -100 -100 0.0000 coast_none
-100 -100 -100 -100 0.0000 coast_none
-100 -100 -100 -100 0.0000 coast_none
-100 -100 -100 -100 0.0000 coast_none
-100 -100 -100 -100 0.0000 coast_none
757.50 531.56 11.25 6.33 0.9922 reinit
757.50 533.67 11.25 4.22 0.9843 high
-100 -100 -100 -100 0.0000 coast_none
-100 -100 -100 -100 0.0000 coast_none
963.75 468.28 11.25 8.44 1.0000 reinit
963.75 468.28 15.00 8.44 1.0000 high
963.75 468.28 15.00 8.44 1.0000 high
-100 -100 -100 -100 0.0000 coast_none
-100 -100 -100 -100 0.0000 coast_none
960.00 468.28 18.75 10.55 1.0000 high
960.00 468.28 15.00 8.44 1.0000 high
963.75 472.50 7.50 2.11 0.8745 high
-100 -100 -100 -100 0.0000 coast_none
-100 -100 -100 -100 0.0000 coast_none
-100 -100 -100 -100 0.0000 coast_none
-100 -100 -100 -100 0.0000 coast_none
967.50 470.39 3.75 4.22 0.7922 high
-100 -100 -100 -100 0.0000 coast_none
-100 -100 -100 -100 0.0000 coast_none
1458.75 449.30 7.50 6.33 0.9843 reinit
1458.75 451.41 7.50 2.11 0.9451 high
-100 -100 -100 -100 0.0000 coast_none
-100 -100 -100 -100 0.0000 coast_none
-100 -100 -100 -100 0.0000 coast_none
1447.50 455.62 15.00 14.77 1.0000 reinit
-100 -100 -100 -100 0.0000 coast_none
-100 -100 -100 -100 0.0000 coast_none
963.75 470.39 11.25 6.33 1.0000 reinit
-100 -100 -100 -100 0.0000 coast_none
-100 -100 -100 -100 0.0000 coast_none
1436.25 464.06 7.50 6.33 1.0000 reinit
-100 -100 -100 -100 0.0000 coast_none
-100 -100 -100 -100 0.0000 coast_none
1413.75 464.06 22.50 16.88 1.0000 reinit
1417.50 466.17 15.00 10.55 1.0000 high
-100 -100 -100 -100 0.0000 coast_none
-100 -100 -100 -100 0.0000 coast_none
960.00 468.28 18.75 10.55 1.0000 reinit
960.00 468.28 22.50 10.55 1.0000 high
-100 -100 -100 -100 0.0000 coast_none
-100 -100 -100 -100 0.0000 coast_none
1350.00 464.06 41.25 18.98 1.0000 reinit
1350.00 464.06 41.25 18.98 1.0000 high
1338.75 461.95 45.00 25.31 1.0000 high
1338.75 461.95 45.00 25.31 1.0000 high
1327.50 461.95 45.00 27.42 1.0000 high
1327.50 461.95 45.00 27.42 1.0000 high
1320.00 459.84 45.00 29.53 1.0000 high
1320.00 459.84 45.00 27.42 1.0000 high
1312.50 459.84 45.00 29.53 1.0000 high
1308.75 459.84 48.75 27.42 1.0000 high
1301.25 459.84 45.00 25.31 1.0000 high
1301.25 457.73 45.00 27.42 1.0000 high
1293.75 457.73 41.25 25.31 1.0000 high
1293.75 457.73 41.25 25.31 1.0000 high
1282.50 457.73 45.00 23.20 1.0000 high
1282.50 457.73 45.00 27.42 1.0000 high
1275.00 457.73 41.25 27.42 1.0000 high
1271.25 457.73 45.00 25.31 1.0000 high
1263.75 457.73 48.75 23.20 1.0000 high
1263.75 455.62 48.75 27.42 1.0000 high
1256.25 455.62 56.25 25.31 1.0000 high
1256.25 455.62 52.50 25.31 1.0000 high
1248.75 457.73 45.00 25.31 1.0000 high
1248.75 457.73 45.00 25.31 1.0000 high
1237.50 455.62 45.00 31.64 1.0000 high
1237.50 455.62 45.00 31.64 1.0000 high
1233.75 457.73 45.00 29.53 1.0000 high
1233.75 457.73 45.00 29.53 1.0000 high
1230.00 459.84 41.25 27.42 1.0000 high
1230.00 459.84 41.25 27.42 1.0000 high
1222.50 461.95 45.00 27.42 1.0000 high
1222.50 461.95 45.00 27.42 1.0000 high
1218.75 464.06 45.00 25.31 1.0000 high
1218.75 464.06 45.00 25.31 1.0000 high
1215.00 466.17 48.75 27.42 1.0000 high
1215.00 466.17 48.75 27.42 1.0000 high
1211.25 466.17 48.75 27.42 1.0000 high
1211.25 466.17 48.75 27.42 1.0000 high
1211.25 468.28 45.00 29.53 1.0000 high
1211.25 468.28 45.00 29.53 1.0000 high
1207.50 470.39 48.75 27.42 1.0000 high
1207.50 470.39 48.75 27.42 1.0000 high
1207.50 470.39 45.00 27.42 1.0000 high
1203.75 470.39 52.50 27.42 1.0000 high
1207.50 470.39 45.00 27.42 1.0000 high
1207.50 470.39 45.00 27.42 1.0000 high
1203.75 470.39 48.75 27.42 1.0000 high
1203.75 470.39 48.75 27.42 1.0000 high
1203.75 470.39 48.75 25.31 1.0000 high
1203.75 470.39 48.75 27.42 1.0000 high
1203.75 468.28 45.00 27.42 1.0000 high
1203.75 468.28 45.00 27.42 1.0000 high
1200.00 466.17 45.00 31.64 1.0000 high
1200.00 466.17 45.00 31.64 1.0000 high
1196.25 466.17 45.00 29.53 1.0000 high
1196.25 466.17 45.00 29.53 1.0000 high
1192.50 466.17 41.25 29.53 1.0000 high
1192.50 466.17 41.25 29.53 1.0000 high
1181.25 466.17 45.00 29.53 1.0000 high
1181.25 466.17 45.00 29.53 1.0000 high
-100 -100 -100 -100 0.0000 coast_none
1166.25 464.06 45.00 31.64 1.0000 high
-100 -100 -100 -100 0.0000 coast_none
1151.25 464.06 45.00 29.53 1.0000 high
-100 -100 -100 -100 0.0000 coast_none
1132.50 464.06 48.75 29.53 1.0000 high
-100 -100 -100 -100 0.0000 coast_none
1117.50 464.06 48.75 31.64 1.0000 high
-100 -100 -100 -100 0.0000 coast_none
1098.75 464.06 45.00 27.42 1.0000 high
-100 -100 -100 -100 0.0000 coast_none
1080.00 466.17 45.00 25.31 1.0000 high
-100 -100 -100 -100 0.0000 coast_none
1057.50 468.28 48.75 25.31 1.0000 high
1042.50 472.50 45.00 18.98 1.0000 high
1038.75 470.39 48.75 23.20 1.0000 high
1023.75 472.50 45.00 23.20 1.0000 high
1023.75 470.39 45.00 27.42 1.0000 high
1020.00 476.72 26.25 18.98 1.0000 high
1016.25 476.72 30.00 18.98 1.0000 high
1012.50 480.94 18.75 10.55 1.0000 high
1005.00 476.72 26.25 16.88 1.0000 high
-100 -100 -100 -100 0.0000 coast_none
-100 -100 -100 -100 0.0000 coast_none
956.25 455.62 52.50 29.53 1.0000 reinit
956.25 455.62 52.50 29.53 1.0000 high
952.50 445.08 67.50 35.86 1.0000 high
952.50 445.08 67.50 35.86 1.0000 high
956.25 440.86 67.50 37.97 1.0000 high
952.50 440.86 71.25 37.97 1.0000 high
-100 -100 -100 -100 0.0000 coast_none
945.00 423.98 56.25 37.97 1.0000 high
-100 -100 -100 -100 0.0000 coast_none
948.75 411.33 45.00 23.20 1.0000 high
-100 -100 -100 -100 0.0000 coast_none
960.00 396.56 30.00 18.98 1.0000 high
-100 -100 -100 -100 0.0000 coast_none
971.25 383.91 15.00 12.66 1.0000 high
-100 -100 -100 -100 0.0000 coast_none
-100 -100 -100 -100 0.0000 coast_none
937.50 352.27 48.75 25.31 1.0000 reinit
937.50 352.27 48.75 25.31 1.0000 high
937.50 343.83 45.00 23.20 1.0000 high
937.50 343.83 48.75 25.31 1.0000 high
937.50 337.50 45.00 25.31 1.0000 high
937.50 335.39 45.00 27.42 1.0000 high
937.50 331.17 41.25 23.20 1.0000 high
937.50 331.17 41.25 25.31 1.0000 high
933.75 324.84 41.25 27.42 1.0000 high
933.75 326.95 41.25 25.31 1.0000 high
926.25 320.62 45.00 29.53 1.0000 high
926.25 320.62 45.00 29.53 1.0000 high
922.50 318.52 41.25 29.53 1.0000 high
922.50 318.52 41.25 29.53 1.0000 high
915.00 316.41 41.25 31.64 1.0000 high
915.00 316.41 41.25 31.64 1.0000 high
903.75 316.41 45.00 31.64 1.0000 high
903.75 316.41 45.00 31.64 1.0000 high
892.50 318.52 45.00 27.42 1.0000 high
892.50 318.52 45.00 27.42 1.0000 high
881.25 318.52 41.25 25.31 1.0000 high
881.25 318.52 41.25 25.31 1.0000 high
873.75 320.62 33.75 18.98 1.0000 high
873.75 320.62 33.75 18.98 1.0000 high
873.75 324.84 15.00 8.44 1.0000 high
873.75 324.84 15.00 8.44 1.0000 high
-100 -100 -100 -100 0.0000 coast_none
-100 -100 -100 -100 0.0000 coast_none
798.75 316.41 48.75 25.31 1.0000 reinit
806.25 318.52 41.25 23.20 1.0000 high
-100 -100 -100 -100 0.0000 coast_none
-100 -100 -100 -100 0.0000 coast_none
-100 -100 -100 -100 0.0000 coast_none
-100 -100 -100 -100 0.0000 coast_none
746.25 329.06 33.75 12.66 1.0000 reinit
742.50 329.06 37.50 14.77 1.0000 high
-100 -100 -100 -100 0.0000 coast_none
742.50 335.39 15.00 8.44 1.0000 high
-100 -100 -100 -100 0.0000 coast_none
-100 -100 -100 -100 0.0000 coast_none
671.25 333.28 45.00 27.42 1.0000 reinit
671.25 333.28 45.00 27.42 1.0000 high
-100 -100 -100 -100 0.0000 coast_none
652.50 341.72 45.00 23.20 1.0000 high
-100 -100 -100 -100 0.0000 coast_none
633.75 352.27 48.75 40.08 1.0000 high
626.25 369.14 48.75 25.31 1.0000 high
622.50 369.14 52.50 25.31 1.0000 high
596.25 379.69 75.00 25.31 1.0000 high
596.25 379.69 75.00 25.31 1.0000 high
-100 -100 -100 -100 0.0000 coast_none
581.25 392.34 48.75 27.42 1.0000 high
573.75 413.44 37.50 18.98 1.0000 high
573.75 411.33 37.50 21.09 1.0000 high
-100 -100 -100 -100 0.0000 coast_none
581.25 434.53 11.25 10.55 1.0000 high
-100 -100 -100 -100 0.0000 coast_none
547.50 438.75 48.75 29.53 1.0000 high
551.25 457.73 41.25 21.09 1.0000 high
547.50 455.62 52.50 25.31 1.0000 high
540.00 455.62 67.50 42.19 1.0000 high
540.00 455.62 67.50 42.19 1.0000 high
532.50 478.83 71.25 25.31 1.0000 high
532.50 478.83 67.50 25.31 1.0000 high
532.50 483.05 52.50 18.98 1.0000 high
536.25 485.16 37.50 14.77 1.0000 high
528.75 483.05 52.50 25.31 1.0000 high
525.00 485.16 52.50 25.31 1.0000 high
521.25 491.48 41.25 18.98 1.0000 high
521.25 491.48 41.25 18.98 1.0000 high
513.75 493.59 41.25 18.98 1.0000 high
513.75 493.59 41.25 18.98 1.0000 high
506.25 493.59 37.50 21.09 1.0000 high
502.50 493.59 41.25 21.09 1.0000 high
487.50 491.48 48.75 23.20 1.0000 high
487.50 491.48 48.75 23.20 1.0000 high
506.25 495.70 18.75 12.66 1.0000 high
506.25 495.70 18.75 12.66 1.0000 high
-100 -100 -100 -100 0.0000 coast_none
-100 -100 -100 -100 0.0000 coast_none
-100 -100 -100 -100 0.0000 coast_none
-100 -100 -100 -100 0.0000 coast_none
453.75 491.48 30.00 12.66 1.0000 reinit
468.75 493.59 15.00 10.55 1.0000 high
-100 -100 -100 -100 0.0000 coast_none
-100 -100 -100 -100 0.0000 coast_none
423.75 485.16 41.25 23.20 1.0000 reinit
427.50 485.16 37.50 23.20 1.0000 high
-100 -100 -100 -100 0.0000 coast_none
-100 -100 -100 -100 0.0000 coast_none
-100 -100 -100 -100 0.0000 coast_none
-100 -100 -100 -100 0.0000 coast_none
-100 -100 -100 -100 0.0000 coast_none
416.25 478.83 26.25 14.77 1.0000 high
-100 -100 -100 -100 0.0000 coast_none
-100 -100 -100 -100 0.0000 coast_none
-100 -100 -100 -100 0.0000 coast_none
-100 -100 -100 -100 0.0000 coast_none
-100 -100 -100 -100 0.0000 coast_none
-100 -100 -100 -100 0.0000 coast_none
-100 -100 -100 -100 0.0000 coast_none
-100 -100 -100 -100 0.0000 coast_none
-100 -100 -100 -100 0.0000 coast_none
663.75 386.02 3.75 2.11 0.6784 reinit
-100 -100 -100 -100 0.0000 coast_none
-100 -100 -100 -100 0.0000 coast_none
648.75 219.38 7.50 2.11 0.6784 reinit
648.75 219.38 7.50 4.22 0.8392 high
-100 -100 -100 -100 0.0000 coast_none
-100 -100 -100 -100 0.0000 coast_none
757.50 531.56 11.25 8.44 1.0000 reinit
-100 -100 -100 -100 0.0000 coast_none
-100 -100 -100 -100 0.0000 coast_none
528.75 478.83 15.00 8.44 1.0000 reinit
521.25 480.94 33.75 14.77 1.0000 high
521.25 478.83 33.75 16.88 1.0000 high
-100 -100 -100 -100 0.0000 coast_none
532.50 483.05 33.75 18.98 1.0000 high
-100 -100 -100 -100 0.0000 coast_none
-100 -100 -100 -100 0.0000 coast_none
1001.25 449.30 22.50 10.55 1.0000 reinit
-100 -100 -100 -100 0.0000 coast_none
-100 -100 -100 -100 0.0000 coast_none
506.25 603.28 3.75 2.11 0.5647 reinit
502.50 603.28 7.50 4.22 0.9490 high
-100 -100 -100 -100 0.0000 coast_none
-100 -100 -100 -100 0.0000 coast_none
562.50 525.23 41.25 21.09 1.0000 reinit
562.50 529.45 41.25 23.20 1.0000 high
562.50 529.45 41.25 23.20 1.0000 high
562.50 533.67 41.25 25.31 1.0000 high
562.50 533.67 45.00 25.31 1.0000 high
558.75 537.89 45.00 27.42 1.0000 high
558.75 540.00 45.00 25.31 1.0000 high
562.50 548.44 45.00 21.09 1.0000 high
562.50 548.44 45.00 21.09 1.0000 high
562.50 552.66 45.00 18.98 1.0000 high
562.50 552.66 48.75 18.98 1.0000 high
562.50 554.77 48.75 16.88 1.0000 high
562.50 554.77 48.75 16.88 1.0000 high
558.75 554.77 52.50 21.09 1.0000 high
558.75 554.77 52.50 21.09 1.0000 high
558.75 554.77 48.75 23.20 1.0000 high
558.75 554.77 48.75 23.20 1.0000 high
566.25 554.77 45.00 25.31 1.0000 high
562.50 554.77 48.75 25.31 1.0000 high
562.50 554.77 48.75 29.53 1.0000 high
562.50 554.77 48.75 29.53 1.0000 high
577.50 556.88 37.50 27.42 1.0000 high
581.25 558.98 33.75 25.31 1.0000 high
585.00 556.88 37.50 27.42 1.0000 high
581.25 556.88 45.00 27.42 1.0000 high
-100 -100 -100 -100 0.0000 coast_none
600.00 558.98 41.25 25.31 1.0000 high
-100 -100 -100 -100 0.0000 coast_none
611.25 558.98 45.00 29.53 1.0000 high
-100 -100 -100 -100 0.0000 coast_none
626.25 561.09 45.00 23.20 1.0000 high
-100 -100 -100 -100 0.0000 coast_none
641.25 561.09 45.00 21.09 1.0000 high
-100 -100 -100 -100 0.0000 coast_none
663.75 563.20 45.00 21.09 1.0000 high
-100 -100 -100 -100 0.0000 coast_none
678.75 563.20 48.75 33.75 1.0000 high
697.50 563.20 45.00 37.97 1.0000 high
697.50 563.20 45.00 37.97 1.0000 high
-100 -100 -100 -100 0.0000 coast_none
716.25 565.31 52.50 27.42 1.0000 high
-100 -100 -100 -100 0.0000 coast_none
742.50 565.31 48.75 27.42 1.0000 high
-100 -100 -100 -100 0.0000 coast_none
768.75 567.42 45.00 25.31 1.0000 high
-100 -100 -100 -100 0.0000 coast_none
791.25 569.53 45.00 23.20 1.0000 high
-100 -100 -100 -100 0.0000 coast_none
813.75 571.64 45.00 23.20 1.0000 high
