405.00 200.39 48.75 25.31 1.0000 init
393.75 198.28 45.00 25.31 1.0000 high
378.75 196.17 52.50 25.31 1.0000 high
367.50 194.06 52.50 23.20 1.0000 high
356.25 187.73 52.50 25.31 1.0000 high
341.25 181.41 56.25 29.53 1.0000 high
333.75 175.08 48.75 29.53 1.0000 high
322.50 166.64 48.75 33.75 1.0000 high
311.25 162.42 52.50 31.64 1.0000 high
303.75 156.09 48.75 33.75 1.0000 high
292.50 149.77 48.75 33.75 1.0000 high
285.00 147.66 48.75 31.64 1.0000 high
277.50 143.44 48.75 31.64 1.0000 high
266.25 139.22 52.50 31.64 1.0000 high
258.75 135.00 48.75 31.64 1.0000 high
251.25 132.89 48.75 31.64 1.0000 high
240.00 128.67 52.50 31.64 1.0000 high
232.50 126.56 52.50 31.64 1.0000 high
225.00 124.45 52.50 33.75 1.0000 high
221.25 124.45 52.50 31.64 1.0000 high
217.50 124.45 48.75 31.64 1.0000 high
206.25 122.34 52.50 33.75 1.0000 high
202.50 122.34 48.75 33.75 1.0000 high
198.75 122.34 48.75 33.75 1.0000 high
191.25 122.34 52.50 33.75 1.0000 high
187.50 124.45 48.75 33.75 1.0000 high
183.75 124.45 48.75 33.75 1.0000 high
176.25 124.45 52.50 35.86 1.0000 high
172.50 126.56 52.50 33.75 1.0000 high
168.75 126.56 52.50 37.97 1.0000 high
168.75 132.89 52.50 33.75 1.0000 high
161.25 132.89 56.25 33.75 1.0000 high
165.00 137.11 52.50 33.75 1.0000 high
161.25 139.22 56.25 33.75 1.0000 high
161.25 141.33 52.50 33.75 1.0000 high
161.25 145.55 52.50 31.64 1.0000 high
161.25 149.77 52.50 31.64 1.0000 high
161.25 149.77 52.50 33.75 1.0000 high
161.25 156.09 52.50 29.53 1.0000 high
161.25 158.20 52.50 31.64 1.0000 high
161.25 160.31 52.50 31.64 1.0000 high
165.00 164.53 52.50 29.53 1.0000 high
168.75 166.64 48.75 29.53 1.0000 high
168.75 166.64 52.50 31.64 1.0000 high
168.75 170.86 52.50 29.53 1.0000 high
172.50 172.97 52.50 29.53 1.0000 high
176.25 175.08 52.50 27.42 1.0000 high
183.75 175.08 48.75 27.42 1.0000 high
187.50 175.08 48.75 29.53 1.0000 high
191.25 177.19 48.75 25.31 1.0000 high
198.75 175.08 45.00 27.42 1.0000 high
202.50 175.08 45.00 27.42 1.0000 high
206.25 175.08 45.00 25.31 1.0000 high
210.00 175.08 45.00 25.31 1.0000 high
217.50 175.08 41.25 23.20 1.0000 high
221.25 175.08 45.00 21.09 1.0000 high
225.00 172.97 48.75 18.98 1.0000 high
232.50 170.86 45.00 18.98 1.0000 high
236.25 166.64 41.25 18.98 1.0000 high
240.00 162.42 41.25 18.98 1.0000 high
243.75 156.09 41.25 18.98 1.0000 high
247.50 151.88 37.50 18.98 1.0000 high
251.25 145.55 41.25 18.98 1.0000 high
251.25 141.33 41.25 16.88 1.0000 high
251.25 132.89 45.00 18.98 1.0000 high
255.00 124.45 41.25 23.20 1.0000 high
258.75 116.02 41.25 25.31 1.0000 high
262.50 109.69 37.50 25.31 1.0000 high
262.50 103.36 41.25 27.42 1.0000 high
266.25 97.03 37.50 29.53 1.0000 high
270.00 90.70 37.50 29.53 1.0000 high
273.75 86.48 33.75 29.53 1.0000 high
277.50 82.27 33.75 31.64 1.0000 high
281.25 78.05 33.75 31.64 1.0000 high
281.25 75.94 37.50 31.64 1.0000 high
285.00 73.83 37.50 29.53 1.0000 high
288.75 71.72 37.50 29.53 1.0000 high
292.50 69.61 37.50 29.53 1.0000 high
296.25 69.61 37.50 29.53 1.0000 high
303.75 69.61 33.75 27.42 1.0000 high
307.50 69.61 33.75 27.42 1.0000 high
311.25 69.61 37.50 27.42 1.0000 high
315.00 69.61 37.50 27.42 1.0000 high
318.75 69.61 37.50 27.42 1.0000 high
326.25 69.61 37.50 27.42 1.0000 high
330.00 71.72 37.50 27.42 1.0000 high
337.50 71.72 33.75 27.42 1.0000 high
341.25 73.83 37.50 27.42 1.0000 high
348.75 73.83 33.75 27.42 1.0000 high
352.50 75.94 37.50 27.42 1.0000 high
360.00 78.05 37.50 27.42 1.0000 high
363.75 80.16 37.50 25.31 1.0000 high
371.25 82.27 37.50 25.31 1.0000 high
378.75 84.38 33.75 25.31 1.0000 high
386.25 84.38 33.75 27.42 1.0000 high
393.75 88.59 33.75 23.20 1.0000 high
401.25 90.70 33.75 23.20 1.0000 high
408.75 90.70 33.75 25.31 1.0000 high
416.25 92.81 33.75 23.20 1.0000 high
423.75 94.92 33.75 23.20 1.0000 high
431.25 94.92 37.50 23.20 1.0000 high
442.50 97.03 33.75 23.20 1.0000 high
450.00 97.03 33.75 23.20 1.0000 high
461.25 97.03 30.00 23.20 1.0000 high
468.75 97.03 33.75 23.20 1.0000 high
480.00 97.03 30.00 23.20 1.0000 high
487.50 97.03 33.75 23.20 1.0000 high
498.75 97.03 30.00 21.09 1.0000 high
510.00 97.03 30.00 21.09 1.0000 high
521.25 94.92 30.00 21.09 1.0000 high
528.75 94.92 30.00 21.09 1.0000 high
540.00 92.81 33.75 21.09 1.0000 high
551.25 92.81 30.00 18.98 1.0000 high
562.50 90.70 30.00 18.98 1.0000 high
573.75 88.59 30.00 18.98 1.0000 high
581.25 88.59 33.75 16.88 1.0000 high
596.25 86.48 30.00 16.88 1.0000 high
603.75 82.27 30.00 18.98 1.0000 high
615.00 80.16 26.25 18.98 1.0000 high
622.50 75.94 30.00 21.09 1.0000 high
633.75 73.83 30.00 21.09 1.0000 high
641.25 71.72 30.00 21.09 1.0000 high
648.75 71.72 30.00 18.98 1.0000 high
656.25 69.61 30.00 18.98 1.0000 high
667.50 67.50 30.00 18.98 1.0000 high
671.25 67.50 33.75 18.98 1.0000 high
682.50 67.50 26.25 18.98 1.0000 high
686.25 67.50 33.75 18.98 1.0000 high
693.75 65.39 33.75 21.09 1.0000 high
701.25 67.50 30.00 18.98 1.0000 high
708.75 67.50 30.00 21.09 1.0000 high
716.25 69.61 30.00 21.09 1.0000 high
723.75 71.72 30.00 18.98 1.0000 high
731.25 73.83 30.00 18.98 1.0000 high
738.75 73.83 26.25 18.98 1.0000 high
742.50 75.94 30.00 18.98 1.0000 high
750.00 78.05 26.25 18.98 1.0000 high
753.75 80.16 30.00 18.98 1.0000 high
761.25 82.27 30.00 18.98 1.0000 high
768.75 84.38 30.00 18.98 1.0000 high
772.50 86.48 30.00 18.98 1.0000 high
776.25 88.59 30.00 18.98 1.0000 high
783.75 90.70 26.25 21.09 1.0000 high
787.50 94.92 30.00 18.98 1.0000 high
791.25 94.92 30.00 21.09 1.0000 high
795.00 97.03 30.00 21.09 1.0000 high
798.75 99.14 30.00 21.09 1.0000 high
806.25 101.25 26.25 18.98 1.0000 high
810.00 103.36 26.25 18.98 1.0000 high
813.75 105.47 26.25 18.98 1.0000 high
817.50 105.47 30.00 18.98 1.0000 high
821.25 107.58 26.25 16.88 1.0000 high
825.00 107.58 26.25 16.88 1.0000 high
828.75 107.58 26.25 18.98 1.0000 high
832.50 109.69 26.25 14.77 1.0000 high
832.50 109.69 26.25 14.77 1.0000 high
836.25 109.69 26.25 14.77 1.0000 high
836.25 109.69 26.25 14.77 1.0000 high
843.75 109.69 22.50 14.77 1.0000 high
843.75 107.58 26.25 16.88 1.0000 high
847.50 107.58 22.50 16.88 1.0000 high
851.25 105.47 22.50 18.98 1.0000 high
851.25 107.58 26.25 16.88 1.0000 high
855.00 109.69 22.50 16.88 1.0000 high
858.75 107.58 26.25 18.98 1.0000 high
862.50 109.69 22.50 18.98 1.0000 high
862.50 109.69 26.25 18.98 1.0000 high
866.25 111.80 26.25 18.98 1.0000 high
870.00 113.91 22.50 16.88 1.0000 high
873.75 113.91 26.25 18.98 1.0000 high
877.50 116.02 26.25 18.98 1.0000 high
881.25 118.12 26.25 18.98 1.0000 high
885.00 120.23 26.25 16.88 1.0000 high
888.75 122.34 26.25 16.88 1.0000 high
892.50 122.34 26.25 16.88 1.0000 high
896.25 124.45 26.25 16.88 1.0000 high
903.75 126.56 22.50 16.88 1.0000 high
907.50 128.67 22.50 16.88 1.0000 high
911.25 128.67 26.25 18.98 1.0000 high
915.00 130.78 26.25 18.98 1.0000 high
922.50 132.89 22.50 16.88 1.0000 high
926.25 135.00 26.25 16.88 1.0000 high
933.75 137.11 22.50 16.88 1.0000 high
937.50 139.22 22.50 16.88 1.0000 high
941.25 141.33 26.25 14.77 1.0000 high
948.75 143.44 22.50 14.77 1.0000 high
952.50 145.55 26.25 14.77 1.0000 high
960.00 147.66 22.50 14.77 1.0000 high
963.75 149.77 26.25 14.77 1.0000 high
967.50 149.77 26.25 16.88 1.0000 high
975.00 151.88 26.25 14.77 1.0000 high
978.75 153.98 26.25 14.77 1.0000 high
982.50 153.98 26.25 16.88 1.0000 high
990.00 156.09 26.25 14.77 1.0000 high
993.75 156.09 22.50 14.77 1.0000 high
997.50 158.20 26.25 14.77 1.0000 high
1001.25 158.20 26.25 14.77 1.0000 high
1005.00 160.31 26.25 14.77 1.0000 high
1008.75 160.31 26.25 16.88 1.0000 high
1012.50 162.42 26.25 16.88 1.0000 high
1016.25 164.53 26.25 14.77 1.0000 high
1020.00 164.53 26.25 14.77 1.0000 high
1023.75 164.53 22.50 16.88 1.0000 high
1027.50 166.64 22.50 14.77 1.0000 high
1027.50 166.64 26.25 16.88 1.0000 high
1027.50 166.64 26.25 16.88 1.0000 high
1031.25 168.75 26.25 14.77 1.0000 high
1031.25 168.75 26.25 14.77 1.0000 high
1035.00 170.86 26.25 14.77 1.0000 high
1035.00 170.86 26.25 14.77 1.0000 high
1038.75 170.86 22.50 14.77 1.0000 high
1038.75 170.86 26.25 16.88 1.0000 high
1038.75 170.86 26.25 16.88 1.0000 high
1038.75 172.97 26.25 14.77 1.0000 high
1038.75 172.97 26.25 14.77 1.0000 high
1042.50 172.97 26.25 14.77 1.0000 high
1042.50 172.97 26.25 14.77 1.0000 high
1042.50 172.97 26.25 14.77 1.0000 high
1042.50 172.97 22.50 14.77 1.0000 high
1042.50 172.97 22.50 14.77 1.0000 high
1038.75 172.97 26.25 14.77 1.0000 high
1038.75 172.97 22.50 14.77 1.0000 high
1038.75 172.97 22.50 14.77 1.0000 high
1035.00 172.97 26.25 14.77 1.0000 high
1035.00 170.86 26.25 16.88 1.0000 high
1031.25 170.86 26.25 16.88 1.0000 high
1031.25 170.86 26.25 16.88 1.0000 high
1027.50 170.86 26.25 16.88 1.0000 high
1023.75 170.86 30.00 16.88 1.0000 high
1023.75 170.86 22.50 14.77 1.0000 high
1020.00 170.86 26.25 14.77 1.0000 high
1016.25 168.75 26.25 14.77 1.0000 high
1012.50 168.75 26.25 14.77 1.0000 high
1008.75 168.75 26.25 14.77 1.0000 high
1005.00 166.64 26.25 16.88 1.0000 high
1001.25 166.64 26.25 16.88 1.0000 high
997.50 164.53 26.25 18.98 1.0000 high
993.75 166.64 26.25 14.77 1.0000 high
993.75 164.53 22.50 16.88 1.0000 high
986.25 164.53 26.25 14.77 1.0000 high
982.50 164.53 26.25 14.77 1.0000 high
978.75 162.42 22.50 14.77 1.0000 high
975.00 162.42 26.25 14.77 1.0000 high
967.50 160.31 26.25 14.77 1.0000 high
963.75 160.31 22.50 14.77 1.0000 high
960.00 160.31 22.50 14.77 1.0000 high
956.25 158.20 22.50 14.77 1.0000 high
948.75 158.20 26.25 14.77 1.0000 high
945.00 156.09 26.25 16.88 1.0000 high
937.50 156.09 26.25 14.77 1.0000 high
933.75 156.09 26.25 14.77 1.0000 high
930.00 153.98 26.25 16.88 1.0000 high
922.50 153.98 26.25 16.88 1.0000 high
918.75 153.98 22.50 14.77 1.0000 high
915.00 153.98 22.50 14.77 1.0000 high
907.50 151.88 26.25 14.77 1.0000 high
903.75 151.88 22.50 14.77 1.0000 high
896.25 149.77 26.25 16.88 1.0000 high
892.50 149.77 22.50 14.77 1.0000 high
885.00 149.77 26.25 14.77 1.0000 high
877.50 147.66 26.25 16.88 1.0000 high
873.75 147.66 22.50 14.77 1.0000 high
866.25 147.66 26.25 14.77 1.0000 high
862.50 145.55 22.50 16.88 1.0000 high
855.00 145.55 26.25 14.77 1.0000 high
847.50 145.55 26.25 14.77 1.0000 high
843.75 143.44 22.50 14.77 1.0000 high
836.25 143.44 22.50 14.77 1.0000 high
828.75 143.44 22.50 14.77 1.0000 high
821.25 141.33 26.25 14.77 1.0000 high
817.50 141.33 22.50 14.77 1.0000 high
810.00 139.22 22.50 16.88 1.0000 high
802.50 139.22 22.50 14.77 1.0000 high
795.00 139.22 26.25 14.77 1.0000 high
787.50 137.11 26.25 16.88 1.0000 high
780.00 137.11 26.25 14.77 1.0000 high
772.50 137.11 26.25 14.77 1.0000 high
768.75 135.00 22.50 14.77 1.0000 high
761.25 135.00 22.50 14.77 1.0000 high
753.75 132.89 22.50 16.88 1.0000 high
742.50 132.89 26.25 14.77 1.0000 high
738.75 132.89 22.50 14.77 1.0000 high
731.25 130.78 22.50 16.88 1.0000 high
723.75 130.78 22.50 14.77 1.0000 high
716.25 130.78 22.50 14.77 1.0000 high
705.00 130.78 26.25 14.77 1.0000 high
697.50 128.67 26.25 16.88 1.0000 high
690.00 128.67 22.50 16.88 1.0000 high
682.50 128.67 26.25 16.88 1.0000 high
671.25 128.67 26.25 16.88 1.0000 high
667.50 128.67 22.50 16.88 1.0000 high
656.25 130.78 26.25 14.77 1.0000 high
648.75 130.78 22.50 16.88 1.0000 high
641.25 130.78 22.50 16.88 1.0000 high
633.75 132.89 22.50 16.88 1.0000 high
622.50 135.00 26.25 14.77 1.0000 high
615.00 137.11 26.25 16.88 1.0000 high
603.75 139.22 26.25 14.77 1.0000 high
596.25 141.33 26.25 14.77 1.0000 high
588.75 143.44 22.50 16.88 1.0000 high
577.50 147.66 26.25 14.77 1.0000 high
570.00 151.88 26.25 12.66 1.0000 high
558.75 153.98 26.25 14.77 1.0000 high
551.25 156.09 26.25 16.88 1.0000 high
543.75 158.20 26.25 16.88 1.0000 high
536.25 162.42 22.50 16.88 1.0000 high
528.75 164.53 22.50 18.98 1.0000 high
517.50 168.75 26.25 18.98 1.0000 high
510.00 172.97 26.25 16.88 1.0000 high
502.50 175.08 26.25 18.98 1.0000 high
495.00 179.30 26.25 18.98 1.0000 high
487.50 183.52 26.25 18.98 1.0000 high
480.00 185.62 26.25 18.98 1.0000 high
472.50 189.84 26.25 18.98 1.0000 high
465.00 191.95 26.25 21.09 1.0000 high
461.25 196.17 26.25 21.09 1.0000 high
453.75 200.39 30.00 21.09 1.0000 high
446.25 204.61 30.00 21.09 1.0000 high
442.50 208.83 30.00 21.09 1.0000 high
438.75 213.05 26.25 21.09 1.0000 high
431.25 217.27 30.00 21.09 1.0000 high
427.50 221.48 30.00 18.98 1.0000 high
423.75 225.70 30.00 21.09 1.0000 high
423.75 229.92 26.25 18.98 1.0000 high
420.00 236.25 26.25 16.88 1.0000 high
416.25 238.36 30.00 18.98 1.0000 high
412.50 242.58 30.00 16.88 1.0000 high
408.75 246.80 33.75 16.88 1.0000 high
408.75 251.02 30.00 14.77 1.0000 high
405.00 255.23 30.00 14.77 1.0000 high
401.25 257.34 30.00 14.77 1.0000 high
397.50 257.34 33.75 16.88 1.0000 high
397.50 259.45 30.00 16.88 1.0000 high
393.75 261.56 30.00 18.98 1.0000 high
390.00 261.56 33.75 18.98 1.0000 high
386.25 263.67 30.00 16.88 1.0000 high
382.50 261.56 33.75 18.98 1.0000 high
378.75 263.67 30.00 18.98 1.0000 high
375.00 263.67 30.00 18.98 1.0000 high
367.50 263.67 33.75 18.98 1.0000 high
363.75 263.67 30.00 16.88 1.0000 high
356.25 261.56 30.00 18.98 1.0000 high
352.50 261.56 30.00 18.98 1.0000 high
345.00 261.56 30.00 16.88 1.0000 high
337.50 259.45 30.00 16.88 1.0000 high
330.00 257.34 30.00 18.98 1.0000 high
322.50 257.34 33.75 16.88 1.0000 high
315.00 255.23 33.75 16.88 1.0000 high
307.50 253.12 30.00 16.88 1.0000 high
300.00 251.02 30.00 16.88 1.0000 high
288.75 248.91 33.75 16.88 1.0000 high
281.25 248.91 33.75 14.77 1.0000 high
273.75 244.69 33.75 16.88 1.0000 high
266.25 242.58 30.00 16.88 1.0000 high
258.75 240.47 30.00 18.98 1.0000 high
251.25 238.36 30.00 18.98 1.0000 high
243.75 234.14 30.00 21.09 1.0000 high
236.25 234.14 30.00 21.09 1.0000 high
228.75 232.03 30.00 21.09 1.0000 high
221.25 229.92 30.00 21.09 1.0000 high
213.75 225.70 33.75 25.31 1.0000 high
210.00 225.70 33.75 23.20 1.0000 high
202.50 223.59 33.75 25.31 1.0000 high
198.75 223.59 33.75 23.20 1.0000 high
195.00 221.48 33.75 23.20 1.0000 high
191.25 219.38 33.75 23.20 1.0000 high
187.50 219.38 33.75 23.20 1.0000 high
183.75 219.38 33.75 21.09 1.0000 high
180.00 219.38 33.75 18.98 1.0000 high
176.25 219.38 37.50 18.98 1.0000 high
176.25 217.27 33.75 21.09 1.0000 high
172.50 217.27 33.75 18.98 1.0000 high
168.75 215.16 33.75 21.09 1.0000 high
165.00 215.16 33.75 21.09 1.0000 high
161.25 213.05 37.50 23.20 1.0000 high
161.25 213.05 33.75 23.20 1.0000 high
157.50 213.05 33.75 23.20 1.0000 high
157.50 213.05 33.75 23.20 1.0000 high
153.75 213.05 37.50 23.20 1.0000 high
153.75 213.05 33.75 25.31 1.0000 high
150.00 213.05 33.75 25.31 1.0000 high
150.00 215.16 33.75 23.20 1.0000 high
146.25 215.16 37.50 23.20 1.0000 high
146.25 215.16 37.50 23.20 1.0000 high
146.25 217.27 33.75 23.20 1.0000 high
146.25 217.27 33.75 25.31 1.0000 high
146.25 219.38 33.75 23.20 1.0000 high
142.50 221.48 37.50 23.20 1.0000 high
142.50 223.59 37.50 21.09 1.0000 high
142.50 223.59 37.50 23.20 1.0000 high
142.50 225.70 33.75 21.09 1.0000 high
146.25 225.70 30.00 23.20 1.0000 high
146.25 227.81 30.00 23.20 1.0000 high
146.25 229.92 33.75 21.09 1.0000 high
146.25 232.03 33.75 18.98 1.0000 high
142.50 232.03 41.25 18.98 1.0000 high
146.25 234.14 37.50 16.88 1.0000 high
150.00 234.14 33.75 16.88 1.0000 high
150.00 234.14 33.75 16.88 1.0000 high
150.00 234.14 33.75 16.88 1.0000 high
150.00 232.03 33.75 16.88 1.0000 high
153.75 232.03 33.75 14.77 1.0000 high
153.75 229.92 33.75 16.88 1.0000 high
153.75 229.92 33.75 12.66 1.0000 high
153.75 227.81 33.75 14.77 1.0000 high
153.75 223.59 37.50 16.88 1.0000 high
153.75 223.59 37.50 16.88 1.0000 high
157.50 221.48 33.75 18.98 1.0000 high
157.50 219.38 33.75 21.09 1.0000 high
157.50 217.27 33.75 23.20 1.0000 high
161.25 217.27 30.00 23.20 1.0000 high
161.25 217.27 30.00 23.20 1.0000 high
161.25 217.27 33.75 23.20 1.0000 high
165.00 217.27 33.75 23.20 1.0000 high
165.00 217.27 33.75 23.20 1.0000 high
168.75 217.27 33.75 23.20 1.0000 high
172.50 219.38 33.75 21.09 1.0000 high
176.25 219.38 30.00 23.20 1.0000 high
176.25 221.48 33.75 21.09 1.0000 high
180.00 221.48 33.75 21.09 1.0000 high
183.75 221.48 33.75 21.09 1.0000 high
187.50 221.48 33.75 23.20 1.0000 high
191.25 223.59 33.75 21.09 1.0000 high
198.75 225.70 30.00 18.98 1.0000 high
202.50 225.70 30.00 21.09 1.0000 high
206.25 225.70 33.75 21.09 1.0000 high
213.75 227.81 30.00 21.09 1.0000 high
217.50 227.81 30.00 21.09 1.0000 high
221.25 229.92 33.75 21.09 1.0000 high
228.75 232.03 30.00 18.98 1.0000 high
236.25 232.03 30.00 18.98 1.0000 high
240.00 234.14 33.75 16.88 1.0000 high
247.50 234.14 30.00 18.98 1.0000 high
251.25 234.14 30.00 18.98 1.0000 high
258.75 234.14 30.00 18.98 1.0000 high
266.25 234.14 30.00 18.98 1.0000 high
273.75 234.14 30.00 18.98 1.0000 high
281.25 234.14 30.00 18.98 1.0000 high
285.00 234.14 33.75 16.88 1.0000 high
292.50 234.14 30.00 14.77 1.0000 high
303.75 234.14 26.25 14.77 1.0000 high
307.50 234.14 30.00 14.77 1.0000 high
315.00 232.03 30.00 14.77 1.0000 high
322.50 229.92 30.00 14.77 1.0000 high
330.00 227.81 26.25 14.77 1.0000 high
337.50 223.59 26.25 16.88 1.0000 high
341.25 221.48 30.00 16.88 1.0000 high
348.75 219.38 30.00 18.98 1.0000 high
352.50 219.38 30.00 14.77 1.0000 high
356.25 217.27 30.00 16.88 1.0000 high
363.75 217.27 26.25 14.77 1.0000 high
367.50 215.16 30.00 14.77 1.0000 high
371.25 213.05 30.00 16.88 1.0000 high
378.75 210.94 26.25 16.88 1.0000 high
382.50 210.94 30.00 16.88 1.0000 high
386.25 210.94 30.00 16.88 1.0000 high
393.75 208.83 26.25 18.98 1.0000 high
397.50 208.83 26.25 18.98 1.0000 high
401.25 208.83 30.00 18.98 1.0000 high
408.75 208.83 26.25 18.98 1.0000 high
412.50 210.94 26.25 16.88 1.0000 high
416.25 210.94 30.00 18.98 1.0000 high
423.75 210.94 26.25 18.98 1.0000 high
431.25 213.05 26.25 16.88 1.0000 high
435.00 213.05 26.25 18.98 1.0000 high
442.50 215.16 26.25 16.88 1.0000 high
446.25 215.16 26.25 16.88 1.0000 high
453.75 217.27 26.25 16.88 1.0000 high
461.25 217.27 26.25 16.88 1.0000 high
468.75 217.27 26.25 18.98 1.0000 high
472.50 219.38 30.00 16.88 1.0000 high
480.00 221.48 26.25 16.88 1.0000 high
487.50 221.48 26.25 16.88 1.0000 high
491.25 221.48 26.25 18.98 1.0000 high
498.75 223.59 26.25 16.88 1.0000 high
506.25 225.70 26.25 14.77 1.0000 high
513.75 225.70 26.25 16.88 1.0000 high
521.25 227.81 26.25 16.88 1.0000 high
528.75 227.81 26.25 16.88 1.0000 high
536.25 229.92 26.25 16.88 1.0000 high
543.75 232.03 22.50 14.77 1.0000 high
551.25 232.03 26.25 16.88 1.0000 high
558.75 234.14 26.25 16.88 1.0000 high
566.25 234.14 26.25 16.88 1.0000 high
573.75 236.25 26.25 14.77 1.0000 high
581.25 236.25 26.25 16.88 1.0000 high
588.75 238.36 26.25 14.77 1.0000 high
596.25 238.36 26.25 14.77 1.0000 high
603.75 240.47 26.25 12.66 1.0000 high
611.25 238.36 26.25 14.77 1.0000 high
618.75 238.36 26.25 14.77 1.0000 high
622.50 236.25 26.25 14.77 1.0000 high
630.00 234.14 26.25 16.88 1.0000 high
637.50 234.14 26.25 16.88 1.0000 high
641.25 232.03 26.25 16.88 1.0000 high
648.75 232.03 22.50 14.77 1.0000 high
652.50 229.92 26.25 16.88 1.0000 high
656.25 229.92 26.25 16.88 1.0000 high
663.75 229.92 22.50 14.77 1.0000 high
667.50 227.81 22.50 14.77 1.0000 high
671.25 227.81 26.25 14.77 1.0000 high
675.00 225.70 26.25 16.88 1.0000 high
678.75 225.70 26.25 16.88 1.0000 high
686.25 223.59 22.50 18.98 1.0000 high
690.00 223.59 22.50 18.98 1.0000 high
693.75 225.70 26.25 16.88 1.0000 high
701.25 223.59 22.50 18.98 1.0000 high
705.00 225.70 22.50 16.88 1.0000 high
708.75 225.70 26.25 16.88 1.0000 high
716.25 227.81 22.50 14.77 1.0000 high
720.00 227.81 22.50 14.77 1.0000 high
727.50 227.81 22.50 16.88 1.0000 high
731.25 229.92 26.25 14.77 1.0000 high
738.75 229.92 22.50 14.77 1.0000 high
742.50 229.92 26.25 16.88 1.0000 high
750.00 232.03 22.50 14.77 1.0000 high
753.75 234.14 26.25 14.77 1.0000 high
761.25 234.14 26.25 14.77 1.0000 high
768.75 236.25 22.50 14.77 1.0000 high
772.50 236.25 26.25 14.77 1.0000 high
776.25 238.36 26.25 12.66 1.0000 high
783.75 238.36 22.50 14.77 1.0000 high
787.50 238.36 26.25 14.77 1.0000 high
795.00 238.36 26.25 14.77 1.0000 high
798.75 238.36 22.50 16.88 1.0000 high
802.50 238.36 26.25 16.88 1.0000 high
806.25 238.36 26.25 16.88 1.0000 high
810.00 238.36 26.25 16.88 1.0000 high
813.75 238.36 22.50 16.88 1.0000 high
817.50 238.36 22.50 14.77 1.0000 high
817.50 236.25 26.25 14.77 1.0000 high
821.25 236.25 22.50 14.77 1.0000 high
821.25 234.14 26.25 14.77 1.0000 high
825.00 232.03 22.50 14.77 1.0000 high
828.75 229.92 22.50 14.77 1.0000 high
828.75 227.81 22.50 14.77 1.0000 high
828.75 225.70 22.50 14.77 1.0000 high
832.50 223.59 22.50 14.77 1.0000 high
832.50 221.48 22.50 14.77 1.0000 high
832.50 221.48 26.25 12.66 1.0000 high
832.50 219.38 26.25 14.77 1.0000 high
836.25 217.27 22.50 14.77 1.0000 high
836.25 217.27 22.50 14.77 1.0000 high
836.25 215.16 26.25 14.77 1.0000 high
840.00 215.16 22.50 14.77 1.0000 high
840.00 215.16 22.50 12.66 1.0000 high
840.00 213.05 22.50 12.66 1.0000 high
840.00 213.05 22.50 12.66 1.0000 high
843.75 210.94 22.50 14.77 1.0000 high
843.75 208.83 22.50 16.88 1.0000 high
847.50 208.83 22.50 16.88 1.0000 high
847.50 208.83 22.50 16.88 1.0000 high
847.50 208.83 22.50 16.88 1.0000 high
851.25 208.83 22.50 16.88 1.0000 high
855.00 210.94 22.50 14.77 1.0000 high
855.00 210.94 22.50 14.77 1.0000 high
858.75 208.83 22.50 16.88 1.0000 high
858.75 208.83 26.25 16.88 1.0000 high
862.50 210.94 26.25 14.77 1.0000 high
866.25 210.94 26.25 14.77 1.0000 high
870.00 213.05 22.50 14.77 1.0000 high
873.75 213.05 22.50 14.77 1.0000 high
877.50 213.05 22.50 14.77 1.0000 high
881.25 213.05 26.25 16.88 1.0000 high
888.75 213.05 22.50 16.88 1.0000 high
892.50 213.05 22.50 16.88 1.0000 high
896.25 213.05 22.50 16.88 1.0000 high
900.00 215.16 22.50 14.77 1.0000 high
903.75 215.16 22.50 14.77 1.0000 high
911.25 215.16 22.50 16.88 1.0000 high
911.25 215.16 26.25 16.88 1.0000 high
918.75 217.27 22.50 14.77 1.0000 high
926.25 217.27 18.75 14.77 1.0000 high
930.00 219.38 22.50 12.66 1.0000 high
933.75 219.38 22.50 14.77 1.0000 high
937.50 219.38 26.25 14.77 1.0000 high
945.00 219.38 22.50 14.77 1.0000 high
948.75 221.48 26.25 14.77 1.0000 high
956.25 221.48 22.50 14.77 1.0000 high
960.00 221.48 22.50 14.77 1.0000 high
967.50 223.59 22.50 14.77 1.0000 high
971.25 223.59 26.25 14.77 1.0000 high
975.00 223.59 26.25 14.77 1.0000 high
982.50 225.70 22.50 12.66 1.0000 high
986.25 223.59 22.50 14.77 1.0000 high
990.00 225.70 22.50 14.77 1.0000 high
993.75 225.70 26.25 14.77 1.0000 high
997.50 227.81 26.25 12.66 1.0000 high
1001.25 227.81 26.25 12.66 1.0000 high
1008.75 227.81 22.50 12.66 1.0000 high
1008.75 229.92 26.25 12.66 1.0000 high
1012.50 229.92 26.25 12.66 1.0000 high
1016.25 229.92 26.25 12.66 1.0000 high
1023.75 229.92 18.75 14.77 1.0000 high
1023.75 229.92 22.50 14.77 1.0000 high
1027.50 232.03 22.50 12.66 1.0000 high
1027.50 232.03 26.25 14.77 1.0000 high
1031.25 232.03 22.50 14.77 1.0000 high
1031.25 232.03 26.25 14.77 1.0000 high
1035.00 232.03 26.25 14.77 1.0000 high
1038.75 234.14 22.50 12.66 1.0000 high
1038.75 234.14 22.50 12.66 1.0000 high
1042.50 234.14 22.50 12.66 1.0000 high
1042.50 234.14 26.25 14.77 1.0000 high
1042.50 234.14 26.25 14.77 1.0000 high
1046.25 234.14 22.50 14.77 1.0000 high
1046.25 232.03 26.25 14.77 1.0000 high
1046.25 232.03 26.25 14.77 1.0000 high
1050.00 232.03 22.50 14.77 1.0000 high
1050.00 232.03 22.50 12.66 1.0000 high
1050.00 229.92 22.50 12.66 1.0000 high
1050.00 227.81 22.50 12.66 1.0000 high
1050.00 225.70 22.50 14.77 1.0000 high
1053.75 223.59 22.50 14.77 1.0000 high
1053.75 223.59 22.50 12.66 1.0000 high
1053.75 221.48 22.50 12.66 1.0000 high
1053.75 219.38 22.50 14.77 1.0000 high
1053.75 219.38 22.50 12.66 1.0000 high
1053.75 217.27 22.50 12.66 1.0000 high
1053.75 215.16 22.50 14.77 1.0000 high
1053.75 215.16 22.50 12.66 1.0000 high
1057.50 213.05 18.75 14.77 1.0000 high
1057.50 213.05 18.75 12.66 1.0000 high
1057.50 210.94 22.50 14.77 1.0000 high
1057.50 208.83 22.50 16.88 1.0000 high
1057.50 208.83 22.50 14.77 1.0000 high
1061.25 208.83 18.75 14.77 1.0000 high
1061.25 208.83 22.50 14.77 1.0000 high
1061.25 208.83 22.50 14.77 1.0000 high
1061.25 208.83 26.25 14.77 1.0000 high
1065.00 208.83 22.50 14.77 1.0000 high
1068.75 208.83 18.75 14.77 1.0000 high
1068.75 208.83 22.50 16.88 1.0000 high
1072.50 210.94 22.50 14.77 1.0000 high
1076.25 210.94 22.50 12.66 1.0000 high
1076.25 210.94 22.50 14.77 1.0000 high
1080.00 210.94 22.50 14.77 1.0000 high
1083.75 213.05 22.50 12.66 1.0000 high
1087.50 213.05 22.50 14.77 1.0000 high
1091.25 213.05 22.50 14.77 1.0000 high
1091.25 213.05 26.25 14.77 1.0000 high
1098.75 213.05 22.50 14.77 1.0000 high
1102.50 215.16 18.75 14.77 1.0000 high
1106.25 215.16 18.75 14.77 1.0000 high
1106.25 217.27 26.25 12.66 1.0000 high
1113.75 217.27 18.75 12.66 1.0000 high
1113.75 217.27 22.50 12.66 1.0000 high
1117.50 219.38 22.50 12.66 1.0000 high
1121.25 219.38 22.50 12.66 1.0000 high
1125.00 219.38 22.50 12.66 1.0000 high
1128.75 219.38 22.50 12.66 1.0000 high
1128.75 221.48 22.50 12.66 1.0000 high
1132.50 221.48 22.50 12.66 1.0000 high
1132.50 221.48 26.25 12.66 1.0000 high
1136.25 221.48 22.50 12.66 1.0000 high
1140.00 221.48 22.50 12.66 1.0000 high
1143.75 221.48 22.50 14.77 1.0000 high
1143.75 221.48 22.50 14.77 1.0000 high
1147.50 221.48 22.50 14.77 1.0000 high
1147.50 223.59 22.50 12.66 1.0000 high
1147.50 223.59 22.50 12.66 1.0000 high
1151.25 223.59 22.50 12.66 1.0000 high
1151.25 223.59 22.50 12.66 1.0000 high
1151.25 223.59 22.50 12.66 1.0000 high
1151.25 223.59 22.50 14.77 1.0000 high
1155.00 223.59 22.50 12.66 1.0000 high
1155.00 223.59 22.50 12.66 1.0000 high
1155.00 223.59 22.50 12.66 1.0000 high
1151.25 223.59 26.25 12.66 1.0000 high
1151.25 223.59 26.25 12.66 1.0000 high
1151.25 221.48 22.50 14.77 1.0000 high
1151.25 221.48 22.50 14.77 1.0000 high
1151.25 221.48 22.50 12.66 1.0000 high
1151.25 221.48 22.50 12.66 1.0000 high
1147.50 221.48 26.25 12.66 1.0000 high
1147.50 221.48 22.50 12.66 1.0000 high
1147.50 219.38 22.50 14.77 1.0000 high
1143.75 219.38 22.50 12.66 1.0000 high
1143.75 217.27 22.50 14.77 1.0000 high
1143.75 217.27 18.75 14.77 1.0000 high
1140.00 217.27 22.50 12.66 1.0000 high
1136.25 215.16 22.50 14.77 1.0000 high
1132.50 215.16 26.25 14.77 1.0000 high
1132.50 215.16 22.50 12.66 1.0000 high
1128.75 215.16 22.50 12.66 1.0000 high
1128.75 213.05 18.75 12.66 1.0000 high
1121.25 213.05 26.25 12.66 1.0000 high
1121.25 213.05 22.50 10.55 1.0000 high
1117.50 210.94 22.50 12.66 1.0000 high
1113.75 210.94 22.50 12.66 1.0000 high
1110.00 208.83 22.50 12.66 1.0000 high
1106.25 208.83 26.25 12.66 1.0000 high
1102.50 208.83 26.25 12.66 1.0000 high
1102.50 206.72 22.50 12.66 1.0000 high
1098.75 206.72 22.50 12.66 1.0000 high
1095.00 204.61 22.50 12.66 1.0000 high
1091.25 204.61 22.50 12.66 1.0000 high
1087.50 202.50 22.50 14.77 1.0000 high
1083.75 202.50 22.50 12.66 1.0000 high
1080.00 200.39 22.50 14.77 1.0000 high
1076.25 200.39 22.50 12.66 1.0000 high
1072.50 200.39 18.75 12.66 1.0000 high
1065.00 198.28 26.25 14.77 1.0000 high
1061.25 198.28 26.25 12.66 1.0000 high
1057.50 196.17 22.50 14.77 1.0000 high
1053.75 196.17 22.50 12.66 1.0000 high
1046.25 194.06 26.25 14.77 1.0000 high
1042.50 194.06 26.25 12.66 1.0000 high
1038.75 191.95 22.50 14.77 1.0000 high
1035.00 191.95 22.50 14.77 1.0000 high
1031.25 191.95 22.50 12.66 1.0000 high
1023.75 189.84 26.25 14.77 1.0000 high
1020.00 189.84 26.25 12.66 1.0000 high
1012.50 187.73 26.25 14.77 1.0000 high
1008.75 187.73 22.50 12.66 1.0000 high
1005.00 185.62 22.50 14.77 1.0000 high
997.50 185.62 26.25 12.66 1.0000 high
993.75 183.52 22.50 14.77 1.0000 high
986.25 181.41 26.25 14.77 1.0000 high
982.50 181.41 22.50 14.77 1.0000 high
978.75 181.41 22.50 12.66 1.0000 high
971.25 179.30 22.50 12.66 1.0000 high
967.50 177.19 22.50 14.77 1.0000 high
960.00 177.19 22.50 12.66 1.0000 high
952.50 175.08 26.25 14.77 1.0000 high
948.75 175.08 22.50 12.66 1.0000 high
941.25 172.97 26.25 14.77 1.0000 high
933.75 172.97 26.25 14.77 1.0000 high
930.00 170.86 22.50 14.77 1.0000 high
922.50 168.75 26.25 14.77 1.0000 high
915.00 168.75 26.25 14.77 1.0000 high
907.50 166.64 26.25 14.77 1.0000 high
903.75 166.64 22.50 12.66 1.0000 high
896.25 164.53 22.50 14.77 1.0000 high
888.75 164.53 22.50 12.66 1.0000 high
881.25 162.42 26.25 14.77 1.0000 high
873.75 162.42 22.50 12.66 1.0000 high
866.25 160.31 26.25 14.77 1.0000 high
862.50 160.31 22.50 14.77 1.0000 high
851.25 158.20 26.25 16.88 1.0000 high
847.50 158.20 22.50 14.77 1.0000 high
836.25 158.20 26.25 14.77 1.0000 high
832.50 158.20 22.50 16.88 1.0000 high
821.25 160.31 26.25 14.77 1.0000 high
813.75 160.31 30.00 14.77 1.0000 high
810.00 162.42 26.25 14.77 1.0000 high
802.50 162.42 26.25 16.88 1.0000 high
791.25 164.53 30.00 16.88 1.0000 high
787.50 166.64 26.25 16.88 1.0000 high
776.25 168.75 26.25 14.77 1.0000 high
768.75 170.86 26.25 16.88 1.0000 high
761.25 172.97 26.25 16.88 1.0000 high
753.75 177.19 26.25 14.77 1.0000 high
746.25 179.30 26.25 14.77 1.0000 high
738.75 181.41 22.50 16.88 1.0000 high
731.25 185.62 26.25 14.77 1.0000 high
720.00 187.73 26.25 16.88 1.0000 high
712.50 191.95 26.25 14.77 1.0000 high
705.00 194.06 26.25 14.77 1.0000 high
693.75 196.17 30.00 16.88 1.0000 high
686.25 200.39 26.25 16.88 1.0000 high
678.75 204.61 26.25 14.77 1.0000 high
667.50 206.72 26.25 14.77 1.0000 high
656.25 210.94 26.25 12.66 1.0000 high
648.75 213.05 30.00 16.88 1.0000 high
637.50 215.16 30.00 16.88 1.0000 high
630.00 219.38 26.25 14.77 1.0000 high
622.50 221.48 26.25 16.88 1.0000 high
611.25 223.59 26.25 16.88 1.0000 high
600.00 225.70 26.25 14.77 1.0000 high
588.75 229.92 30.00 12.66 1.0000 high
581.25 229.92 26.25 14.77 1.0000 high
570.00 232.03 26.25 14.77 1.0000 high
558.75 232.03 30.00 14.77 1.0000 high
551.25 232.03 26.25 16.88 1.0000 high
543.75 232.03 22.50 16.88 1.0000 high
532.50 232.03 26.25 16.88 1.0000 high
525.00 229.92 26.25 21.09 1.0000 high
517.50 229.92 26.25 21.09 1.0000 high
510.00 229.92 26.25 21.09 1.0000 high
502.50 229.92 26.25 21.09 1.0000 high
495.00 227.81 26.25 23.20 1.0000 high
491.25 227.81 26.25 23.20 1.0000 high
483.75 227.81 26.25 23.20 1.0000 high
476.25 227.81 30.00 21.09 1.0000 high
472.50 227.81 30.00 21.09 1.0000 high
468.75 227.81 26.25 21.09 1.0000 high
465.00 227.81 30.00 21.09 1.0000 high
461.25 229.92 30.00 18.98 1.0000 high
461.25 229.92 26.25 18.98 1.0000 high
457.50 229.92 30.00 18.98 1.0000 high
453.75 232.03 30.00 16.88 1.0000 high
450.00 234.14 30.00 14.77 1.0000 high
446.25 234.14 33.75 14.77 1.0000 high
446.25 236.25 30.00 14.77 1.0000 high
442.50 236.25 30.00 16.88 1.0000 high
442.50 238.36 30.00 14.77 1.0000 high
438.75 240.47 30.00 14.77 1.0000 high
438.75 242.58 26.25 14.77 1.0000 high
435.00 242.58 30.00 16.88 1.0000 high
431.25 244.69 30.00 18.98 1.0000 high
431.25 246.80 30.00 18.98 1.0000 high
427.50 251.02 30.00 16.88 1.0000 high
427.50 253.12 30.00 18.98 1.0000 high
423.75 257.34 30.00 16.88 1.0000 high
423.75 261.56 30.00 16.88 1.0000 high
420.00 265.78 33.75 16.88 1.0000 high
420.00 270.00 30.00 14.77 1.0000 high
420.00 272.11 30.00 16.88 1.0000 high
416.25 274.22 30.00 16.88 1.0000 high
416.25 278.44 33.75 14.77 1.0000 high
416.25 282.66 30.00 14.77 1.0000 high
412.50 282.66 33.75 16.88 1.0000 high
412.50 286.88 33.75 14.77 1.0000 high
412.50 286.88 33.75 16.88 1.0000 high
412.50 288.98 30.00 16.88 1.0000 high
412.50 291.09 33.75 14.77 1.0000 high
412.50 291.09 33.75 14.77 1.0000 high
412.50 291.09 33.75 14.77 1.0000 high
412.50 291.09 33.75 14.77 1.0000 high
412.50 291.09 33.75 14.77 1.0000 high
416.25 291.09 30.00 12.66 1.0000 high
416.25 288.98 30.00 14.77 1.0000 high
416.25 288.98 30.00 12.66 1.0000 high
412.50 286.88 33.75 12.66 1.0000 high
412.50 282.66 37.50 14.77 1.0000 high
412.50 280.55 37.50 14.77 1.0000 high
416.25 278.44 30.00 14.77 1.0000 high
416.25 274.22 30.00 16.88 1.0000 high
416.25 272.11 30.00 16.88 1.0000 high
416.25 267.89 30.00 16.88 1.0000 high
416.25 265.78 30.00 16.88 1.0000 high
416.25 263.67 30.00 16.88 1.0000 high
416.25 259.45 30.00 18.98 1.0000 high
416.25 255.23 30.00 21.09 1.0000 high
416.25 253.12 30.00 21.09 1.0000 high
416.25 251.02 33.75 21.09 1.0000 high
416.25 248.91 33.75 23.20 1.0000 high
420.00 246.80 30.00 23.20 1.0000 high
420.00 244.69 33.75 23.20 1.0000 high
420.00 244.69 33.75 23.20 1.0000 high
423.75 242.58 30.00 23.20 1.0000 high
423.75 242.58 33.75 21.09 1.0000 high
427.50 240.47 30.00 23.20 1.0000 high
431.25 240.47 30.00 21.09 1.0000 high
431.25 238.36 33.75 21.09 1.0000 high
435.00 238.36 33.75 21.09 1.0000 high
438.75 238.36 30.00 21.09 1.0000 high
438.75 236.25 33.75 23.20 1.0000 high
442.50 236.25 33.75 23.20 1.0000 high
446.25 238.36 33.75 21.09 1.0000 high
450.00 238.36 33.75 21.09 1.0000 high
453.75 240.47 33.75 18.98 1.0000 high
457.50 242.58 33.75 18.98 1.0000 high
461.25 244.69 30.00 18.98 1.0000 high
461.25 246.80 37.50 18.98 1.0000 high
468.75 248.91 30.00 21.09 1.0000 high
468.75 253.12 33.75 18.98 1.0000 high
472.50 255.23 33.75 18.98 1.0000 high
476.25 259.45 33.75 18.98 1.0000 high
480.00 263.67 33.75 16.88 1.0000 high
480.00 265.78 41.25 18.98 1.0000 high
483.75 267.89 37.50 16.88 1.0000 high
487.50 272.11 33.75 16.88 1.0000 high
491.25 274.22 33.75 14.77 1.0000 high
498.75 276.33 33.75 14.77 1.0000 high
498.75 276.33 33.75 16.88 1.0000 high
502.50 278.44 33.75 14.77 1.0000 high
502.50 278.44 37.50 14.77 1.0000 high
506.25 278.44 37.50 14.77 1.0000 high
513.75 276.33 33.75 16.88 1.0000 high
513.75 276.33 37.50 14.77 1.0000 high
517.50 274.22 33.75 16.88 1.0000 high
521.25 274.22 33.75 16.88 1.0000 high
525.00 272.11 37.50 16.88 1.0000 high
528.75 272.11 33.75 14.77 1.0000 high
532.50 270.00 33.75 16.88 1.0000 high
536.25 267.89 37.50 16.88 1.0000 high
540.00 265.78 37.50 18.98 1.0000 high
543.75 263.67 37.50 18.98 1.0000 high
551.25 263.67 33.75 16.88 1.0000 high
551.25 261.56 37.50 16.88 1.0000 high
555.00 261.56 37.50 16.88 1.0000 high
562.50 261.56 33.75 16.88 1.0000 high
562.50 261.56 37.50 16.88 1.0000 high
562.50 261.56 41.25 16.88 1.0000 high
570.00 261.56 41.25 18.98 1.0000 high
573.75 261.56 37.50 18.98 1.0000 high
577.50 261.56 37.50 21.09 1.0000 high
581.25 263.67 37.50 21.09 1.0000 high
585.00 265.78 37.50 21.09 1.0000 high
588.75 267.89 37.50 21.09 1.0000 high
592.50 270.00 37.50 23.20 1.0000 high
596.25 274.22 37.50 23.20 1.0000 high
600.00 278.44 37.50 23.20 1.0000 high
603.75 282.66 37.50 23.20 1.0000 high
607.50 286.88 37.50 23.20 1.0000 high
611.25 291.09 37.50 23.20 1.0000 high
615.00 297.42 33.75 23.20 1.0000 high
618.75 303.75 37.50 21.09 1.0000 high
622.50 307.97 33.75 25.31 1.0000 high
622.50 316.41 41.25 23.20 1.0000 high
626.25 322.73 37.50 23.20 1.0000 high
633.75 329.06 33.75 23.20 1.0000 high
633.75 337.50 37.50 21.09 1.0000 high
637.50 343.83 37.50 23.20 1.0000 high
641.25 352.27 33.75 23.20 1.0000 high
641.25 358.59 37.50 23.20 1.0000 high
648.75 367.03 33.75 23.20 1.0000 high
648.75 375.47 33.75 23.20 1.0000 high
652.50 381.80 33.75 25.31 1.0000 high
652.50 390.23 37.50 25.31 1.0000 high
656.25 398.67 33.75 23.20 1.0000 high
660.00 407.11 33.75 23.20 1.0000 high
663.75 415.55 33.75 23.20 1.0000 high
663.75 423.98 37.50 21.09 1.0000 high
663.75 432.42 37.50 21.09 1.0000 high
667.50 438.75 33.75 18.98 1.0000 high
667.50 445.08 37.50 18.98 1.0000 high
667.50 449.30 41.25 21.09 1.0000 high
667.50 455.62 41.25 18.98 1.0000 high
667.50 459.84 41.25 18.98 1.0000 high
667.50 464.06 41.25 18.98 1.0000 high
671.25 468.28 37.50 16.88 1.0000 high
671.25 468.28 41.25 18.98 1.0000 high
671.25 468.28 41.25 21.09 1.0000 high
671.25 468.28 41.25 23.20 1.0000 high
675.00 468.28 37.50 25.31 1.0000 high
675.00 470.39 41.25 23.20 1.0000 high
678.75 470.39 37.50 23.20 1.0000 high
678.75 470.39 41.25 23.20 1.0000 high
682.50 470.39 41.25 21.09 1.0000 high
682.50 470.39 45.00 21.09 1.0000 high
686.25 470.39 41.25 18.98 1.0000 high
690.00 468.28 41.25 18.98 1.0000 high
693.75 466.17 41.25 18.98 1.0000 high
697.50 464.06 41.25 18.98 1.0000 high
697.50 464.06 45.00 16.88 1.0000 high
701.25 459.84 45.00 18.98 1.0000 high
705.00 457.73 45.00 18.98 1.0000 high
708.75 455.62 45.00 18.98 1.0000 high
708.75 453.52 45.00 16.88 1.0000 high
708.75 451.41 48.75 16.88 1.0000 high
712.50 447.19 48.75 18.98 1.0000 high
716.25 442.97 48.75 21.09 1.0000 high
716.25 438.75 52.50 23.20 1.0000 high
723.75 436.64 45.00 23.20 1.0000 high
727.50 434.53 41.25 23.20 1.0000 high
727.50 432.42 45.00 23.20 1.0000 high
731.25 430.31 45.00 23.20 1.0000 high
735.00 428.20 41.25 25.31 1.0000 high
738.75 428.20 45.00 23.20 1.0000 high
738.75 426.09 45.00 23.20 1.0000 high
738.75 426.09 48.75 23.20 1.0000 high
742.50 423.98 45.00 23.20 1.0000 high
742.50 423.98 48.75 23.20 1.0000 high
746.25 423.98 48.75 23.20 1.0000 high
750.00 421.88 48.75 25.31 1.0000 high
750.00 421.88 48.75 25.31 1.0000 high
753.75 421.88 48.75 23.20 1.0000 high
753.75 421.88 48.75 23.20 1.0000 high
757.50 421.88 48.75 23.20 1.0000 high
757.50 421.88 52.50 21.09 1.0000 high
761.25 421.88 48.75 21.09 1.0000 high
761.25 421.88 52.50 21.09 1.0000 high
761.25 421.88 52.50 21.09 1.0000 high
765.00 421.88 52.50 21.09 1.0000 high
765.00 419.77 52.50 23.20 1.0000 high
768.75 419.77 52.50 21.09 1.0000 high
768.75 419.77 52.50 21.09 1.0000 high
772.50 417.66 52.50 21.09 1.0000 high
772.50 417.66 52.50 21.09 1.0000 high
772.50 415.55 52.50 21.09 1.0000 high
776.25 411.33 52.50 25.31 1.0000 high
776.25 409.22 52.50 25.31 1.0000 high
776.25 407.11 52.50 25.31 1.0000 high
776.25 405.00 52.50 25.31 1.0000 high
780.00 402.89 48.75 27.42 1.0000 high
780.00 400.78 52.50 27.42 1.0000 high
783.75 400.78 48.75 27.42 1.0000 high
783.75 398.67 52.50 29.53 1.0000 high
783.75 398.67 52.50 29.53 1.0000 high
783.75 398.67 56.25 29.53 1.0000 high
783.75 398.67 56.25 29.53 1.0000 high
787.50 400.78 52.50 29.53 1.0000 high
787.50 402.89 56.25 29.53 1.0000 high
787.50 407.11 56.25 27.42 1.0000 high
787.50 409.22 56.25 29.53 1.0000 high
791.25 413.44 52.50 29.53 1.0000 high
791.25 419.77 52.50 27.42 1.0000 high
791.25 423.98 52.50 29.53 1.0000 high
798.75 430.31 48.75 27.42 1.0000 high
798.75 436.64 48.75 29.53 1.0000 high
798.75 445.08 48.75 25.31 1.0000 high
832.50 459.84 3.75 2.11 0.4667 low
-100 -100 -100 -100 0.0000 coast_none
-100 -100 -100 -100 0.0000 coast_none
-100 -100 -100 -100 0.0000 coast_none
-100 -100 -100 -100 0.0000 coast_none
-100 -100 -100 -100 0.0000 coast_none
-100 -100 -100 -100 0.0000 coast_none
-100 -100 -100 -100 0.0000 coast_none
-100 -100 -100 -100 0.0000 coast_none
-100 -100 -100 -100 0.0000 coast_none
-100 -100 -100 -100 0.0000 coast_none
352.50 679.22 3.75 2.11 0.8863 reinit
352.50 679.22 3.75 2.11 0.7882 high
-100 -100 -100 -100 0.0000 coast_none
-100 -100 -100 -100 0.0000 coast_none
-100 -100 -100 -100 0.0000 coast_none
-100 -100 -100 -100 0.0000 coast_none
806.25 569.53 60.00 29.53 1.0000 reinit
810.00 569.53 60.00 31.64 1.0000 high
821.25 580.08 37.50 21.09 1.0000 high
821.25 577.97 37.50 27.42 1.0000 high
825.00 580.08 33.75 25.31 1.0000 high
821.25 582.19 33.75 23.20 1.0000 high
817.50 580.08 37.50 29.53 1.0000 high
-100 -100 -100 -100 0.0000 coast_none
-100 -100 -100 -100 0.0000 coast_none
783.75 573.75 67.50 40.08 1.0000 reinit
780.00 573.75 67.50 40.08 1.0000 high
776.25 575.86 60.00 35.86 1.0000 high
765.00 575.86 67.50 35.86 1.0000 high
768.75 584.30 37.50 18.98 1.0000 high
-100 -100 -100 -100 0.0000 coast_none
-100 -100 -100 -100 0.0000 coast_none
-100 -100 -100 -100 0.0000 coast_none
-100 -100 -100 -100 0.0000 coast_none
-100 -100 -100 -100 0.0000 coast_none
-100 -100 -100 -100 0.0000 coast_none
-100 -100 -100 -100 0.0000 coast_none
-100 -100 -100 -100 0.0000 coast_none
-100 -100 -100 -100 0.0000 coast_none
-100 -100 -100 -100 0.0000 coast_none
-100 -100 -100 -100 0.0000 miss
-100 -100 -100 -100 0.0000 miss
-100 -100 -100 -100 0.0000 miss
-100 -100 -100 -100 0.0000 miss
-100 -100 -100 -100 0.0000 miss
-100 -100 -100 -100 0.0000 miss
-100 -100 -100 -100 0.0000 miss
-100 -100 -100 -100 0.0000 miss
-100 -100 -100 -100 0.0000 miss
495.00 584.30 7.50 2.11 0.9608 reinit
-100 -100 -100 -100 0.0000 coast_none
-100 -100 -100 -100 0.0000 coast_none
352.50 677.11 3.75 4.22 0.9373 reinit
352.50 679.22 3.75 2.11 0.9098 high
-100 -100 -100 -100 0.0000 coast_none
-100 -100 -100 -100 0.0000 coast_none
-100 -100 -100 -100 0.0000 coast_none
-100 -100 -100 -100 0.0000 coast_none
-100 -100 -100 -100 0.0000 coast_none
-100 -100 -100 -100 0.0000 coast_none
-100 -100 -100 -100 0.0000 coast_none
-100 -100 -100 -100 0.0000 coast_none
-100 -100 -100 -100 0.0000 coast_none
-100 -100 -100 -100 0.0000 coast_none
-100 -100 -100 -100 0.0000 miss
-100 -100 -100 -100 0.0000 miss
322.50 596.95 18.75 8.44 1.0000 reinit
-100 -100 -100 -100 0.0000 coast_none
-100 -100 -100 -100 0.0000 coast_none
348.75 677.11 11.25 4.22 0.9922 reinit
352.50 679.22 3.75 2.11 0.5765 high
352.50 679.22 3.75 2.11 0.6275 high
-100 -100 -100 -100 0.0000 coast_none
352.50 679.22 3.75 2.11 0.7333 high
-100 -100 -100 -100 0.0000 coast_none
-100 -100 -100 -100 0.0000 coast_none
352.50 679.22 3.75 2.11 0.8196 high
-100 -100 -100 -100 0.0000 coast_none
-100 -100 -100 -100 0.0000 coast_none
-100 -100 -100 -100 0.0000 coast_none
-100 -100 -100 -100 0.0000 coast_none
-100 -100 -100 -100 0.0000 coast_none
-100 -100 -100 -100 0.0000 coast_none
-100 -100 -100 -100 0.0000 coast_none
-100 -100 -100 -100 0.0000 coast_none
247.50 430.31 18.75 12.66 1.0000 reinit
-100 -100 -100 -100 0.0000 coast_none
-100 -100 -100 -100 0.0000 coast_none
247.50 392.34 60.00 27.42 1.0000 reinit
247.50 379.69 60.00 27.42 1.0000 high
247.50 367.03 60.00 29.53 1.0000 high
247.50 356.48 63.75 27.42 1.0000 high
247.50 345.94 60.00 27.42 1.0000 high
247.50 335.39 63.75 27.42 1.0000 high
247.50 324.84 63.75 27.42 1.0000 high
247.50 314.30 63.75 29.53 1.0000 high
247.50 305.86 63.75 29.53 1.0000 high
247.50 297.42 67.50 29.53 1.0000 high
247.50 291.09 67.50 29.53 1.0000 high
247.50 284.77 67.50 29.53 1.0000 high
247.50 278.44 67.50 29.53 1.0000 high
247.50 274.22 67.50 29.53 1.0000 high
247.50 270.00 63.75 29.53 1.0000 high
243.75 265.78 71.25 29.53 1.0000 high
243.75 263.67 71.25 29.53 1.0000 high
243.75 261.56 67.50 29.53 1.0000 high
243.75 261.56 67.50 29.53 1.0000 high
243.75 261.56 67.50 29.53 1.0000 high
243.75 261.56 67.50 29.53 1.0000 high
243.75 263.67 67.50 29.53 1.0000 high
243.75 265.78 67.50 29.53 1.0000 high
243.75 270.00 67.50 29.53 1.0000 high
243.75 274.22 63.75 29.53 1.0000 high
243.75 278.44 63.75 31.64 1.0000 high
243.75 284.77 63.75 31.64 1.0000 high
243.75 291.09 63.75 29.53 1.0000 high
240.00 297.42 63.75 29.53 1.0000 high
240.00 301.64 63.75 31.64 1.0000 high
240.00 310.08 63.75 29.53 1.0000 high
240.00 314.30 67.50 31.64 1.0000 high
240.00 318.52 67.50 31.64 1.0000 high
240.00 324.84 67.50 31.64 1.0000 high
243.75 329.06 63.75 29.53 1.0000 high
240.00 331.17 67.50 31.64 1.0000 high
243.75 335.39 67.50 29.53 1.0000 high
243.75 339.61 63.75 27.42 1.0000 high
243.75 341.72 67.50 27.42 1.0000 high
243.75 345.94 67.50 27.42 1.0000 high
247.50 348.05 63.75 29.53 1.0000 high
247.50 352.27 67.50 29.53 1.0000 high
247.50 356.48 67.50 29.53 1.0000 high
247.50 360.70 67.50 27.42 1.0000 high
247.50 364.92 67.50 27.42 1.0000 high
251.25 369.14 63.75 27.42 1.0000 high
251.25 373.36 67.50 27.42 1.0000 high
251.25 375.47 67.50 27.42 1.0000 high
251.25 377.58 67.50 27.42 1.0000 high
251.25 379.69 67.50 29.53 1.0000 high
251.25 381.80 67.50 29.53 1.0000 high
251.25 383.91 71.25 29.53 1.0000 high
255.00 386.02 67.50 27.42 1.0000 high
255.00 386.02 67.50 27.42 1.0000 high
255.00 388.12 67.50 25.31 1.0000 high
258.75 388.12 67.50 27.42 1.0000 high
258.75 388.12 67.50 27.42 1.0000 high
258.75 388.12 67.50 29.53 1.0000 high
258.75 388.12 67.50 29.53 1.0000 high
258.75 390.23 67.50 29.53 1.0000 high
258.75 394.45 67.50 27.42 1.0000 high
258.75 398.67 67.50 27.42 1.0000 high
258.75 400.78 67.50 29.53 1.0000 high
258.75 405.00 67.50 29.53 1.0000 high
258.75 411.33 67.50 27.42 1.0000 high
262.50 417.66 63.75 27.42 1.0000 high
262.50 421.88 63.75 27.42 1.0000 high
262.50 428.20 60.00 27.42 1.0000 high
266.25 438.75 48.75 25.31 1.0000 high
-100 -100 -100 -100 0.0000 coast_none
-100 -100 -100 -100 0.0000 coast_none
-100 -100 -100 -100 0.0000 coast_none
348.75 677.11 11.25 4.22 0.9961 reinit
348.75 677.11 11.25 4.22 0.9922 high
-100 -100 -100 -100 0.0000 coast_none
-100 -100 -100 -100 0.0000 coast_none
288.75 504.14 33.75 18.98 1.0000 reinit
273.75 508.36 48.75 18.98 1.0000 high
277.50 516.80 45.00 14.77 1.0000 high
273.75 521.02 41.25 21.09 1.0000 high
277.50 527.34 30.00 14.77 1.0000 high
270.00 531.56 45.00 23.20 1.0000 high
270.00 535.78 41.25 25.31 1.0000 high
273.75 542.11 37.50 21.09 1.0000 high
285.00 554.77 18.75 6.33 1.0000 high
-100 -100 -100 -100 0.0000 coast_none
-100 -100 -100 -100 0.0000 coast_none
277.50 552.66 30.00 14.77 1.0000 reinit
277.50 552.66 33.75 14.77 1.0000 high
273.75 550.55 41.25 23.20 1.0000 high
273.75 550.55 37.50 23.20 1.0000 high
277.50 552.66 37.50 18.98 1.0000 high
281.25 552.66 33.75 16.88 1.0000 high
303.75 563.20 3.75 2.11 0.6824 high
307.50 563.20 7.50 4.22 0.8980 high
-100 -100 -100 -100 0.0000 coast_none
-100 -100 -100 -100 0.0000 coast_none
300.00 552.66 37.50 23.20 1.0000 high
303.75 554.77 41.25 21.09 1.0000 high
307.50 554.77 48.75 21.09 1.0000 high
315.00 554.77 48.75 21.09 1.0000 high
326.25 556.88 30.00 16.88 1.0000 high
-100 -100 -100 -100 0.0000 coast_none
-100 -100 -100 -100 0.0000 coast_none
356.25 554.77 41.25 23.20 1.0000 reinit
360.00 554.77 45.00 18.98 1.0000 high
367.50 556.88 41.25 14.77 1.0000 high
-100 -100 -100 -100 0.0000 coast_none
-100 -100 -100 -100 0.0000 coast_none
-100 -100 -100 -100 0.0000 coast_none
-100 -100 -100 -100 0.0000 coast_none
-100 -100 -100 -100 0.0000 coast_none
-100 -100 -100 -100 0.0000 coast_none
352.50 679.22 3.75 2.11 0.8784 reinit
348.75 677.11 11.25 4.22 0.9961 high
352.50 677.11 7.50 4.22 0.9765 high
352.50 677.11 7.50 4.22 0.9608 high
-100 -100 -100 -100 0.0000 coast_none
-100 -100 -100 -100 0.0000 coast_none
487.50 582.19 26.25 4.22 1.0000 reinit
495.00 584.30 7.50 2.11 0.9176 high
495.00 584.30 7.50 2.11 0.9176 high
-100 -100 -100 -100 0.0000 coast_none
-100 -100 -100 -100 0.0000 coast_none
-100 -100 -100 -100 0.0000 coast_none
555.00 561.09 18.75 14.77 0.9961 reinit
551.25 558.98 30.00 21.09 1.0000 high
547.50 558.98 33.75 23.20 1.0000 high
547.50 558.98 45.00 25.31 1.0000 high
555.00 561.09 45.00 21.09 1.0000 high
-100 -100 -100 -100 0.0000 coast_none
573.75 563.20 37.50 21.09 1.0000 high
581.25 571.64 26.25 12.66 1.0000 high
-100 -100 -100 -100 0.0000 coast_none
-100 -100 -100 -100 0.0000 coast_none
-100 -100 -100 -100 0.0000 coast_none
-100 -100 -100 -100 0.0000 coast_none
-100 -100 -100 -100 0.0000 coast_none
-100 -100 -100 -100 0.0000 coast_none
-100 -100 -100 -100 0.0000 coast_none
-100 -100 -100 -100 0.0000 coast_none
-100 -100 -100 -100 0.0000 coast_none
-100 -100 -100 -100 0.0000 coast_none
-100 -100 -100 -100 0.0000 miss
-100 -100 -100 -100 0.0000 miss
-100 -100 -100 -100 0.0000 miss
-100 -100 -100 -100 0.0000 miss
-100 -100 -100 -100 0.0000 miss
-100 -100 -100 -100 0.0000 miss
-100 -100 -100 -100 0.0000 miss
-100 -100 -100 -100 0.0000 miss
-100 -100 -100 -100 0.0000 miss
-100 -100 -100 -100 0.0000 miss
-100 -100 -100 -100 0.0000 miss
-100 -100 -100 -100 0.0000 miss
-100 -100 -100 -100 0.0000 miss
-100 -100 -100 -100 0.0000 miss
-100 -100 -100 -100 0.0000 miss
-100 -100 -100 -100 0.0000 miss
-100 -100 -100 -100 0.0000 miss
-100 -100 -100 -100 0.0000 miss
-100 -100 -100 -100 0.0000 miss
-100 -100 -100 -100 0.0000 miss
-100 -100 -100 -100 0.0000 lost
-100 -100 -100 -100 0.0000 none
-100 -100 -100 -100 0.0000 none
-100 -100 -100 -100 0.0000 none
-100 -100 -100 -100 0.0000 none
-100 -100 -100 -100 0.0000 none
-100 -100 -100 -100 0.0000 none
-100 -100 -100 -100 0.0000 none
-100 -100 -100 -100 0.0000 none
-100 -100 -100 -100 0.0000 none
-100 -100 -100 -100 0.0000 none
-100 -100 -100 -100 0.0000 none
-100 -100 -100 -100 0.0000 none
-100 -100 -100 -100 0.0000 none
-100 -100 -100 -100 0.0000 none
-100 -100 -100 -100 0.0000 none
-100 -100 -100 -100 0.0000 none
-100 -100 -100 -100 0.0000 none
-100 -100 -100 -100 0.0000 none
750.00 584.30 11.25 6.33 1.0000 init
-100 -100 -100 -100 0.0000 coast_none
753.75 584.30 15.00 8.44 1.0000 high
-100 -100 -100 -100 0.0000 coast_none
-100 -100 -100 -100 0.0000 coast_none
761.25 586.41 18.75 2.11 0.9608 high
-100 -100 -100 -100 0.0000 coast_none
-100 -100 -100 -100 0.0000 coast_none
-100 -100 -100 -100 0.0000 coast_none
783.75 586.41 3.75 2.11 0.7059 high
780.00 586.41 7.50 2.11 0.6784 high
-100 -100 -100 -100 0.0000 coast_none
-100 -100 -100 -100 0.0000 coast_none
806.25 586.41 3.75 2.11 0.6039 reinit
-100 -100 -100 -100 0.0000 coast_none
-100 -100 -100 -100 0.0000 coast_none
-100 -100 -100 -100 0.0000 coast_none
-100 -100 -100 -100 0.0000 coast_none
-100 -100 -100 -100 0.0000 coast_none
-100 -100 -100 -100 0.0000 coast_none
-100 -100 -100 -100 0.0000 coast_none
-100 -100 -100 -100 0.0000 coast_none
802.50 582.19 15.00 6.33 0.9922 high
-100 -100 -100 -100 0.0000 coast_none
-100 -100 -100 -100 0.0000 coast_none
798.75 577.97 45.00 16.88 1.0000 reinit
791.25 575.86 56.25 21.09 1.0000 high
783.75 575.86 60.00 21.09 1.0000 high
783.75 575.86 63.75 23.20 1.0000 high
783.75 575.86 60.00 25.31 1.0000 high
791.25 575.86 52.50 25.31 1.0000 high
791.25 575.86 52.50 27.42 1.0000 high
791.25 575.86 52.50 25.31 1.0000 high
787.50 575.86 52.50 27.42 1.0000 high
787.50 577.97 48.75 23.20 1.0000 high
