265.00 268.59 100.00 37.97 1.0000 init
270.00 261.56 105.00 39.38 1.0000 high
287.50 262.97 97.50 37.97 1.0000 high
292.50 262.97 100.00 35.16 1.0000 high
290.00 258.75 102.50 37.97 1.0000 high
290.00 255.94 100.00 35.16 1.0000 high
295.00 254.53 100.00 35.16 1.0000 high
300.00 253.12 102.50 37.97 1.0000 high
307.50 248.91 100.00 36.56 1.0000 high
307.50 246.09 100.00 37.97 1.0000 high
310.00 243.28 100.00 37.97 1.0000 high
315.00 243.28 100.00 36.56 1.0000 high
307.50 241.88 102.50 37.97 1.0000 high
307.50 240.47 100.00 35.16 1.0000 high
302.50 237.66 100.00 36.56 1.0000 high
295.00 237.66 102.50 36.56 1.0000 high
295.00 236.25 100.00 35.16 1.0000 high
287.50 236.25 100.00 37.97 1.0000 high
275.00 239.06 102.50 36.56 1.0000 high
270.00 234.84 100.00 35.16 1.0000 high
265.00 230.62 100.00 36.56 1.0000 high
260.00 226.41 102.50 36.56 1.0000 high
265.00 227.81 105.00 35.16 1.0000 high
265.00 225.00 100.00 36.56 1.0000 high
267.50 223.59 100.00 36.56 1.0000 high
270.00 227.81 100.00 35.16 1.0000 high
267.50 232.03 100.00 35.16 1.0000 high
250.00 233.44 102.50 36.56 1.0000 high
242.50 237.66 102.50 36.56 1.0000 high
242.50 237.66 102.50 36.56 1.0000 high
242.50 251.72 110.00 37.97 1.0000 high
245.00 258.75 102.50 36.56 1.0000 high
245.00 258.75 102.50 36.56 1.0000 high
222.50 268.59 102.50 37.97 1.0000 high
217.50 271.41 102.50 36.56 1.0000 high
217.50 271.41 105.00 36.56 1.0000 high
217.50 260.16 105.00 37.97 1.0000 high
212.30 266.92 105.06 37.63 0.0000 coast
242.50 264.38 102.50 35.16 1.0000 high
233.99 266.72 103.16 35.62 0.0000 coast
233.04 268.10 103.19 35.51 0.0000 coast
285.00 248.91 102.50 35.16 1.0000 reinit
300.00 241.88 105.00 36.56 1.0000 high
317.50 240.47 107.50 36.56 1.0000 high
317.50 239.06 107.50 37.97 1.0000 high
335.00 240.47 102.50 36.56 1.0000 high
335.00 241.88 100.00 37.97 1.0000 high
337.50 253.12 105.00 37.97 1.0000 high
337.50 253.12 105.00 37.97 1.0000 high
332.50 254.53 105.00 36.56 1.0000 high
341.17 255.99 104.94 37.22 0.0000 coast
345.50 257.63 105.02 37.31 0.0000 coast
315.00 244.69 100.00 39.38 1.0000 high
320.66 246.88 100.27 39.38 0.0000 coast
350.00 244.69 100.00 37.97 1.0000 high
347.50 244.69 102.50 37.97 1.0000 high
355.00 247.50 107.50 37.97 1.0000 high
355.00 247.50 107.50 37.97 1.0000 high
357.50 251.72 105.00 37.97 1.0000 high
345.00 257.34 102.50 36.56 1.0000 high
345.00 257.34 102.50 36.56 1.0000 high
342.50 255.94 102.50 37.97 1.0000 high
345.00 265.78 107.50 36.56 1.0000 high
345.00 265.78 107.50 36.56 1.0000 high
352.50 261.56 102.50 36.56 1.0000 high
342.50 258.75 105.00 36.56 1.0000 high
340.00 258.75 110.00 37.97 1.0000 high
340.00 258.75 110.00 37.97 1.0000 high
340.00 264.38 105.00 36.56 1.0000 high
342.50 264.38 105.00 35.16 1.0000 high
342.50 264.38 105.00 35.16 1.0000 high
342.50 261.56 102.50 36.56 1.0000 high
352.50 260.16 105.00 36.56 1.0000 high
352.50 260.16 105.00 36.56 1.0000 high
362.50 257.34 105.00 36.56 1.0000 high
377.50 254.53 107.50 35.16 1.0000 high
377.50 254.53 107.50 35.16 1.0000 high
387.50 250.31 112.50 36.56 1.0000 high
397.50 247.50 105.00 35.16 1.0000 high
397.50 247.50 105.00 35.16 1.0000 high
402.20 246.62 105.80 35.11 0.0000 coast
406.48 245.65 105.79 35.00 0.0000 coast
372.50 220.78 112.50 37.97 1.0000 reinit
395.00 220.78 107.50 35.16 1.0000 high
377.50 215.16 112.50 35.16 1.0000 high
377.50 208.12 107.50 35.16 1.0000 high
365.00 192.66 107.50 35.16 1.0000 high
350.00 175.78 105.00 33.75 1.0000 high
342.50 168.75 105.00 35.16 1.0000 high
352.50 163.12 115.00 36.56 1.0000 high
342.16 153.55 112.15 35.99 0.0000 coast
336.74 144.83 112.63 36.04 0.0000 coast
420.00 142.03 107.50 35.16 1.0000 reinit
425.00 140.62 110.00 36.56 1.0000 high
432.50 133.59 110.00 36.56 1.0000 high
427.50 119.53 107.50 37.97 1.0000 high
422.50 123.75 110.00 37.97 1.0000 high
427.50 135.00 107.50 37.97 1.0000 high
437.50 139.22 110.00 39.38 1.0000 high
442.50 146.25 110.00 37.97 1.0000 high
440.00 149.06 110.00 36.56 1.0000 high
425.00 150.47 117.50 37.97 1.0000 high
417.50 160.31 110.00 37.97 1.0000 high
425.00 171.56 110.00 36.56 1.0000 high
420.00 172.97 117.50 37.97 1.0000 high
415.00 175.78 112.50 37.97 1.0000 high
397.50 175.78 110.00 36.56 1.0000 high
392.50 170.16 115.00 37.97 1.0000 high
412.50 171.56 115.00 37.97 1.0000 high
425.00 164.53 110.00 37.97 1.0000 high
417.50 153.28 112.50 40.78 1.0000 high
422.50 151.88 110.00 39.38 1.0000 high
447.50 147.66 112.50 39.38 1.0000 high
440.90 148.91 111.98 39.74 0.0000 coast
443.15 148.08 112.04 39.93 0.0000 coast
490.00 142.03 112.50 40.78 1.0000 reinit
492.50 136.41 117.50 42.19 1.0000 high
505.00 135.00 112.50 40.78 1.0000 high
517.50 137.81 115.00 42.19 1.0000 high
525.00 137.81 112.50 42.19 1.0000 high
525.00 136.41 115.00 40.78 1.0000 high
517.50 133.59 112.50 43.59 1.0000 high
527.50 136.41 115.00 42.19 1.0000 high
545.00 140.62 112.50 42.19 1.0000 high
547.50 140.62 122.50 43.59 1.0000 high
550.00 144.84 112.50 42.19 1.0000 high
547.50 149.06 112.50 40.78 1.0000 high
547.50 149.06 115.00 42.19 1.0000 high
552.50 151.88 115.00 40.78 1.0000 high
555.00 151.88 112.50 42.19 1.0000 high
555.00 156.09 115.00 43.59 1.0000 high
565.00 163.12 115.00 42.19 1.0000 high
572.50 167.34 117.50 42.19 1.0000 high
577.50 165.94 115.00 42.19 1.0000 high
587.50 165.94 115.00 43.59 1.0000 high
592.50 170.16 115.00 43.59 1.0000 high
597.50 174.38 115.00 43.59 1.0000 high
595.00 180.00 115.00 42.19 1.0000 high
595.00 180.00 115.00 43.59 1.0000 high
600.00 182.81 115.00 42.19 1.0000 high
602.50 184.22 117.50 42.19 1.0000 high
600.00 185.62 122.50 43.59 1.0000 high
605.00 188.44 115.00 43.59 1.0000 high
605.00 189.84 115.00 42.19 1.0000 high
600.00 187.03 115.00 45.00 1.0000 high
600.00 189.84 115.00 45.00 1.0000 high
600.00 192.66 117.50 42.19 1.0000 high
590.00 189.84 117.50 45.00 1.0000 high
585.00 191.25 115.00 43.59 1.0000 high
575.00 189.84 117.50 43.59 1.0000 high
557.50 180.00 125.00 45.00 1.0000 high
547.50 180.00 117.50 43.59 1.0000 high
547.50 175.78 117.50 45.00 1.0000 high
545.00 175.78 122.50 45.00 1.0000 high
545.00 174.38 117.50 43.59 1.0000 high
532.50 168.75 115.00 43.59 1.0000 high
515.00 158.91 122.50 45.00 1.0000 high
507.50 153.28 122.50 43.59 1.0000 high
500.00 153.28 117.50 45.00 1.0000 high
497.50 146.25 120.00 45.00 1.0000 high
492.50 139.22 117.50 45.00 1.0000 high
485.00 133.59 120.00 46.41 1.0000 high
487.50 130.78 120.00 45.00 1.0000 high
482.50 129.38 120.00 46.41 1.0000 high
462.50 129.38 125.00 46.41 1.0000 high
465.00 130.78 125.00 46.41 1.0000 high
455.00 132.19 120.00 46.41 1.0000 high
432.50 133.59 125.00 46.41 1.0000 high
431.17 129.78 124.44 46.63 0.0000 coast
423.94 127.92 124.88 46.77 0.0000 coast
510.00 130.78 120.00 39.38 1.0000 reinit
477.50 129.38 117.50 49.22 1.0000 high
490.00 144.84 125.00 45.00 1.0000 high
520.00 140.62 122.50 46.41 1.0000 high
527.50 143.44 120.00 49.22 1.0000 high
534.02 146.93 121.58 49.45 0.0000 coast
542.99 149.90 121.96 50.32 0.0000 coast
547.50 234.84 117.50 45.00 1.0000 reinit
547.50 234.84 117.50 45.00 0.0000 coast
547.50 234.84 117.50 45.00 0.0000 coast
425.00 192.66 122.50 47.81 1.0000 reinit
462.50 172.97 122.50 33.75 1.0000 high
465.29 171.50 122.50 32.70 0.0000 coast
473.04 167.44 122.50 29.80 0.0000 coast
542.50 182.81 132.50 50.62 1.0000 high
572.50 212.34 127.50 47.81 1.0000 high
612.50 215.16 125.00 46.41 1.0000 high
642.50 232.03 130.00 47.81 1.0000 high
682.50 209.53 122.50 43.59 1.0000 high
706.33 222.47 125.06 46.12 0.0000 coast
735.26 227.08 125.17 46.74 0.0000 coast
685.00 196.88 122.50 46.41 1.0000 reinit
672.50 216.56 122.50 47.81 1.0000 high
667.50 201.09 122.50 45.00 1.0000 high
685.00 205.31 122.50 47.81 1.0000 high
667.50 208.12 125.00 45.00 1.0000 high
669.86 207.00 124.86 45.23 0.0000 coast
668.49 206.96 125.37 44.87 0.0000 coast
637.50 147.66 122.50 43.59 1.0000 reinit
592.50 164.53 122.50 46.41 1.0000 high
572.50 147.66 125.00 46.41 1.0000 high
537.50 132.19 132.50 46.41 1.0000 high
527.50 139.22 127.50 47.81 1.0000 high
507.50 146.25 127.50 42.19 1.0000 high
487.36 139.31 129.50 43.51 0.0000 coast
467.62 136.64 130.56 43.13 0.0000 coast
407.50 185.62 127.50 46.41 1.0000 reinit
380.00 150.47 130.00 47.81 1.0000 high
350.00 164.53 135.00 52.03 1.0000 high
350.00 184.22 132.50 49.22 1.0000 high
337.50 163.12 132.50 46.41 1.0000 high
297.50 158.91 137.50 50.62 1.0000 high
305.00 175.78 140.00 49.22 1.0000 high
285.66 172.13 140.96 49.73 0.0000 coast
271.30 173.13 142.60 49.97 0.0000 coast
330.00 185.62 145.00 47.81 1.0000 reinit
390.00 188.44 130.00 47.81 1.0000 high
375.00 185.62 130.00 49.22 1.0000 high
385.00 206.72 145.00 49.22 1.0000 high
425.00 205.31 130.00 49.22 1.0000 high
410.00 212.34 130.00 52.03 1.0000 high
415.00 247.50 140.00 46.41 1.0000 high
425.94 248.58 137.79 47.96 0.0000 coast
434.16 258.34 138.40 47.85 0.0000 coast
465.00 261.56 130.00 49.22 1.0000 high
457.50 278.44 142.50 52.03 1.0000 high
450.00 293.91 135.00 49.22 1.0000 high
462.50 322.03 130.00 50.62 1.0000 high
480.00 336.09 135.00 47.81 1.0000 high
485.15 346.00 134.00 48.70 0.0000 coast
493.33 358.77 133.97 48.66 0.0000 coast
540.00 320.62 130.00 47.81 1.0000 reinit
550.00 324.84 147.50 49.22 1.0000 high
567.50 329.06 137.50 47.81 1.0000 high
560.00 330.47 130.00 47.81 1.0000 high
552.50 319.22 140.00 49.22 1.0000 high
557.36 321.79 137.33 48.96 0.0000 coast
558.72 321.10 137.05 49.08 0.0000 coast
600.00 278.44 137.50 47.81 1.0000 high
622.50 254.53 132.50 49.22 1.0000 high
622.50 229.22 130.00 46.41 1.0000 high
612.50 217.97 142.50 47.81 1.0000 high
630.00 226.41 132.50 50.62 1.0000 high
650.00 219.38 132.50 47.81 1.0000 high
650.00 201.09 142.50 49.22 1.0000 high
640.00 192.66 142.50 50.62 1.0000 high
653.41 182.60 142.07 50.26 0.0000 coast
660.10 172.49 142.64 50.45 0.0000 coast
595.00 199.69 132.50 52.03 1.0000 reinit
587.50 202.50 145.00 53.44 1.0000 high
560.00 208.12 150.00 52.03 1.0000 high
547.50 219.38 142.50 53.44 1.0000 high
527.50 229.22 140.00 52.03 1.0000 high
490.00 232.03 147.50 52.03 1.0000 high
455.00 220.78 140.00 49.22 1.0000 high
407.50 209.53 147.50 50.62 1.0000 high
412.50 201.09 135.00 52.03 1.0000 high
407.50 201.09 147.50 53.44 1.0000 high
400.00 223.59 152.50 53.44 1.0000 high
395.00 241.88 142.50 49.22 1.0000 high
382.50 212.34 137.50 49.22 1.0000 high
362.41 221.43 140.01 49.31 0.0000 coast
346.21 222.54 139.75 49.00 0.0000 coast
407.50 178.59 140.00 52.03 1.0000 reinit
405.00 156.09 150.00 54.84 1.0000 high
422.50 149.06 150.00 56.25 1.0000 high
412.50 153.28 140.00 54.84 1.0000 high
395.00 146.25 157.50 53.44 1.0000 high
377.50 115.31 142.50 52.03 1.0000 high
355.00 85.78 142.50 53.44 1.0000 high
353.14 82.23 143.26 52.91 0.0000 coast
447.50 88.59 2.50 1.41 0.3569 low
432.65 75.26 10.41 4.28 0.0000 coast
420.00 50.62 2.50 1.41 0.5176 high
413.08 34.48 1.00 1.00 0.0000 coast
405.38 18.11 1.00 1.00 0.0000 coast
397.50 1.41 17.50 9.84 1.0000 high
398.62 -11.80 5.04 6.13 0.0000 coast
395.56 -25.00 1.00 2.46 0.0000 coast
552.50 154.69 42.50 21.09 1.0000 reinit
552.50 154.69 42.50 21.09 0.0000 coast
552.50 154.69 42.50 21.09 0.0000 coast
297.50 2.81 137.50 64.69 1.0000 reinit
360.00 39.38 30.00 12.66 0.9412 high
364.65 42.09 22.00 8.79 0.0000 coast
327.50 52.03 147.50 64.69 1.0000 high
352.50 98.44 145.00 60.47 1.0000 high
395.00 97.03 150.00 56.25 1.0000 high
425.00 98.44 152.50 60.47 1.0000 high
447.50 137.81 147.50 57.66 1.0000 high
460.00 135.00 145.00 54.84 1.0000 high
482.50 119.53 155.00 56.25 1.0000 high
612.50 158.91 5.00 5.62 0.8745 high
580.90 163.95 79.84 31.93 0.0000 coast
598.19 175.63 87.20 34.70 0.0000 coast
620.00 87.19 157.50 57.66 1.0000 reinit
670.00 75.94 150.00 57.66 1.0000 high
705.00 49.22 160.00 60.47 1.0000 high
730.00 57.66 150.00 61.88 1.0000 high
820.00 91.41 2.50 1.41 0.6078 high
840.83 82.29 7.94 5.10 0.0000 coast
866.43 80.56 1.00 1.00 0.0000 coast
175.00 223.59 62.50 30.94 1.0000 reinit
175.00 223.59 62.50 30.94 0.0000 coast
175.00 223.59 62.50 30.94 0.0000 coast
195.00 108.28 122.50 68.91 1.0000 reinit
230.00 151.88 7.50 2.81 0.6000 high
231.58 153.57 1.00 1.00 0.0000 coast
226.93 155.74 1.00 1.00 0.0000 coast
160.00 157.50 5.00 2.81 0.5176 high
139.57 160.73 1.00 1.00 0.0000 coast
117.12 163.05 1.00 1.00 0.0000 coast
387.50 46.41 132.50 64.69 1.0000 reinit
365.00 23.91 150.00 71.72 1.0000 high
363.33 22.23 151.30 72.24 0.0000 coast
407.50 81.56 7.50 4.22 0.7843 high
404.71 83.01 1.00 1.00 0.0000 coast
395.47 86.60 1.00 1.00 0.0000 coast
260.00 142.03 117.50 59.06 1.0000 reinit
277.50 140.62 112.50 63.28 1.0000 high
302.50 160.31 37.50 16.88 1.0000 high
309.10 162.52 27.06 11.86 0.0000 coast
320.64 166.90 1.09 1.00 0.0000 coast
107.50 180.00 112.50 66.09 1.0000 reinit
107.50 180.00 112.50 66.09 0.0000 coast
107.50 180.00 112.50 66.09 0.0000 coast
770.00 144.84 20.00 9.84 1.0000 reinit
770.00 144.84 20.00 9.84 0.0000 coast
770.00 144.84 20.00 9.84 0.0000 coast
215.00 161.72 32.50 19.69 1.0000 reinit
215.00 161.72 32.50 19.69 0.0000 coast
227.50 151.88 20.00 12.66 0.8941 high
229.52 150.29 17.98 11.52 0.0000 coast
232.48 147.96 15.02 9.86 0.0000 coast
120.00 165.94 17.50 11.25 0.8784 reinit
120.00 165.94 17.50 11.25 0.0000 coast
120.00 165.94 17.50 11.25 0.0000 coast
1030.00 132.19 22.50 26.72 1.0000 reinit
1030.00 132.19 22.50 26.72 0.0000 coast
1030.00 132.19 22.50 26.72 0.0000 coast
1007.50 243.28 10.00 16.88 1.0000 reinit
1007.50 243.28 10.00 16.88 0.0000 coast
1007.50 243.28 10.00 16.88 0.0000 coast
552.50 84.38 152.50 80.16 1.0000 reinit
520.00 109.69 160.00 70.31 1.0000 high
517.50 125.16 150.00 70.31 1.0000 high
530.00 136.41 155.00 78.75 1.0000 high
522.50 140.62 147.50 74.53 1.0000 high
495.00 144.84 162.50 81.56 1.0000 high
492.50 161.72 157.50 81.56 1.0000 high
487.50 168.75 150.00 75.94 1.0000 high
465.00 164.53 162.50 80.16 1.0000 high
455.00 170.16 157.50 78.75 1.0000 high
462.50 164.53 147.50 75.94 1.0000 high
447.50 150.47 175.00 80.16 1.0000 high
425.00 161.72 152.50 77.34 1.0000 high
415.00 160.31 157.50 78.75 1.0000 high
417.50 149.06 167.50 80.16 1.0000 high
405.00 146.25 157.50 75.94 1.0000 high
382.50 133.59 162.50 78.75 1.0000 high
382.50 126.56 157.50 78.75 1.0000 high
367.50 119.53 165.00 82.97 1.0000 high
335.00 125.16 195.00 82.97 1.0000 high
340.00 142.03 175.00 80.16 1.0000 high
365.00 146.25 175.00 81.56 1.0000 high
367.50 149.06 182.50 82.97 1.0000 high
382.50 158.91 172.50 82.97 1.0000 high
390.00 177.19 170.00 80.16 1.0000 high
382.50 184.22 167.50 81.56 1.0000 high
392.50 182.81 170.00 87.19 1.0000 high
402.50 187.03 185.00 87.19 1.0000 high
407.50 192.66 187.50 87.19 1.0000 high
420.00 213.75 180.00 84.38 1.0000 high
417.50 223.59 180.00 84.38 1.0000 high
425.00 217.97 190.00 88.59 1.0000 high
427.50 227.81 197.50 90.00 1.0000 high
437.50 241.88 192.50 82.97 1.0000 high
442.50 244.69 190.00 82.97 1.0000 high
445.00 260.16 190.00 88.59 1.0000 high
452.50 264.38 195.00 85.78 1.0000 high
452.50 260.16 210.00 85.78 1.0000 high
447.50 278.44 207.50 85.78 1.0000 high
450.00 285.47 200.00 80.16 1.0000 high
450.00 275.62 200.00 81.56 1.0000 high
442.50 277.03 202.50 84.38 1.0000 high
432.50 282.66 210.00 84.38 1.0000 high
442.50 277.03 217.50 82.97 1.0000 high
432.50 279.84 220.00 84.38 1.0000 high
432.50 285.47 217.50 84.38 1.0000 high
442.50 268.59 210.00 82.97 1.0000 high
437.50 262.97 210.00 87.19 1.0000 high
427.50 270.00 207.50 84.38 1.0000 high
437.50 255.94 207.50 85.78 1.0000 high
430.00 253.12 212.50 87.19 1.0000 high
430.00 253.12 217.50 87.19 1.0000 high
440.00 241.88 222.50 87.19 1.0000 high
447.50 229.22 217.50 84.38 1.0000 high
447.50 219.38 207.50 88.59 1.0000 high
442.50 219.38 205.00 87.19 1.0000 high
450.00 206.72 205.00 88.59 1.0000 high
462.50 196.88 212.50 85.78 1.0000 high
455.00 189.84 217.50 91.41 1.0000 high
455.00 192.66 212.50 85.78 1.0000 high
467.50 175.78 197.50 92.81 1.0000 high
475.00 177.19 192.50 87.19 1.0000 high
457.50 168.75 190.00 91.41 1.0000 high
452.50 178.59 200.00 85.78 1.0000 high
467.50 163.12 185.00 88.59 1.0000 high
472.50 147.66 180.00 84.38 1.0000 high
442.50 153.28 172.50 94.22 1.0000 high
432.50 158.91 172.50 81.56 1.0000 high
445.00 123.75 182.50 84.38 1.0000 high
432.50 108.28 175.00 84.38 1.0000 high
495.00 158.91 2.50 1.41 0.6902 high
477.43 138.09 43.14 21.49 0.0000 coast
480.26 134.53 27.42 14.43 0.0000 coast
312.50 23.91 170.00 88.59 1.0000 reinit
395.00 88.59 7.50 7.03 0.9961 high
372.50 73.12 2.50 2.81 0.6980 high
360.00 49.22 10.00 14.06 1.0000 high
355.61 32.74 1.00 11.00 0.0000 coast
346.74 16.16 1.00 8.00 0.0000 coast
582.50 115.31 80.00 52.03 1.0000 reinit
572.50 99.84 92.50 57.66 1.0000 high
550.00 99.84 92.50 56.25 1.0000 high
552.50 111.09 57.50 37.97 1.0000 high
544.15 107.78 60.96 39.21 0.0000 coast
537.11 108.25 54.59 35.37 0.0000 coast
587.50 122.34 10.00 7.03 0.9216 high
588.25 124.14 1.00 1.00 0.0000 coast
585.83 122.96 1.00 1.00 0.0000 coast
425.00 61.88 177.50 78.75 1.0000 reinit
457.50 53.44 155.00 71.72 1.0000 high
527.50 49.22 15.00 22.50 0.9882 high
492.50 49.22 110.00 53.44 1.0000 high
480.00 29.53 122.50 82.97 1.0000 high
552.50 63.28 22.50 19.69 1.0000 high
552.50 63.28 22.50 19.69 1.0000 high
567.28 65.39 5.66 13.84 0.0000 coast
575.74 68.22 1.00 6.80 0.0000 coast
582.50 64.69 10.00 7.03 0.9882 high
594.58 65.90 1.00 1.69 0.0000 coast
602.17 64.78 1.00 1.00 0.0000 coast
982.50 264.38 52.50 23.91 1.0000 reinit
982.50 264.38 52.50 23.91 0.0000 coast
990.00 262.97 2.50 2.81 0.4157 low
987.93 261.95 1.00 1.00 0.0000 coast
957.50 250.31 52.50 28.12 0.9725 high
949.86 246.83 59.12 32.85 0.0000 coast
942.10 243.30 65.96 37.69 0.0000 coast
952.50 98.44 172.50 133.59 1.0000 reinit
965.00 67.50 122.50 106.88 1.0000 high
1015.00 102.66 50.00 29.53 0.9961 high
1002.50 87.19 15.00 23.91 0.9529 high
997.50 87.19 10.00 4.22 0.7137 high
993.20 78.13 1.00 1.00 0.0000 coast
984.46 67.50 1.00 1.00 0.0000 coast
847.50 84.38 197.50 158.91 1.0000 reinit
900.00 163.12 12.50 11.25 0.8510 high
862.50 160.31 5.00 4.22 0.5922 high
847.50 171.56 5.00 1.41 0.6078 high
834.22 181.39 1.00 1.00 0.0000 coast
818.99 191.05 1.00 1.00 0.0000 coast
870.00 53.44 187.50 156.09 1.0000 reinit
825.00 90.00 272.50 156.09 1.0000 high
935.00 202.50 50.00 28.12 0.9922 high
913.00 197.75 93.20 42.46 0.0000 coast
928.48 229.30 60.75 14.49 0.0000 coast
947.50 8.44 222.50 137.81 1.0000 reinit
1057.50 70.31 5.00 4.22 0.7686 high
1027.50 59.06 2.50 1.41 0.5843 high
1010.00 64.69 7.50 8.44 0.4941 low
998.20 77.30 1.00 1.00 0.0000 coast
983.15 86.25 1.00 1.00 0.0000 coast
1037.50 0.00 122.50 78.75 1.0000 reinit
1105.00 39.38 17.50 16.88 0.9922 high
1030.00 0.00 180.00 95.62 1.0000 high
999.47 -15.38 252.97 129.17 0.0000 coast
968.63 -30.92 326.60 163.04 0.0000 coast
1117.50 28.12 5.00 4.22 0.3725 low
1028.26 -11.65 207.05 100.70 0.0000 coast
1092.50 5.62 12.50 12.66 0.9961 high
1102.50 5.62 5.00 1.41 0.8667 high
1089.82 -3.04 33.66 13.95 0.0000 coast
1082.21 -9.86 51.20 20.56 0.0000 coast
667.50 317.81 27.50 11.25 1.0000 reinit
667.50 317.81 27.50 11.25 0.0000 coast
667.50 317.81 27.50 11.25 0.0000 coast
907.50 237.66 25.00 11.25 1.0000 reinit
907.50 237.66 25.00 11.25 0.0000 coast
907.50 237.66 25.00 11.25 0.0000 coast
587.50 306.56 35.00 16.88 1.0000 reinit
590.00 298.12 32.50 15.47 1.0000 high
592.50 291.09 32.50 15.47 1.0000 high
593.35 288.44 32.01 15.19 0.0000 coast
594.66 284.50 31.56 14.94 0.0000 coast
615.00 291.09 5.00 2.81 0.8431 high
618.95 288.60 1.00 1.00 0.0000 coast
621.28 285.49 1.00 1.00 0.0000 coast
617.50 258.75 35.00 16.88 1.0000 reinit
617.50 258.75 35.00 16.88 0.0000 coast
617.50 258.75 35.00 16.88 0.0000 coast
465.00 561.09 55.00 52.03 1.0000 reinit
490.00 565.31 12.50 7.03 0.9412 high
491.86 565.63 9.34 3.68 0.0000 coast
485.00 563.91 7.50 4.22 0.9451 high
485.53 562.65 1.27 1.00 0.0000 coast
483.06 559.79 1.00 1.00 0.0000 coast
155.00 585.00 62.50 59.06 1.0000 reinit
185.00 610.31 5.00 2.81 0.8941 high
187.09 611.01 1.00 1.00 0.0000 coast
187.35 610.43 1.00 1.00 0.0000 coast
165.00 590.62 10.00 9.84 0.9922 high
164.45 590.13 1.00 1.00 0.0000 coast
159.37 585.19 1.00 1.00 0.0000 coast
485.00 64.69 32.50 14.06 1.0000 reinit
485.00 64.69 32.50 14.06 0.0000 coast
485.00 64.69 32.50 14.06 0.0000 coast
1010.00 101.25 217.50 172.97 1.0000 reinit
997.50 73.12 215.00 202.50 1.0000 high
1007.50 66.09 210.00 230.62 1.0000 high
1002.50 85.78 172.50 157.50 1.0000 high
1097.50 182.81 25.00 8.44 0.9922 high
1090.00 192.66 7.50 2.81 0.8078 high
1088.12 199.09 1.00 1.00 0.0000 coast
1065.00 182.81 20.00 8.44 0.9961 high
1065.19 183.17 1.00 1.00 0.0000 coast
1055.85 179.76 1.00 1.00 0.0000 coast
1002.50 199.69 237.50 104.06 1.0000 reinit
1140.00 279.84 2.50 1.41 0.5686 high
1140.00 289.69 15.00 15.47 1.0000 high
1142.50 300.94 15.00 23.91 1.0000 high
1152.09 312.38 1.00 31.94 0.0000 coast
1154.66 323.79 1.00 40.02 0.0000 coast
932.50 71.72 160.00 126.56 1.0000 reinit
1017.50 123.75 17.50 15.47 0.9882 high
1030.00 97.03 2.50 2.81 0.6196 high
1035.83 78.74 1.00 1.00 0.0000 coast
1040.92 59.51 1.00 1.00 0.0000 coast
1012.50 71.72 10.00 8.44 0.9059 high
1012.48 67.85 1.00 1.00 0.0000 coast
1007.94 60.29 1.00 1.00 0.0000 coast
422.50 73.12 25.00 9.84 1.0000 reinit
422.50 73.12 25.00 9.84 0.0000 coast
422.50 73.12 25.00 9.84 0.0000 coast
337.50 354.38 40.00 15.47 1.0000 reinit
337.50 354.38 40.00 15.47 0.0000 coast
337.50 354.38 40.00 15.47 0.0000 coast
387.50 362.81 55.00 32.34 1.0000 reinit
392.50 371.25 42.50 25.31 1.0000 high
392.87 371.88 41.57 24.79 0.0000 coast
430.00 383.91 2.50 2.81 0.7255 high
435.20 385.84 1.00 1.00 0.0000 coast
440.70 386.86 1.00 1.00 0.0000 coast
452.50 400.78 27.50 26.72 1.0000 reinit
452.50 400.78 27.50 26.72 0.0000 coast
452.50 400.78 27.50 26.72 0.0000 coast
445.00 400.78 22.50 18.28 1.0000 high
457.50 405.00 5.00 4.22 0.7608 high
456.70 405.25 2.96 1.68 0.0000 coast
456.88 404.16 1.00 1.00 0.0000 coast
440.00 622.97 25.00 18.28 1.0000 reinit
440.00 622.97 25.00 18.28 0.0000 coast
440.00 622.97 25.00 18.28 0.0000 coast
620.00 303.75 60.00 39.38 1.0000 reinit
615.00 300.94 55.00 37.97 1.0000 high
614.63 300.73 54.63 37.86 0.0000 coast
613.60 300.15 53.60 37.57 0.0000 coast
660.00 198.28 50.00 23.91 1.0000 reinit
660.00 198.28 50.00 23.91 0.0000 coast
660.00 198.28 50.00 23.91 0.0000 coast
627.50 473.91 60.00 19.69 1.0000 reinit
627.50 473.91 60.00 19.69 0.0000 coast
627.50 473.91 60.00 19.69 0.0000 coast
772.50 337.50 20.00 25.31 1.0000 reinit
772.50 337.50 20.00 25.31 0.0000 coast
772.50 337.50 20.00 25.31 0.0000 coast
780.00 146.25 77.50 40.78 1.0000 reinit
780.00 146.25 77.50 40.78 0.0000 coast
780.00 146.25 77.50 40.78 0.0000 coast
635.00 185.62 75.00 56.25 1.0000 reinit
660.00 209.53 2.50 1.41 0.3529 low
659.91 209.47 1.00 1.00 0.0000 coast
657.59 208.75 1.00 1.00 0.0000 coast
627.50 236.25 7.50 4.22 0.7216 high
621.21 245.91 1.00 1.00 0.0000 coast
611.66 253.99 1.00 1.00 0.0000 coast
310.00 347.34 85.00 36.56 1.0000 reinit
310.00 347.34 85.00 36.56 0.0000 coast
310.00 347.34 85.00 36.56 0.0000 coast
592.50 112.50 177.50 66.09 1.0000 reinit
607.50 172.97 115.00 56.25 1.0000 high
597.50 217.97 137.50 67.50 1.0000 high
582.50 233.44 185.00 50.62 1.0000 high
587.50 272.81 110.00 73.12 1.0000 high
585.00 323.44 137.50 53.44 1.0000 high
579.71 350.73 139.65 54.72 0.0000 coast
575.66 384.03 141.36 52.97 0.0000 coast
605.00 298.12 185.00 68.91 1.0000 reinit
642.50 289.69 190.00 70.31 1.0000 high
650.00 277.03 187.50 67.50 1.0000 high
652.50 247.50 187.50 67.50 1.0000 high
637.50 247.50 210.00 73.12 1.0000 high
660.00 267.19 202.50 73.12 1.0000 high
667.50 277.03 192.50 70.31 1.0000 high
662.50 272.81 195.00 70.31 1.0000 high
655.00 260.16 202.50 68.91 1.0000 high
660.00 250.31 192.50 68.91 1.0000 high
657.50 251.72 207.50 74.53 1.0000 high
637.50 268.59 212.50 75.94 1.0000 high
672.50 251.72 192.50 67.50 1.0000 high
665.67 251.62 200.24 70.37 0.0000 coast
667.96 248.96 201.06 70.41 0.0000 coast
722.50 139.22 197.50 74.53 1.0000 reinit
755.00 113.91 215.00 73.12 1.0000 high
870.00 158.91 2.50 1.41 0.6863 high
879.58 154.33 1.00 1.00 0.0000 coast
742.50 84.38 220.00 75.94 1.0000 high
742.50 78.75 202.50 73.12 1.0000 high
812.50 115.31 2.50 1.41 0.5059 high
817.50 104.06 5.00 7.03 0.9961 high
810.66 92.14 8.76 7.36 0.0000 coast
809.52 83.52 1.00 3.89 0.0000 coast
695.00 127.97 220.00 75.94 1.0000 reinit
697.50 112.50 217.50 74.53 1.0000 high
725.00 109.69 205.00 80.16 1.0000 high
757.50 142.03 227.50 81.56 1.0000 high
768.82 140.65 224.58 83.21 0.0000 coast
786.43 147.00 226.94 85.09 0.0000 coast
655.00 188.44 205.00 84.38 1.0000 reinit
645.00 175.78 217.50 75.94 1.0000 high
627.50 125.16 207.50 81.56 1.0000 high
625.00 98.44 215.00 80.16 1.0000 high
615.00 70.31 237.50 82.97 1.0000 high
607.50 39.38 212.50 84.38 1.0000 high
587.50 14.06 212.50 88.59 1.0000 high
630.00 0.00 187.50 91.41 1.0000 high
727.50 5.62 2.50 1.41 0.5137 high
704.35 -25.34 31.94 18.40 0.0000 coast
714.72 -46.33 6.12 9.10 0.0000 coast
635.00 53.44 215.00 82.97 1.0000 reinit
655.00 40.78 212.50 85.78 1.0000 high
777.50 73.12 5.00 5.62 0.9804 high
770.00 113.91 5.00 2.81 0.9765 high
670.00 105.47 212.50 81.56 1.0000 high
685.00 85.78 220.00 87.19 1.0000 high
680.00 90.00 232.50 85.78 1.0000 high
747.50 167.34 2.50 1.41 0.5608 high
740.00 149.06 2.50 5.62 0.8784 high
600.36 147.50 320.18 125.49 0.0000 coast
538.04 151.55 450.58 175.67 0.0000 coast
737.50 1.41 220.00 78.75 1.0000 reinit
890.00 1.41 2.50 1.41 0.6078 high
894.00 -1.27 1.00 1.00 0.0000 coast
832.50 1.41 2.50 1.41 0.6431 high
814.16 -2.00 1.00 1.00 0.0000 coast
795.05 -5.61 1.00 1.00 0.0000 coast
117.50 139.22 40.00 18.28 1.0000 reinit
110.00 132.19 60.00 29.53 1.0000 high
109.44 131.66 61.49 30.37 0.0000 coast
107.89 130.21 65.62 32.69 0.0000 coast
1115.00 42.19 92.50 80.16 1.0000 reinit
1160.00 47.81 12.50 9.84 1.0000 high
1163.35 48.23 6.55 4.61 0.0000 coast
1167.15 43.94 1.00 1.00 0.0000 coast
1092.50 23.91 90.00 52.03 1.0000 high
1087.50 29.53 90.00 52.03 1.0000 high
1087.50 18.28 72.50 46.41 1.0000 high
1027.50 0.00 167.50 92.81 1.0000 high
1027.95 2.37 153.11 79.92 0.0000 coast
1013.66 -1.42 165.24 82.65 0.0000 coast
1127.50 63.28 2.50 1.41 0.5765 high
1084.46 44.12 53.86 22.98 0.0000 coast
1074.77 42.78 59.71 22.69 0.0000 coast
1070.00 126.56 40.00 26.72 1.0000 reinit
1070.00 126.56 40.00 26.72 0.0000 coast
1070.00 126.56 40.00 26.72 0.0000 coast
1212.50 78.75 65.00 50.62 1.0000 reinit
1212.50 78.75 65.00 50.62 0.0000 coast
1212.50 78.75 65.00 50.62 0.0000 coast
375.00 233.44 27.50 28.12 1.0000 reinit
375.00 233.44 27.50 28.12 0.0000 coast
375.00 233.44 27.50 28.12 0.0000 coast
762.50 80.16 57.50 30.94 1.0000 reinit
762.50 80.16 57.50 30.94 0.0000 coast
752.50 102.66 52.50 22.50 1.0000 high
780.00 118.12 15.00 9.84 1.0000 high
779.71 124.30 11.20 7.04 0.0000 coast
784.85 132.92 1.00 1.90 0.0000 coast
200.00 194.06 80.00 37.97 1.0000 reinit
200.00 194.06 80.00 37.97 0.0000 coast
200.00 194.06 80.00 37.97 0.0000 coast
792.50 33.75 232.50 92.81 1.0000 reinit
770.00 52.03 230.00 90.00 1.0000 high
752.50 77.34 232.50 81.56 1.0000 high
717.50 84.38 232.50 87.19 1.0000 high
705.00 88.59 230.00 88.59 1.0000 high
687.50 87.19 232.50 87.19 1.0000 high
665.00 74.53 235.00 85.78 1.0000 high
662.50 66.09 232.50 85.78 1.0000 high
660.00 78.75 235.00 88.59 1.0000 high
637.50 74.53 237.50 85.78 1.0000 high
617.50 60.47 242.50 88.59 1.0000 high
617.50 87.19 240.00 90.00 1.0000 high
617.50 102.66 235.00 90.00 1.0000 high
612.50 102.66 235.00 91.41 1.0000 high
612.50 115.31 242.50 95.62 1.0000 high
605.00 123.75 240.00 92.81 1.0000 high
592.50 130.78 250.00 97.03 1.0000 high
587.50 154.69 255.00 97.03 1.0000 high
592.50 165.94 242.50 91.41 1.0000 high
572.50 167.34 237.50 91.41 1.0000 high
562.50 163.12 235.00 91.41 1.0000 high
587.50 139.22 235.00 88.59 1.0000 high
570.07 154.84 235.28 89.48 0.0000 coast
563.59 158.85 234.94 89.30 0.0000 coast
645.00 70.31 250.00 99.84 1.0000 reinit
627.50 63.28 237.50 95.62 1.0000 high
615.00 59.06 247.50 106.88 1.0000 high
597.50 74.53 252.50 99.84 1.0000 high
720.00 113.91 2.50 1.41 0.5216 high
585.00 59.06 247.50 104.06 1.0000 high
587.50 80.16 257.50 98.44 1.0000 high
577.50 87.19 237.50 88.59 1.0000 high
572.50 87.19 237.50 104.06 1.0000 high
575.00 102.66 235.00 106.88 1.0000 high
577.50 112.50 250.00 102.66 1.0000 high
575.00 102.66 242.50 105.47 1.0000 high
587.50 92.81 235.00 102.66 1.0000 high
600.00 84.38 235.00 105.47 1.0000 high
597.50 70.31 240.00 109.69 1.0000 high
592.50 52.03 240.00 105.47 1.0000 high
590.00 39.38 235.00 104.06 1.0000 high
592.50 25.31 240.00 112.50 1.0000 high
715.00 70.31 2.50 1.41 0.5294 high
612.50 14.06 192.50 97.03 1.0000 high
615.00 15.47 170.00 87.19 1.0000 high
617.50 1.41 157.50 90.00 1.0000 high
625.00 2.81 187.50 102.66 1.0000 high
616.28 -8.93 188.97 106.17 0.0000 coast
685.00 68.91 2.50 1.41 0.5725 high
670.76 47.75 37.22 22.90 0.0000 coast
673.59 46.96 26.43 18.42 0.0000 coast
657.50 77.34 240.00 116.72 1.0000 reinit
665.00 85.78 247.50 113.91 1.0000 high
697.50 88.59 232.50 104.06 1.0000 high
712.50 73.12 235.00 104.06 1.0000 high
712.50 47.81 240.00 111.09 1.0000 high
735.00 47.81 250.00 109.69 1.0000 high
770.00 59.06 232.50 101.25 1.0000 high
787.50 46.41 237.50 104.06 1.0000 high
905.00 99.84 5.00 1.41 0.8392 high
785.00 71.72 252.50 109.69 1.0000 high
802.50 80.16 250.00 102.66 1.0000 high
812.50 78.75 242.50 99.84 1.0000 high
807.50 90.00 235.00 101.25 1.0000 high
802.50 91.41 232.50 105.47 1.0000 high
810.00 95.62 242.50 109.69 1.0000 high
820.00 106.88 250.00 108.28 1.0000 high
810.00 112.50 237.50 101.25 1.0000 high
785.00 119.53 232.50 102.66 1.0000 high
767.50 146.25 230.00 106.88 1.0000 high
747.50 171.56 235.00 109.69 1.0000 high
730.00 184.22 242.50 106.88 1.0000 high
717.50 198.28 245.00 101.25 1.0000 high
710.00 199.69 227.50 97.03 1.0000 high
707.50 198.28 227.50 97.03 1.0000 high
712.50 191.25 222.50 98.44 1.0000 high
712.50 171.56 232.50 97.03 1.0000 high
842.50 222.19 10.00 19.69 1.0000 high
799.97 216.46 72.56 41.52 0.0000 coast
832.50 222.19 5.00 7.03 0.9961 high
832.62 226.59 1.00 1.00 0.0000 coast
815.00 230.62 5.00 2.81 0.3804 low
809.77 233.99 1.00 1.00 0.0000 coast
802.50 236.46 1.00 1.00 0.0000 coast
732.50 178.59 222.50 98.44 1.0000 reinit
745.00 206.72 220.00 97.03 1.0000 high
737.50 208.12 217.50 87.19 1.0000 high
732.50 196.88 215.00 101.25 1.0000 high
760.00 212.34 225.00 104.06 1.0000 high
780.00 219.38 227.50 97.03 1.0000 high
792.50 202.50 235.00 94.22 1.0000 high
797.50 195.47 232.50 84.38 1.0000 high
785.00 189.84 220.00 88.59 1.0000 high
780.00 177.19 212.50 90.00 1.0000 high
792.50 175.78 212.50 88.59 1.0000 high
800.00 175.78 222.50 85.78 1.0000 high
807.50 167.34 235.00 92.81 1.0000 high
825.00 165.94 235.00 90.00 1.0000 high
847.50 160.31 217.50 88.59 1.0000 high
855.00 140.62 210.00 90.00 1.0000 high
840.00 130.78 210.00 95.62 1.0000 high
825.00 129.38 227.50 88.59 1.0000 high
822.50 125.16 230.00 85.78 1.0000 high
830.00 125.16 242.50 92.81 1.0000 high
845.00 137.81 227.50 90.00 1.0000 high
835.00 149.06 217.50 90.00 1.0000 high
942.50 191.25 5.00 4.22 0.8980 high
822.50 158.91 205.00 90.00 1.0000 high
820.00 158.91 220.00 85.78 1.0000 high
925.00 213.75 7.50 4.22 0.7922 high
795.00 189.84 232.50 88.59 1.0000 high
797.50 195.47 215.00 85.78 1.0000 high
792.50 206.72 210.00 88.59 1.0000 high
795.00 208.12 202.50 87.19 1.0000 high
792.50 201.09 225.00 90.00 1.0000 high
785.00 209.53 227.50 85.78 1.0000 high
797.50 219.38 197.50 87.19 1.0000 high
795.00 217.97 210.00 92.81 1.0000 high
787.50 225.00 220.00 88.59 1.0000 high
765.00 223.59 212.50 82.97 1.0000 high
750.00 198.28 195.00 85.78 1.0000 high
747.50 184.22 217.50 90.00 1.0000 high
745.00 180.00 215.00 84.38 1.0000 high
735.00 165.94 197.50 84.38 1.0000 high
745.00 151.88 190.00 91.41 1.0000 high
837.50 189.84 2.50 4.22 0.7843 high
804.79 176.40 53.24 27.72 0.0000 coast
762.50 127.97 190.00 85.78 1.0000 high
765.00 132.19 187.50 87.19 1.0000 high
747.50 129.38 197.50 91.41 1.0000 high
742.50 119.53 215.00 87.19 1.0000 high
765.00 119.53 207.50 87.19 1.0000 high
765.00 122.34 195.00 84.38 1.0000 high
742.50 125.16 195.00 84.38 1.0000 high
737.50 132.19 192.50 87.19 1.0000 high
750.00 140.62 182.50 88.59 1.0000 high
747.50 143.44 200.00 85.78 1.0000 high
725.00 144.84 222.50 82.97 1.0000 high
735.00 146.25 197.50 80.16 1.0000 high
740.00 130.78 175.00 81.56 1.0000 high
727.50 122.34 190.00 85.78 1.0000 high
735.00 122.34 200.00 84.38 1.0000 high
740.00 119.53 197.50 82.97 1.0000 high
715.00 118.12 212.50 81.56 1.0000 high
717.50 125.16 202.50 75.94 1.0000 high
732.50 119.53 170.00 80.16 1.0000 high
715.00 113.91 185.00 80.16 1.0000 high
717.50 116.72 185.00 82.97 1.0000 high
737.50 113.91 180.00 82.97 1.0000 high
732.50 111.09 192.50 81.56 1.0000 high
725.00 116.72 210.00 81.56 1.0000 high
750.00 119.53 182.50 78.75 1.0000 high
742.50 119.53 177.50 78.75 1.0000 high
715.00 127.97 190.00 78.75 1.0000 high
735.00 130.78 165.00 80.16 1.0000 high
737.50 125.16 162.50 81.56 1.0000 high
717.50 125.16 190.00 81.56 1.0000 high
737.50 122.34 182.50 80.16 1.0000 high
750.00 119.53 180.00 78.75 1.0000 high
735.00 123.75 195.00 77.34 1.0000 high
740.00 126.56 175.00 77.34 1.0000 high
740.00 127.97 162.50 77.34 1.0000 high
727.50 132.19 177.50 78.75 1.0000 high
737.50 136.41 170.00 78.75 1.0000 high
750.00 130.78 160.00 80.16 1.0000 high
732.50 130.78 182.50 78.75 1.0000 high
745.00 133.59 180.00 78.75 1.0000 high
742.50 133.59 170.00 75.94 1.0000 high
725.00 130.78 180.00 75.94 1.0000 high
742.50 137.81 162.50 75.94 1.0000 high
745.00 136.41 162.50 75.94 1.0000 high
740.00 135.00 172.50 75.94 1.0000 high
760.00 137.81 160.00 77.34 1.0000 high
755.00 137.81 167.50 77.34 1.0000 high
760.00 136.41 180.00 75.94 1.0000 high
770.00 142.03 172.50 74.53 1.0000 high
755.00 146.25 177.50 71.72 1.0000 high
747.50 149.06 172.50 70.31 1.0000 high
760.00 156.09 160.00 70.31 1.0000 high
745.00 156.09 177.50 68.91 1.0000 high
745.00 154.69 172.50 68.91 1.0000 high
755.00 160.31 157.50 68.91 1.0000 high
737.50 158.91 167.50 68.91 1.0000 high
737.50 153.28 165.00 70.31 1.0000 high
745.00 158.91 167.50 70.31 1.0000 high
732.50 163.12 182.50 68.91 1.0000 high
740.00 161.72 170.00 67.50 1.0000 high
742.50 167.34 162.50 67.50 1.0000 high
722.50 165.94 175.00 66.09 1.0000 high
735.00 158.91 157.50 66.09 1.0000 high
742.50 157.50 157.50 66.09 1.0000 high
737.50 154.69 175.00 66.09 1.0000 high
750.00 147.66 155.00 67.50 1.0000 high
735.00 149.06 165.00 70.31 1.0000 high
735.00 154.69 170.00 67.50 1.0000 high
745.00 147.66 162.50 67.50 1.0000 high
732.50 147.66 175.00 66.09 1.0000 high
740.00 153.28 170.00 66.09 1.0000 high
747.50 154.69 152.50 66.09 1.0000 high
727.50 154.69 167.50 64.69 1.0000 high
727.50 163.12 165.00 64.69 1.0000 high
732.50 165.94 155.00 64.69 1.0000 high
717.50 163.12 167.50 64.69 1.0000 high
725.00 165.94 162.50 66.09 1.0000 high
730.00 164.53 155.00 64.69 1.0000 high
715.00 154.69 167.50 66.09 1.0000 high
732.50 154.69 155.00 66.09 1.0000 high
737.50 156.09 155.00 64.69 1.0000 high
720.00 151.88 170.00 64.69 1.0000 high
727.50 156.09 152.50 63.28 1.0000 high
715.00 157.50 160.00 63.28 1.0000 high
712.50 154.69 157.50 61.88 1.0000 high
720.00 154.69 150.00 64.69 1.0000 high
702.50 154.69 167.50 64.69 1.0000 high
715.00 153.28 150.00 66.09 1.0000 high
700.00 156.09 160.00 64.69 1.0000 high
692.50 158.91 160.00 64.69 1.0000 high
695.00 158.91 150.00 61.88 1.0000 high
677.50 154.69 165.00 63.28 1.0000 high
687.50 160.31 150.00 60.47 1.0000 high
685.00 158.91 150.00 61.88 1.0000 high
665.00 160.31 162.50 60.47 1.0000 high
675.00 163.12 150.00 60.47 1.0000 high
675.00 160.31 150.00 61.88 1.0000 high
657.50 157.50 160.00 61.88 1.0000 high
657.50 161.72 150.00 63.28 1.0000 high
647.50 165.94 147.50 63.28 1.0000 high
637.50 164.53 152.50 61.88 1.0000 high
645.00 163.12 147.50 60.47 1.0000 high
642.50 161.72 145.00 60.47 1.0000 high
625.00 156.09 157.50 59.06 1.0000 high
632.50 149.06 145.00 59.06 1.0000 high
620.00 147.66 152.50 57.66 1.0000 high
605.00 147.66 157.50 57.66 1.0000 high
607.50 143.44 145.00 57.66 1.0000 high
597.50 135.00 155.00 59.06 1.0000 high
605.00 130.78 147.50 59.06 1.0000 high
602.50 132.19 145.00 59.06 1.0000 high
587.50 127.97 155.00 59.06 1.0000 high
592.50 122.34 145.00 59.06 1.0000 high
585.00 120.94 150.00 59.06 1.0000 high
587.50 119.53 145.00 56.25 1.0000 high
585.00 115.31 142.50 56.25 1.0000 high
575.00 118.12 152.50 57.66 1.0000 high
587.50 120.94 142.50 57.66 1.0000 high
582.50 118.12 145.00 57.66 1.0000 high
575.00 119.53 150.00 59.06 1.0000 high
575.00 130.78 142.50 57.66 1.0000 high
560.00 132.19 147.50 59.06 1.0000 high
555.00 137.81 145.00 57.66 1.0000 high
555.00 140.62 140.00 57.66 1.0000 high
552.50 143.44 147.50 56.25 1.0000 high
562.50 144.84 142.50 56.25 1.0000 high
570.00 143.44 142.50 56.25 1.0000 high
577.50 137.81 147.50 59.06 1.0000 high
597.50 139.22 140.00 57.66 1.0000 high
595.00 136.41 142.50 56.25 1.0000 high
595.00 143.44 145.00 56.25 1.0000 high
607.50 150.47 137.50 56.25 1.0000 high
615.00 144.84 142.50 56.25 1.0000 high
630.00 147.66 145.00 57.66 1.0000 high
650.00 153.28 140.00 56.25 1.0000 high
655.00 153.28 145.00 54.84 1.0000 high
667.50 151.88 137.50 54.84 1.0000 high
677.50 156.09 137.50 53.44 1.0000 high
680.00 154.69 147.50 54.84 1.0000 high
697.50 150.47 137.50 54.84 1.0000 high
705.00 149.06 140.00 54.84 1.0000 high
717.50 143.44 140.00 54.84 1.0000 high
730.00 136.41 137.50 53.44 1.0000 high
730.00 137.81 147.50 54.84 1.0000 high
747.50 143.44 142.50 54.84 1.0000 high
755.00 143.44 135.00 54.84 1.0000 high
745.00 147.66 145.00 56.25 1.0000 high
760.00 153.28 135.00 54.84 1.0000 high
767.50 150.47 135.00 54.84 1.0000 high
765.00 150.47 142.50 53.44 1.0000 high
775.00 154.69 135.00 54.84 1.0000 high
777.50 157.50 135.00 53.44 1.0000 high
772.50 156.09 140.00 53.44 1.0000 high
785.00 156.09 132.50 56.25 1.0000 high
787.50 156.09 132.50 56.25 1.0000 high
780.00 156.09 142.50 56.25 1.0000 high
787.50 161.72 132.50 53.44 1.0000 high
787.50 163.12 135.00 52.03 1.0000 high
787.50 156.09 137.50 52.03 1.0000 high
797.50 154.69 132.50 53.44 1.0000 high
797.50 156.09 135.00 54.84 1.0000 high
787.50 150.47 135.00 53.44 1.0000 high
782.50 147.66 130.00 53.44 1.0000 high
775.00 149.06 135.00 52.03 1.0000 high
772.50 146.25 132.50 52.03 1.0000 high
767.50 143.44 132.50 53.44 1.0000 high
760.00 142.03 137.50 54.84 1.0000 high
760.00 143.44 132.50 53.44 1.0000 high
757.50 144.84 130.00 53.44 1.0000 high
750.00 144.84 137.50 50.62 1.0000 high
750.00 143.44 135.00 50.62 1.0000 high
747.50 143.44 127.50 52.03 1.0000 high
730.00 144.84 140.00 50.62 1.0000 high
730.00 143.44 132.50 52.03 1.0000 high
725.00 142.03 130.00 52.03 1.0000 high
715.00 142.03 135.00 50.62 1.0000 high
710.00 143.44 132.50 49.22 1.0000 high
702.50 146.25 130.00 49.22 1.0000 high
687.50 146.25 135.00 49.22 1.0000 high
690.00 142.03 130.00 50.62 1.0000 high
692.50 139.22 130.00 49.22 1.0000 high
682.50 136.41 137.50 50.62 1.0000 high
685.00 137.81 127.50 49.22 1.0000 high
677.50 140.62 127.50 49.22 1.0000 high
672.50 140.62 132.50 49.22 1.0000 high
677.50 144.84 127.50 47.81 1.0000 high
672.50 144.84 130.00 49.22 1.0000 high
670.00 143.44 130.00 49.22 1.0000 high
670.00 143.44 130.00 49.22 1.0000 high
670.00 142.03 130.00 47.81 1.0000 high
677.50 139.22 125.00 47.81 1.0000 high
682.50 136.41 127.50 47.81 1.0000 high
675.00 135.00 135.00 47.81 1.0000 high
680.00 136.41 127.50 47.81 1.0000 high
677.50 133.59 125.00 47.81 1.0000 high
670.00 133.59 132.50 47.81 1.0000 high
677.50 135.00 125.00 49.22 1.0000 high
675.00 139.22 127.50 46.41 1.0000 high
675.00 143.44 130.00 46.41 1.0000 high
680.00 144.84 125.00 46.41 1.0000 high
672.50 146.25 125.00 45.00 1.0000 high
662.50 144.84 130.00 47.81 1.0000 high
662.50 150.47 122.50 46.41 1.0000 high
662.50 156.09 122.50 46.41 1.0000 high
662.50 161.72 127.50 46.41 1.0000 high
675.00 160.31 120.00 46.41 1.0000 high
675.00 157.50 122.50 45.00 1.0000 high
667.50 154.69 130.00 46.41 1.0000 high
670.00 157.50 120.00 45.00 1.0000 high
662.50 158.91 120.00 43.59 1.0000 high
650.00 158.91 125.00 45.00 1.0000 high
652.50 156.09 120.00 45.00 1.0000 high
652.50 153.28 120.00 46.41 1.0000 high
647.50 153.28 125.00 43.59 1.0000 high
650.00 153.28 120.00 45.00 1.0000 high
647.50 153.28 120.00 45.00 1.0000 high
645.00 153.28 122.50 46.41 1.0000 high
655.00 157.50 120.00 45.00 1.0000 high
657.50 160.31 120.00 45.00 1.0000 high
652.50 163.12 120.00 43.59 1.0000 high
645.00 164.53 122.50 42.19 1.0000 high
642.50 168.75 120.00 45.00 1.0000 high
640.00 165.94 120.00 43.59 1.0000 high
640.00 164.53 117.50 42.19 1.0000 high
637.50 165.94 120.00 43.59 1.0000 high
632.50 167.34 120.00 42.19 1.0000 high
627.50 165.94 120.00 40.78 1.0000 high
625.00 164.53 120.00 40.78 1.0000 high
617.50 164.53 122.50 39.38 1.0000 high
612.50 163.12 122.50 39.38 1.0000 high
607.50 163.12 122.50 39.38 1.0000 high
602.50 164.53 125.00 39.38 1.0000 high
597.50 168.75 122.50 40.78 1.0000 high
590.00 168.75 122.50 39.38 1.0000 high
582.50 164.53 125.00 40.78 1.0000 high
580.00 167.34 125.00 40.78 1.0000 high
575.00 165.94 127.50 40.78 1.0000 high
575.00 160.31 125.00 42.19 1.0000 high
575.00 153.28 127.50 43.59 1.0000 high
572.50 153.28 130.00 43.59 1.0000 high
570.00 153.28 125.00 43.59 1.0000 high
562.50 153.28 125.00 40.78 1.0000 high
555.00 149.06 125.00 42.19 1.0000 high
547.50 149.06 125.00 42.19 1.0000 high
545.00 144.84 125.00 43.59 1.0000 high
540.00 137.81 127.50 43.59 1.0000 high
530.00 137.81 125.00 45.00 1.0000 high
517.50 139.22 127.50 43.59 1.0000 high
510.00 133.59 125.00 43.59 1.0000 high
507.50 126.56 125.00 42.19 1.0000 high
497.50 123.75 127.50 33.75 1.0000 high
490.00 120.94 122.50 42.19 1.0000 high
475.00 112.50 122.50 46.41 1.0000 high
462.50 106.88 122.50 43.59 1.0000 high
445.00 102.66 120.00 36.56 1.0000 high
427.50 101.25 120.00 42.19 1.0000 high
417.50 97.03 120.00 43.59 1.0000 high
402.50 90.00 117.50 37.97 1.0000 high
377.50 87.19 117.50 39.38 1.0000 high
355.00 78.75 112.50 39.38 1.0000 high
327.50 70.31 112.50 40.78 1.0000 high
310.00 66.09 120.00 46.41 1.0000 high
300.00 60.47 107.50 40.78 1.0000 high
275.00 50.62 100.00 39.38 1.0000 high
255.00 36.56 100.00 43.59 1.0000 high
262.50 43.59 45.00 29.53 1.0000 high
267.50 52.03 17.50 9.84 0.8706 high
252.22 46.27 11.79 9.44 0.0000 coast
240.85 43.55 1.00 4.92 0.0000 coast
227.50 59.06 2.50 1.41 0.5137 high
212.51 58.89 1.00 1.00 0.0000 coast
196.78 58.58 1.00 1.00 0.0000 coast
730.00 47.81 110.00 68.91 1.0000 reinit
810.00 81.56 7.50 5.62 0.8824 high
815.39 84.03 1.00 1.00 0.0000 coast
821.33 84.47 1.00 1.00 0.0000 coast
540.00 7.03 135.00 74.53 1.0000 reinit
502.50 5.62 135.00 71.72 1.0000 high
562.50 50.62 2.50 4.22 0.6431 high
555.15 52.82 1.00 1.00 0.0000 coast
546.29 55.93 1.00 1.00 0.0000 coast
357.50 1.41 90.00 32.34 1.0000 reinit
322.50 1.41 97.50 30.94 1.0000 high
287.50 1.41 105.00 32.34 1.0000 high
265.00 1.41 85.00 22.50 1.0000 high
248.62 1.41 89.57 23.07 0.0000 coast
228.58 1.41 88.15 21.02 0.0000 coast
240.00 40.78 5.00 4.22 0.6078 high
220.33 44.48 1.00 1.00 0.0000 coast
197.95 49.01 1.00 1.00 0.0000 coast
160.00 70.31 110.00 49.22 1.0000 reinit
175.00 49.22 97.50 63.28 1.0000 high
177.50 46.41 105.00 66.09 1.0000 high
160.00 50.62 107.50 64.69 1.0000 high
152.50 64.69 95.00 50.62 1.0000 high
150.00 42.19 107.50 63.28 1.0000 high
160.00 25.31 107.50 67.50 1.0000 high
155.00 19.69 112.50 60.47 1.0000 high
162.50 9.84 107.50 60.47 1.0000 high
165.00 2.81 95.00 54.84 1.0000 high
165.00 2.81 95.00 57.66 1.0000 high
147.50 0.00 82.50 33.75 1.0000 high
135.00 0.00 85.00 28.12 1.0000 high
125.00 1.41 92.50 30.94 1.0000 high
123.55 -4.88 88.42 26.51 0.0000 coast
150.00 1.41 17.50 11.25 1.0000 high
141.93 -3.45 23.73 9.15 0.0000 coast
140.29 -6.23 15.57 4.60 0.0000 coast
1245.00 112.50 20.00 15.47 1.0000 reinit
1242.50 109.69 27.50 18.28 1.0000 high
1242.31 109.48 28.06 18.49 0.0000 coast
1241.80 108.90 29.61 19.07 0.0000 coast
1197.50 85.78 70.00 26.72 1.0000 reinit
1197.50 85.78 70.00 26.72 0.0000 coast
1240.00 73.12 35.00 23.91 1.0000 high
1246.86 71.08 29.35 23.45 0.0000 coast
1245.00 61.88 32.50 21.09 1.0000 high
1251.32 56.93 27.80 19.90 0.0000 coast
1257.42 51.87 23.31 18.67 0.0000 coast
912.50 54.84 5.00 5.62 0.7804 reinit
912.50 54.84 5.00 5.62 0.0000 coast
912.50 54.84 5.00 5.62 0.0000 coast
1210.00 25.31 55.00 25.31 1.0000 reinit
1225.00 21.09 42.50 22.50 1.0000 high
1245.00 14.06 22.50 19.69 1.0000 high
1252.58 11.60 15.39 18.49 0.0000 coast
1263.04 8.11 5.38 16.89 0.0000 coast
1232.50 2.81 37.50 21.09 1.0000 high
1233.00 -1.15 37.00 21.01 0.0000 coast
1233.16 -5.12 36.84 20.98 0.0000 coast
1212.50 1.41 25.00 14.06 1.0000 reinit
1212.50 1.41 25.00 14.06 0.0000 coast
1212.50 1.41 25.00 14.06 0.0000 coast
1190.00 21.09 85.00 28.12 1.0000 reinit
1207.50 25.31 62.50 28.12 1.0000 high
1208.80 25.63 60.83 28.12 0.0000 coast
1262.50 57.66 10.00 9.84 0.7725 high
1275.77 67.16 1.00 4.78 0.0000 coast
1285.96 77.18 1.00 1.00 0.0000 coast
1155.00 1.41 12.50 7.03 0.9176 reinit
1155.00 1.41 12.50 7.03 0.0000 coast
1155.00 1.41 12.50 7.03 0.0000 coast
1155.00 1.41 12.50 7.03 0.0000 coast
452.50 136.41 17.50 16.88 1.0000 reinit
452.50 136.41 17.50 16.88 0.0000 coast
452.50 136.41 17.50 16.88 0.0000 coast
972.50 143.44 27.50 9.84 0.9882 reinit
972.50 143.44 27.50 9.84 0.0000 coast
972.50 143.44 27.50 9.84 0.0000 coast
1050.00 209.53 47.50 16.88 1.0000 reinit
1050.00 209.53 47.50 16.88 0.0000 coast
1050.00 209.53 47.50 16.88 0.0000 coast
1050.00 209.53 47.50 16.88 0.0000 coast
810.00 199.69 7.50 8.44 0.8039 reinit
810.00 199.69 7.50 8.44 0.0000 coast
810.00 199.69 7.50 8.44 0.0000 coast
902.50 272.81 12.50 12.66 1.0000 reinit
902.50 272.81 12.50 12.66 0.0000 coast
902.50 272.81 12.50 12.66 0.0000 coast
902.50 272.81 12.50 12.66 0.0000 coast
902.50 272.81 12.50 12.66 0.0000 coast
902.50 272.81 12.50 12.66 0.0000 coast
902.50 272.81 12.50 12.66 0.0000 coast
902.50 272.81 12.50 12.66 0.0000 coast
902.50 272.81 12.50 12.66 0.0000 coast
902.50 272.81 12.50 12.66 0.0000 coast
902.50 272.81 12.50 12.66 0.0000 coast
745.00 8.44 10.00 8.44 0.8980 reinit
745.00 8.44 10.00 8.44 0.0000 coast
745.00 8.44 10.00 8.44 0.0000 coast
745.00 8.44 10.00 8.44 0.0000 coast
30.00 95.62 15.00 16.88 1.0000 reinit
30.00 95.62 15.00 16.88 0.0000 coast
30.00 95.62 15.00 16.88 0.0000 coast
607.50 68.91 20.00 18.28 1.0000 reinit
607.50 68.91 20.00 18.28 0.0000 coast
607.50 68.91 20.00 18.28 0.0000 coast
607.50 68.91 20.00 18.28 0.0000 coast
1225.00 265.78 10.00 5.62 0.9922 reinit
1225.00 265.78 10.00 5.62 0.0000 coast
1225.00 265.78 10.00 5.62 0.0000 coast
552.50 143.44 132.50 70.31 1.0000 reinit
562.50 149.06 132.50 68.91 1.0000 high
570.00 147.66 107.50 66.09 1.0000 high
572.75 148.63 104.95 65.53 0.0000 coast
667.50 192.66 2.50 1.41 0.5176 high
676.91 195.19 1.00 1.00 0.0000 coast
688.80 198.41 1.00 1.00 0.0000 coast
710.00 143.44 142.50 70.31 1.0000 reinit
715.00 154.69 147.50 71.72 1.0000 high
730.00 160.31 150.00 73.12 1.0000 high
737.50 164.53 172.50 68.91 1.0000 high
812.50 153.28 50.00 23.91 0.9922 high
825.00 172.97 2.50 1.41 0.5373 high
834.27 170.54 1.00 1.00 0.0000 coast
840.65 167.82 1.00 1.00 0.0000 coast
790.00 90.00 115.00 71.72 1.0000 reinit
855.00 91.41 5.00 2.81 0.7373 high
845.00 113.91 5.00 2.81 0.6235 high
842.97 122.13 1.00 1.00 0.0000 coast
838.93 129.50 1.00 1.00 0.0000 coast
717.50 71.72 115.00 70.31 1.0000 reinit
717.50 64.69 117.50 70.31 1.0000 high
705.00 63.28 117.50 71.72 1.0000 high
690.00 71.72 115.00 71.72 1.0000 high
675.00 73.12 117.50 70.31 1.0000 high
650.00 84.38 112.50 71.72 1.0000 high
690.00 98.44 12.50 5.62 0.7255 high
612.50 74.53 112.50 67.50 1.0000 high
592.85 73.76 117.92 70.63 0.0000 coast
570.91 71.99 126.72 75.81 0.0000 coast
635.00 14.06 110.00 61.88 1.0000 reinit
640.00 1.41 80.00 52.03 1.0000 high
665.00 2.81 7.50 5.62 0.6510 high
662.50 2.81 2.50 1.41 0.3176 low
656.86 -4.95 1.00 1.00 0.0000 coast
650.47 -12.89 1.00 1.00 0.0000 coast
57.50 1.41 37.50 21.09 1.0000 reinit
82.50 1.41 5.00 4.22 0.4157 low
85.00 2.81 2.50 1.41 0.3137 low
87.88 1.61 1.00 1.00 0.0000 coast
90.02 0.21 1.00 1.00 0.0000 coast
682.50 45.00 100.00 73.12 1.0000 reinit
717.50 109.69 25.00 15.47 1.0000 high
722.50 139.22 2.50 2.81 0.3608 low
719.53 158.38 1.00 1.00 0.0000 coast
715.73 176.93 1.00 1.00 0.0000 coast
682.50 67.50 112.50 70.31 1.0000 reinit
692.50 68.91 107.50 68.91 1.0000 high
695.00 94.22 72.50 43.59 1.0000 high
697.29 97.71 67.07 40.10 0.0000 coast
715.00 102.66 57.50 40.78 1.0000 high
721.66 110.38 45.69 34.56 0.0000 coast
722.50 115.31 37.50 40.78 1.0000 high
728.30 122.30 26.59 37.63 0.0000 coast
733.80 129.16 15.85 35.05 0.0000 coast
637.50 85.78 115.00 68.91 1.0000 reinit
642.50 81.56 110.00 67.50 1.0000 high
650.00 88.59 75.00 50.62 1.0000 high
651.94 88.65 69.58 48.21 0.0000 coast
695.00 75.94 52.50 45.00 1.0000 high
708.85 73.76 38.71 39.81 0.0000 coast
682.50 70.31 107.50 71.72 1.0000 high
725.00 78.75 30.00 26.72 1.0000 high
767.50 99.84 5.00 4.22 0.3961 low
762.27 91.87 23.93 16.63 0.0000 coast
772.88 92.23 22.55 14.92 0.0000 coast
790.00 80.16 2.50 1.41 0.5882 high
800.18 76.69 1.00 1.00 0.0000 coast
809.54 72.58 1.00 1.00 0.0000 coast
782.50 42.19 30.00 33.75 1.0000 reinit
782.50 42.19 30.00 33.75 0.0000 coast
800.00 70.31 5.00 2.81 0.6667 high
802.81 73.26 1.00 1.00 0.0000 coast
803.99 76.26 1.00 1.00 0.0000 coast
110.00 52.03 115.00 59.06 1.0000 reinit
147.50 97.03 25.00 11.25 0.9725 high
150.29 100.38 18.31 7.69 0.0000 coast
157.39 108.08 1.00 1.00 0.0000 coast
192.50 133.59 27.50 14.06 0.9961 high
210.99 149.09 16.67 8.01 0.0000 coast
229.50 164.60 5.85 1.97 0.0000 coast
865.00 64.69 112.50 70.31 1.0000 reinit
875.00 67.50 110.00 71.72 1.0000 high
877.50 70.31 107.50 70.31 1.0000 high
875.00 68.91 110.00 70.31 1.0000 high
870.00 68.91 102.50 68.91 1.0000 high
857.50 70.31 110.00 70.31 1.0000 high
855.00 71.72 102.50 68.91 1.0000 high
857.50 71.72 92.50 68.91 1.0000 high
850.00 71.72 82.50 68.91 1.0000 high
850.00 74.53 95.00 68.91 1.0000 high
845.00 68.91 110.00 68.91 1.0000 high
842.50 60.47 112.50 68.91 1.0000 high
845.00 50.62 110.00 70.31 1.0000 high
840.00 42.19 112.50 74.53 1.0000 high
835.00 39.38 115.00 75.94 1.0000 high
840.00 36.56 110.00 70.31 1.0000 high
897.50 70.31 5.00 4.22 0.6510 high
840.00 39.38 107.50 73.12 1.0000 high
835.00 36.56 117.50 77.34 1.0000 high
837.50 36.56 117.50 77.34 1.0000 high
835.00 40.78 117.50 75.94 1.0000 high
837.50 42.19 115.00 75.94 1.0000 high
837.50 45.00 112.50 73.12 1.0000 high
847.50 47.81 92.50 70.31 1.0000 high
820.00 45.00 112.50 74.53 1.0000 high
892.50 57.66 2.50 1.41 0.5569 high
880.00 43.59 20.00 32.34 0.9961 high
897.50 53.44 2.50 2.81 0.7098 high
892.50 47.81 5.00 8.44 0.8353 high
894.79 47.72 1.00 1.72 0.0000 coast
894.95 44.64 1.00 1.00 0.0000 coast
872.50 45.00 7.50 8.44 0.8745 reinit
872.50 45.00 7.50 8.44 0.0000 coast
872.50 45.00 7.50 8.44 0.0000 coast
232.50 78.75 37.50 26.72 1.0000 reinit
222.50 77.34 47.50 29.53 1.0000 high
242.50 99.84 2.50 1.41 0.5098 high
239.73 98.79 6.11 2.95 0.0000 coast
240.71 101.92 1.00 1.00 0.0000 coast
175.00 87.19 35.00 33.75 1.0000 reinit
175.00 87.19 35.00 33.75 0.0000 coast
175.00 87.19 35.00 33.75 0.0000 coast
692.50 64.69 70.00 52.03 1.0000 reinit
740.00 64.69 5.00 2.81 0.4980 low
743.12 63.76 1.00 1.00 0.0000 coast
746.21 58.68 1.00 1.00 0.0000 coast
652.50 104.06 7.50 5.62 0.7765 reinit
652.50 104.06 7.50 5.62 0.0000 coast
650.00 104.06 7.50 1.41 0.4784 low
649.60 103.93 7.50 1.00 0.0000 coast
649.00 103.43 7.50 1.00 0.0000 coast
560.00 132.19 30.00 21.09 1.0000 reinit
560.00 132.19 30.00 21.09 0.0000 coast
530.00 102.66 87.50 68.91 1.0000 high
512.50 105.47 115.00 70.31 1.0000 high
505.00 105.47 92.50 66.09 1.0000 high
487.50 108.28 97.50 70.31 1.0000 high
515.00 111.09 50.00 43.59 1.0000 high
542.50 116.72 10.00 2.81 0.4392 low
524.55 108.12 36.94 25.45 0.0000 coast
520.87 104.38 40.69 28.32 0.0000 coast
435.00 112.50 115.00 70.31 1.0000 reinit
427.50 109.69 112.50 70.31 1.0000 high
425.00 127.97 75.00 50.62 1.0000 high
412.50 106.88 112.50 67.50 1.0000 high
405.00 102.66 110.00 67.50 1.0000 high
395.00 95.62 115.00 71.72 1.0000 high
390.00 92.81 110.00 70.31 1.0000 high
382.50 87.19 110.00 70.31 1.0000 high
375.00 82.97 110.00 70.31 1.0000 high
375.00 81.56 112.50 68.91 1.0000 high
377.50 78.75 115.00 70.31 1.0000 high
372.50 78.75 117.50 68.91 1.0000 high
367.50 75.94 115.00 70.31 1.0000 high
367.50 77.34 112.50 70.31 1.0000 high
365.00 75.94 117.50 70.31 1.0000 high
362.50 71.72 112.50 70.31 1.0000 high
367.50 71.72 112.50 70.31 1.0000 high
372.50 70.31 112.50 68.91 1.0000 high
367.50 67.50 115.00 70.31 1.0000 high
365.00 67.50 112.50 68.91 1.0000 high
367.50 64.69 115.00 70.31 1.0000 high
372.50 63.28 117.50 70.31 1.0000 high
377.50 63.28 105.00 70.31 1.0000 high
382.50 66.09 112.50 68.91 1.0000 high
390.00 70.31 112.50 70.31 1.0000 high
397.50 70.31 112.50 71.72 1.0000 high
400.00 80.16 110.00 68.91 1.0000 high
397.50 85.78 115.00 71.72 1.0000 high
390.00 92.81 110.00 71.72 1.0000 high
390.00 101.25 115.00 68.91 1.0000 high
402.50 104.06 107.50 71.72 1.0000 high
407.50 109.69 90.00 68.91 1.0000 high
410.00 119.53 100.00 67.50 1.0000 high
415.00 143.44 105.00 53.44 1.0000 high
417.50 149.06 70.00 52.03 1.0000 high
410.00 151.88 117.50 54.84 1.0000 high
410.00 140.62 110.00 68.91 1.0000 high
412.50 154.69 100.00 54.84 1.0000 high
412.50 153.28 115.00 61.88 1.0000 high
417.50 164.53 95.00 54.84 1.0000 high
410.00 164.53 85.00 52.03 1.0000 high
412.50 154.69 80.00 68.91 1.0000 high
412.50 175.78 105.00 54.84 1.0000 high
420.00 188.44 97.50 46.41 1.0000 high
418.74 189.65 98.26 48.96 0.0000 coast
422.50 216.56 50.00 43.59 1.0000 high
423.27 219.10 57.34 42.81 0.0000 coast
427.50 244.69 27.50 14.06 1.0000 high
428.93 252.48 23.26 11.67 0.0000 coast
430.68 262.29 16.12 6.28 0.0000 coast
105.00 97.03 157.50 52.03 1.0000 reinit
112.50 99.84 157.50 52.03 1.0000 high
117.50 102.66 157.50 52.03 1.0000 high
125.00 102.66 157.50 52.03 1.0000 high
132.50 101.25 160.00 53.44 1.0000 high
142.50 102.66 157.50 53.44 1.0000 high
142.50 102.66 160.00 52.03 1.0000 high
142.50 102.66 157.50 53.44 1.0000 high
145.00 102.66 160.00 53.44 1.0000 high
152.50 104.06 162.50 53.44 1.0000 high
157.50 102.66 160.00 54.84 1.0000 high
147.50 104.06 167.50 54.84 1.0000 high
152.50 105.47 162.50 53.44 1.0000 high
155.00 102.66 175.00 53.44 1.0000 high
157.50 99.84 167.50 54.84 1.0000 high
165.00 102.66 162.50 53.44 1.0000 high
152.50 105.47 172.50 56.25 1.0000 high
157.50 105.47 177.50 56.25 1.0000 high
157.50 106.88 165.00 56.25 1.0000 high
152.50 111.09 170.00 56.25 1.0000 high
157.50 112.50 165.00 54.84 1.0000 high
152.50 112.50 177.50 56.25 1.0000 high
152.50 111.09 167.50 56.25 1.0000 high
140.00 108.28 175.00 56.25 1.0000 high
142.50 106.88 172.50 54.84 1.0000 high
135.00 106.88 175.00 56.25 1.0000 high
142.50 108.28 170.00 56.25 1.0000 high
135.00 108.28 185.00 57.66 1.0000 high
142.50 112.50 172.50 56.25 1.0000 high
142.50 109.69 172.50 57.66 1.0000 high
137.50 108.28 175.00 57.66 1.0000 high
142.50 108.28 172.50 57.66 1.0000 high
142.50 108.28 192.50 59.06 1.0000 high
160.00 112.50 172.50 59.06 1.0000 high
150.00 115.31 185.00 59.06 1.0000 high
162.50 116.72 182.50 57.66 1.0000 high
152.50 116.72 187.50 57.66 1.0000 high
162.50 118.12 175.00 57.66 1.0000 high
150.00 118.12 200.00 59.06 1.0000 high
162.50 116.72 177.50 59.06 1.0000 high
162.50 112.50 187.50 60.47 1.0000 high
172.50 109.69 182.50 59.06 1.0000 high
170.00 105.47 180.00 60.47 1.0000 high
170.00 105.47 180.00 60.47 1.0000 high
167.50 99.84 187.50 63.28 1.0000 high
172.50 97.03 180.00 61.88 1.0000 high
172.50 97.03 182.50 63.28 1.0000 high
177.50 95.62 180.00 61.88 1.0000 high
180.00 87.19 182.50 63.28 1.0000 high
185.00 88.59 190.00 63.28 1.0000 high
175.00 90.00 190.00 66.09 1.0000 high
177.50 92.81 182.50 63.28 1.0000 high
172.50 90.00 197.50 64.69 1.0000 high
172.50 88.59 185.00 64.69 1.0000 high
162.50 88.59 192.50 66.09 1.0000 high
165.00 88.59 202.50 64.69 1.0000 high
160.00 80.16 187.50 64.69 1.0000 high
162.50 74.53 187.50 64.69 1.0000 high
152.50 71.72 200.00 67.50 1.0000 high
160.00 74.53 190.00 67.50 1.0000 high
160.00 73.12 202.50 67.50 1.0000 high
147.50 78.75 202.50 67.50 1.0000 high
155.00 81.56 190.00 67.50 1.0000 high
137.50 81.56 215.00 68.91 1.0000 high
145.00 85.78 190.00 68.91 1.0000 high
132.50 88.59 207.50 70.31 1.0000 high
150.00 90.00 205.00 68.91 1.0000 high
140.00 91.41 202.50 70.31 1.0000 high
152.50 101.25 195.00 68.91 1.0000 high
150.00 102.66 217.50 71.72 1.0000 high
150.00 106.88 197.50 70.31 1.0000 high
152.50 113.91 195.00 71.72 1.0000 high
142.50 120.94 212.50 70.31 1.0000 high
152.50 122.34 200.00 70.31 1.0000 high
137.50 119.53 210.00 71.72 1.0000 high
152.50 122.34 197.50 71.72 1.0000 high
140.00 123.75 230.00 73.12 1.0000 high
152.50 125.16 200.00 71.72 1.0000 high
145.00 120.94 215.00 74.53 1.0000 high
160.00 120.94 215.00 71.72 1.0000 high
147.50 116.72 220.00 74.53 1.0000 high
167.50 118.12 210.00 73.12 1.0000 high
157.50 118.12 220.00 73.12 1.0000 high
170.00 120.94 200.00 73.12 1.0000 high
152.50 120.94 240.00 74.53 1.0000 high
170.00 122.34 212.50 73.12 1.0000 high
152.50 122.34 237.50 74.53 1.0000 high
167.50 122.34 215.00 74.53 1.0000 high
147.50 122.34 225.00 75.94 1.0000 high
170.00 123.75 227.50 74.53 1.0000 high
160.00 115.31 220.00 77.34 1.0000 high
175.00 112.50 220.00 77.34 1.0000 high
160.00 109.69 237.50 78.75 1.0000 high
180.00 115.31 205.00 78.75 1.0000 high
165.00 112.50 235.00 81.56 1.0000 high
187.50 119.53 217.50 78.75 1.0000 high
182.50 119.53 230.00 81.56 1.0000 high
182.50 122.34 237.50 78.75 1.0000 high
200.00 123.75 225.00 81.56 1.0000 high
180.00 127.97 227.50 80.16 1.0000 high
197.50 133.59 232.50 80.16 1.0000 high
175.00 133.59 232.50 80.16 1.0000 high
197.50 132.19 227.50 80.16 1.0000 high
182.50 129.38 250.00 82.97 1.0000 high
200.00 132.19 230.00 81.56 1.0000 high
185.00 127.97 245.00 84.38 1.0000 high
212.50 130.78 227.50 81.56 1.0000 high
205.00 125.16 222.50 85.78 1.0000 high
220.00 127.97 242.50 82.97 1.0000 high
217.50 122.34 222.50 87.19 1.0000 high
230.00 122.34 237.50 82.97 1.0000 high
210.00 116.72 260.00 87.19 1.0000 high
247.50 113.91 235.00 87.19 1.0000 high
260.00 115.31 220.00 85.78 1.0000 high
250.00 109.69 225.00 91.41 1.0000 high
255.00 105.47 242.50 95.62 1.0000 high
282.50 108.28 222.50 95.62 1.0000 high
287.50 106.88 205.00 102.66 1.0000 high
290.00 109.69 230.00 102.66 1.0000 high
292.50 105.47 212.50 101.25 1.0000 high
295.00 95.62 237.50 94.22 1.0000 high
290.00 101.25 237.50 98.44 1.0000 high
295.00 91.41 230.00 105.47 1.0000 high
300.00 90.00 252.50 109.69 1.0000 high
297.50 99.84 247.50 104.06 1.0000 high
435.00 142.03 5.00 2.81 0.6353 high
287.50 92.81 257.50 98.44 1.0000 high
285.00 95.62 267.50 105.47 1.0000 high
277.50 97.03 265.00 105.47 1.0000 high
270.00 99.84 260.00 104.06 1.0000 high
265.00 94.22 265.00 111.09 1.0000 high
260.00 97.03 282.50 108.28 1.0000 high
255.00 99.84 275.00 106.88 1.0000 high
247.50 98.44 277.50 113.91 1.0000 high
242.50 102.66 282.50 109.69 1.0000 high
240.00 98.44 295.00 111.09 1.0000 high
245.00 91.41 285.00 115.31 1.0000 high
240.00 94.22 290.00 112.50 1.0000 high
235.00 91.41 305.00 113.91 1.0000 high
230.00 90.00 302.50 113.91 1.0000 high
227.50 85.78 297.50 118.12 1.0000 high
230.00 85.78 307.50 115.31 1.0000 high
232.50 84.38 307.50 118.12 1.0000 high
235.00 82.97 300.00 119.53 1.0000 high
242.50 81.56 300.00 119.53 1.0000 high
247.50 77.34 312.50 119.53 1.0000 high
257.50 75.94 302.50 119.53 1.0000 high
265.00 77.34 297.50 120.94 1.0000 high
272.50 74.53 302.50 120.94 1.0000 high
280.00 75.94 312.50 122.34 1.0000 high
292.50 74.53 295.00 125.16 1.0000 high
297.50 81.56 295.00 123.75 1.0000 high
300.00 82.97 300.00 122.34 1.0000 high
310.00 78.75 295.00 116.72 1.0000 high
322.50 80.16 285.00 125.16 1.0000 high
327.50 82.97 282.50 123.75 1.0000 high
327.50 81.56 300.00 119.53 1.0000 high
332.50 90.00 292.50 123.75 1.0000 high
345.00 94.22 277.50 112.50 1.0000 high
355.00 90.00 265.00 129.38 1.0000 high
362.50 92.81 272.50 112.50 1.0000 high
370.00 92.81 275.00 122.34 1.0000 high
380.00 88.59 247.50 126.56 1.0000 high
385.00 90.00 240.00 115.31 1.0000 high
392.50 91.41 262.50 109.69 1.0000 high
407.50 90.00 247.50 123.75 1.0000 high
395.00 91.41 255.00 108.28 1.0000 high
417.50 88.59 240.00 115.31 1.0000 high
405.00 88.59 265.00 111.09 1.0000 high
420.00 84.38 257.50 111.09 1.0000 high
412.50 82.97 275.00 104.06 1.0000 high
430.00 82.97 267.50 105.47 1.0000 high
432.50 74.53 275.00 109.69 1.0000 high
412.50 81.56 302.50 105.47 1.0000 high
452.50 82.97 265.00 97.03 1.0000 high
415.00 77.34 310.00 112.50 1.0000 high
440.00 74.53 297.50 119.53 1.0000 high
430.00 70.31 317.50 115.31 1.0000 high
447.50 67.50 305.00 101.25 1.0000 high
455.00 66.09 307.50 118.12 1.0000 high
460.00 56.25 320.00 126.56 1.0000 high
475.00 56.25 315.00 125.16 1.0000 high
472.50 63.28 327.50 118.12 1.0000 high
485.00 57.66 322.50 122.34 1.0000 high
475.00 61.88 337.50 118.12 1.0000 high
500.00 59.06 322.50 122.34 1.0000 high
492.50 61.88 337.50 116.72 1.0000 high
510.00 49.22 322.50 126.56 1.0000 high
497.50 54.84 342.50 120.94 1.0000 high
522.50 50.62 325.00 122.34 1.0000 high
522.50 47.81 332.50 116.72 1.0000 high
545.00 32.34 320.00 127.97 1.0000 high
552.50 28.12 320.00 125.16 1.0000 high
545.00 30.94 332.50 119.53 1.0000 high
557.50 23.91 320.00 123.75 1.0000 high
567.50 18.28 315.00 123.75 1.0000 high
572.50 18.28 315.00 123.75 1.0000 high
570.00 19.69 325.00 123.75 1.0000 high
735.00 74.53 2.50 2.81 0.8157 high
595.00 19.69 315.00 122.34 1.0000 high
605.00 18.28 305.00 129.38 1.0000 high
605.00 23.91 305.00 127.97 1.0000 high
610.00 22.50 302.50 130.78 1.0000 high
612.50 22.50 302.50 136.41 1.0000 high
612.50 30.94 300.00 132.19 1.0000 high
612.50 33.75 300.00 127.97 1.0000 high
615.00 22.50 302.50 133.59 1.0000 high
612.50 14.06 305.00 137.81 1.0000 high
610.00 32.34 307.50 118.12 1.0000 high
607.50 25.31 307.50 125.16 1.0000 high
607.50 26.72 307.50 120.94 1.0000 high
610.00 16.88 300.00 126.56 1.0000 high
610.00 16.88 297.50 123.75 1.0000 high
610.00 21.09 297.50 118.12 1.0000 high
615.00 19.69 297.50 122.34 1.0000 high
615.00 18.28 300.00 125.16 1.0000 high
610.00 26.72 300.00 118.12 1.0000 high
600.00 28.12 302.50 115.31 1.0000 high
592.50 21.09 310.00 122.34 1.0000 high
605.00 32.34 302.50 113.91 1.0000 high
610.00 29.53 297.50 120.94 1.0000 high
610.00 36.56 297.50 120.94 1.0000 high
612.50 26.72 295.00 132.19 1.0000 high
615.00 30.94 310.00 123.75 1.0000 high
777.50 81.56 2.50 1.41 0.6157 high
652.50 29.53 297.50 118.12 1.0000 high
645.00 23.91 295.00 118.12 1.0000 high
620.00 21.09 307.50 118.12 1.0000 high
602.50 29.53 302.50 111.09 1.0000 high
582.50 29.53 295.00 115.31 1.0000 high
570.00 19.69 295.00 126.56 1.0000 high
575.00 32.34 302.50 119.53 1.0000 high
605.00 39.38 292.50 113.91 1.0000 high
610.00 39.38 292.50 111.09 1.0000 high
605.00 30.94 297.50 115.31 1.0000 high
605.00 23.91 290.00 109.69 1.0000 high
575.00 19.69 300.00 111.09 1.0000 high
562.50 33.75 295.00 109.69 1.0000 high
710.00 91.41 2.50 1.41 0.5686 high
697.50 94.22 2.50 1.41 0.5451 high
697.50 105.47 2.50 1.41 0.7451 high
692.50 113.91 2.50 1.41 0.3020 low
688.44 122.46 1.00 1.00 0.0000 coast
683.58 130.83 1.00 1.00 0.0000 coast
560.00 77.34 290.00 105.47 1.0000 reinit
567.50 70.31 285.00 109.69 1.0000 high
567.50 71.72 287.50 92.81 1.0000 high
575.00 68.91 280.00 113.91 1.0000 high
557.50 74.53 290.00 111.09 1.0000 high
567.50 68.91 282.50 115.31 1.0000 high
697.50 120.94 7.50 8.44 0.9176 high
582.50 71.72 280.00 111.09 1.0000 high
577.50 81.56 285.00 111.09 1.0000 high
577.50 99.84 275.00 106.88 1.0000 high
565.00 99.84 275.00 111.09 1.0000 high
537.50 108.28 285.00 108.28 1.0000 high
535.00 118.12 272.50 105.47 1.0000 high
522.50 115.31 277.50 104.06 1.0000 high
525.00 101.25 272.50 104.06 1.0000 high
517.50 90.00 272.50 101.25 1.0000 high
512.50 71.72 272.50 102.66 1.0000 high
512.50 57.66 272.50 104.06 1.0000 high
512.50 45.00 270.00 109.69 1.0000 high
515.00 45.00 270.00 105.47 1.0000 high
505.00 49.22 282.50 102.66 1.0000 high
645.00 102.66 2.50 1.41 0.6745 high
492.50 63.28 272.50 94.22 1.0000 high
497.50 61.88 267.50 99.84 1.0000 high
625.00 113.91 5.00 1.41 0.7961 high
522.50 75.94 262.50 99.84 1.0000 high
520.00 78.75 272.50 95.62 1.0000 high
545.00 84.38 257.50 92.81 1.0000 high
552.50 91.41 255.00 88.59 1.0000 high
517.50 99.84 277.50 87.19 1.0000 high
610.00 97.03 175.00 71.72 1.0000 high
540.00 94.22 247.50 66.09 1.0000 high
532.50 81.56 267.50 82.97 1.0000 high
662.50 126.56 2.50 1.41 0.7451 high
677.50 135.00 5.00 2.81 0.7804 high
680.47 136.78 1.00 1.00 0.0000 coast
672.50 126.56 12.50 18.28 1.0000 high
679.09 127.43 1.00 17.83 0.0000 coast
677.50 119.53 20.00 15.47 1.0000 high
685.46 117.09 11.07 14.31 0.0000 coast
693.31 114.25 3.00 13.07 0.0000 coast
592.50 32.34 250.00 68.91 1.0000 reinit
615.00 16.88 160.00 70.31 1.0000 high
630.00 35.16 25.00 14.06 1.0000 high
647.50 18.28 10.00 7.03 1.0000 high
644.04 5.71 1.00 1.00 0.0000 coast
636.11 -9.88 1.00 1.00 0.0000 coast
582.50 205.31 45.00 40.78 1.0000 reinit
585.00 208.12 45.00 33.75 1.0000 high
600.00 210.94 37.50 28.12 1.0000 high
612.50 215.16 27.50 16.88 1.0000 high
619.10 217.00 23.93 12.62 0.0000 coast
627.61 219.46 18.67 6.67 0.0000 coast
652.50 158.91 65.00 23.91 1.0000 reinit
677.50 175.78 35.00 33.75 1.0000 high
692.50 168.75 32.50 32.34 1.0000 high
692.50 174.38 35.00 29.53 1.0000 high
700.92 175.50 31.12 29.45 0.0000 coast
707.68 177.48 28.70 28.71 0.0000 coast
727.50 180.00 5.00 2.81 0.8000 high
735.48 180.37 1.00 1.00 0.0000 coast
741.57 179.31 1.00 1.00 0.0000 coast
742.50 181.41 12.50 7.03 1.0000 high
751.05 184.19 7.84 2.01 0.0000 coast
759.53 185.05 3.32 1.00 0.0000 coast
525.00 135.00 60.00 45.00 1.0000 reinit
545.00 135.00 37.50 23.91 0.9922 high
546.49 135.00 35.83 22.34 0.0000 coast
577.50 135.00 22.50 14.06 0.9843 high
590.09 135.00 15.12 8.47 0.0000 coast
603.60 135.00 7.44 2.75 0.0000 coast
167.50 129.38 55.00 30.94 1.0000 reinit
195.00 140.62 12.50 7.03 0.9961 high
197.05 141.46 9.34 5.25 0.0000 coast
202.51 143.44 1.00 1.00 0.0000 coast
210.00 157.50 37.50 25.31 1.0000 reinit
217.50 156.09 47.50 32.34 1.0000 high
218.06 155.99 48.24 32.87 0.0000 coast
227.50 164.53 37.50 29.53 1.0000 high
229.68 164.95 38.54 30.60 0.0000 coast
233.08 166.73 37.60 30.93 0.0000 coast
1037.50 185.62 35.00 26.72 1.0000 reinit
1037.50 185.62 35.00 26.72 0.0000 coast
1037.50 185.62 35.00 26.72 0.0000 coast
1062.50 199.69 22.50 14.06 1.0000 high
1060.00 192.66 27.50 21.09 1.0000 high
1064.20 194.05 26.04 19.96 0.0000 coast
1067.56 194.29 25.46 19.95 0.0000 coast
1087.50 158.91 32.50 22.50 1.0000 reinit
1087.50 158.91 32.50 22.50 0.0000 coast
1087.50 158.91 32.50 22.50 0.0000 coast
362.50 98.44 62.50 42.19 1.0000 reinit
387.50 120.94 35.00 25.31 1.0000 high
397.50 122.34 12.50 9.84 1.0000 high
400.00 119.53 2.50 2.81 0.6078 high
399.68 116.06 1.00 1.00 0.0000 coast
398.56 111.59 1.00 1.00 0.0000 coast
65.00 170.16 47.50 23.91 1.0000 reinit
65.00 170.16 47.50 23.91 0.0000 coast
65.00 170.16 47.50 23.91 0.0000 coast
97.50 167.34 40.00 22.50 1.0000 high
102.98 166.87 38.74 22.26 0.0000 coast
109.93 166.27 37.13 21.96 0.0000 coast
132.50 136.41 120.00 53.44 1.0000 reinit
152.50 115.31 117.50 68.91 1.0000 high
167.50 111.09 110.00 70.31 1.0000 high
175.00 115.31 105.00 66.09 1.0000 high
182.50 113.91 105.00 67.50 1.0000 high
177.50 130.78 105.00 54.84 1.0000 high
187.50 125.16 120.00 66.09 1.0000 high
197.50 123.75 112.50 64.69 1.0000 high
210.00 123.75 105.00 66.09 1.0000 high
220.00 140.62 110.00 56.25 1.0000 high
227.50 135.00 97.50 66.09 1.0000 high
237.50 139.22 107.50 67.50 1.0000 high
242.50 139.22 107.50 64.69 1.0000 high
245.00 135.00 90.00 67.50 1.0000 high
240.00 139.22 97.50 67.50 1.0000 high
247.50 143.44 105.00 66.09 1.0000 high
250.00 146.25 102.50 63.28 1.0000 high
262.50 139.22 82.50 63.28 1.0000 high
262.50 136.41 90.00 67.50 1.0000 high
265.00 143.44 107.50 61.88 1.0000 high
260.00 154.69 110.00 54.84 1.0000 high
257.50 151.88 105.00 63.28 1.0000 high
280.00 156.09 107.50 61.88 1.0000 high
292.50 153.28 100.00 60.47 1.0000 high
292.50 153.28 97.50 56.25 1.0000 high
297.50 142.03 97.50 68.91 1.0000 high
307.50 150.47 107.50 61.88 1.0000 high
307.50 156.09 107.50 56.25 1.0000 high
307.50 161.72 110.00 56.25 1.0000 high
312.50 154.69 105.00 63.28 1.0000 high
300.00 156.09 115.00 61.88 1.0000 high
315.00 157.50 107.50 60.47 1.0000 high
322.50 154.69 110.00 63.28 1.0000 high
317.50 151.88 117.50 67.50 1.0000 high
325.00 153.28 105.00 67.50 1.0000 high
327.50 154.69 90.00 68.91 1.0000 high
330.00 154.69 97.50 66.09 1.0000 high
340.00 164.53 107.50 54.84 1.0000 high
355.00 154.69 107.50 63.28 1.0000 high
362.50 151.88 105.00 63.28 1.0000 high
362.50 160.31 105.00 54.84 1.0000 high
367.50 149.06 107.50 63.28 1.0000 high
372.50 147.66 110.00 63.28 1.0000 high
385.00 151.88 100.00 64.69 1.0000 high
392.50 158.91 95.00 57.66 1.0000 high
402.50 151.88 112.50 66.09 1.0000 high
410.00 153.28 107.50 67.50 1.0000 high
450.00 180.00 37.50 15.47 1.0000 high
422.50 180.00 92.50 52.03 1.0000 high
435.00 188.44 80.00 52.03 1.0000 high
442.50 181.41 90.00 64.69 1.0000 high
447.91 186.68 87.83 61.55 0.0000 coast
452.50 185.62 90.00 63.28 1.0000 high
458.89 188.85 90.18 64.70 0.0000 coast
465.00 222.19 57.50 42.19 1.0000 high
482.50 237.66 35.00 22.50 1.0000 high
487.15 240.50 36.18 24.97 0.0000 coast
494.42 247.29 31.04 21.85 0.0000 coast
625.00 40.78 145.00 64.69 1.0000 reinit
625.00 43.59 150.00 66.09 1.0000 high
632.50 46.41 145.00 66.09 1.0000 high
632.50 49.22 150.00 66.09 1.0000 high
637.50 53.44 147.50 66.09 1.0000 high
637.50 56.25 147.50 64.69 1.0000 high
635.00 64.69 145.00 64.69 1.0000 high
630.00 75.94 145.00 64.69 1.0000 high
627.50 78.75 147.50 63.28 1.0000 high
632.50 78.75 145.00 63.28 1.0000 high
627.50 80.16 147.50 63.28 1.0000 high
627.50 81.56 145.00 64.69 1.0000 high
627.50 82.97 145.00 61.88 1.0000 high
617.50 84.38 147.50 63.28 1.0000 high
615.00 85.78 145.00 60.47 1.0000 high
610.00 87.19 147.50 60.47 1.0000 high
617.50 90.00 142.50 60.47 1.0000 high
615.00 95.62 142.50 61.88 1.0000 high
607.50 102.66 142.50 61.88 1.0000 high
602.50 106.88 142.50 61.88 1.0000 high
595.00 113.91 150.00 60.47 1.0000 high
600.00 113.91 142.50 60.47 1.0000 high
592.50 113.91 142.50 60.47 1.0000 high
587.50 116.72 142.50 60.47 1.0000 high
587.50 123.75 142.50 60.47 1.0000 high
580.00 125.16 145.00 59.06 1.0000 high
577.50 126.56 142.50 57.66 1.0000 high
570.00 130.78 147.50 57.66 1.0000 high
577.50 127.97 140.00 57.66 1.0000 high
575.00 126.56 137.50 57.66 1.0000 high
565.00 127.97 142.50 57.66 1.0000 high
565.00 127.97 140.00 57.66 1.0000 high
560.00 125.16 142.50 57.66 1.0000 high
562.50 125.16 137.50 59.06 1.0000 high
555.00 126.56 140.00 59.06 1.0000 high
557.50 125.16 137.50 57.66 1.0000 high
555.00 125.16 137.50 57.66 1.0000 high
555.00 125.16 140.00 57.66 1.0000 high
555.00 122.34 135.00 56.25 1.0000 high
547.50 118.12 140.00 57.66 1.0000 high
547.50 118.12 135.00 57.66 1.0000 high
537.50 119.53 137.50 56.25 1.0000 high
537.50 115.31 135.00 56.25 1.0000 high
535.00 111.09 137.50 56.25 1.0000 high
537.50 112.50 135.00 54.84 1.0000 high
530.00 112.50 140.00 56.25 1.0000 high
535.00 111.09 135.00 57.66 1.0000 high
525.00 113.91 140.00 56.25 1.0000 high
527.50 119.53 132.50 56.25 1.0000 high
520.00 122.34 135.00 54.84 1.0000 high
520.00 120.94 132.50 54.84 1.0000 high
515.00 118.12 135.00 54.84 1.0000 high
517.50 115.31 132.50 57.66 1.0000 high
507.50 119.53 137.50 54.84 1.0000 high
510.00 118.12 130.00 54.84 1.0000 high
507.50 118.12 135.00 54.84 1.0000 high
515.00 116.72 130.00 53.44 1.0000 high
507.50 118.12 132.50 54.84 1.0000 high
495.00 119.53 135.00 54.84 1.0000 high
497.50 120.94 130.00 53.44 1.0000 high
490.00 120.94 135.00 52.03 1.0000 high
497.50 120.94 127.50 52.03 1.0000 high
492.50 122.34 132.50 52.03 1.0000 high
490.00 122.34 132.50 53.44 1.0000 high
495.00 122.34 127.50 53.44 1.0000 high
487.50 123.75 132.50 53.44 1.0000 high
490.00 127.97 130.00 50.62 1.0000 high
487.50 129.38 127.50 50.62 1.0000 high
482.50 129.38 132.50 49.22 1.0000 high
487.50 127.97 127.50 52.03 1.0000 high
487.50 127.97 130.00 50.62 1.0000 high
492.50 125.16 125.00 52.03 1.0000 high
490.00 126.56 127.50 50.62 1.0000 high
487.50 129.38 130.00 49.22 1.0000 high
492.50 129.38 125.00 47.81 1.0000 high
485.00 130.78 130.00 47.81 1.0000 high
487.50 133.59 125.00 49.22 1.0000 high
482.50 132.19 127.50 49.22 1.0000 high
490.00 130.78 125.00 49.22 1.0000 high
490.00 133.59 127.50 52.03 1.0000 high
487.50 137.81 127.50 50.62 1.0000 high
487.50 139.22 125.00 50.62 1.0000 high
482.50 142.03 130.00 49.22 1.0000 high
490.00 143.44 122.50 49.22 1.0000 high
490.00 146.25 122.50 49.22 1.0000 high
485.00 150.47 127.50 49.22 1.0000 high
490.00 151.88 120.00 49.22 1.0000 high
485.00 154.69 127.50 50.62 1.0000 high
485.00 160.31 125.00 49.22 1.0000 high
485.00 161.72 120.00 50.62 1.0000 high
485.00 161.72 125.00 50.62 1.0000 high
492.50 161.72 122.50 49.22 1.0000 high
490.00 163.12 120.00 49.22 1.0000 high
485.00 164.53 125.00 47.81 1.0000 high
487.50 167.34 120.00 47.81 1.0000 high
482.50 170.16 125.00 46.41 1.0000 high
487.50 168.75 120.00 47.81 1.0000 high
487.50 167.34 122.50 47.81 1.0000 high
495.00 168.75 117.50 47.81 1.0000 high
490.00 171.56 122.50 47.81 1.0000 high
495.00 174.38 120.00 46.41 1.0000 high
497.50 177.19 122.50 43.59 1.0000 high
510.00 177.19 117.50 45.00 1.0000 high
507.50 177.19 122.50 45.00 1.0000 high
515.00 175.78 117.50 43.59 1.0000 high
517.50 177.19 120.00 42.19 1.0000 high
522.50 175.78 115.00 43.59 1.0000 high
517.50 172.97 122.50 43.59 1.0000 high
530.00 167.34 115.00 42.19 1.0000 high
535.00 157.50 117.50 43.59 1.0000 high
542.50 151.88 115.00 43.59 1.0000 high
540.00 149.06 117.50 43.59 1.0000 high
540.00 149.06 117.50 42.19 1.0000 high
547.50 146.25 115.00 42.19 1.0000 high
547.50 140.62 120.00 43.59 1.0000 high
555.00 136.41 115.00 45.00 1.0000 high
560.00 136.41 112.50 45.00 1.0000 high
557.50 136.41 117.50 45.00 1.0000 high
562.50 137.81 112.50 45.00 1.0000 high
565.00 136.41 115.00 45.00 1.0000 high
567.50 133.59 112.50 43.59 1.0000 high
567.50 129.38 112.50 42.19 1.0000 high
562.50 120.94 115.00 43.59 1.0000 high
565.00 113.91 110.00 45.00 1.0000 high
555.00 112.50 115.00 42.19 1.0000 high
557.50 112.50 112.50 40.78 1.0000 high
555.00 111.09 115.00 40.78 1.0000 high
575.00 109.69 112.50 39.38 1.0000 high
597.50 104.06 112.50 39.38 1.0000 high
615.00 94.22 110.00 40.78 1.0000 high
622.50 91.41 112.50 39.38 1.0000 high
632.50 85.78 112.50 39.38 1.0000 high
645.00 78.75 115.00 39.38 1.0000 high
662.50 73.12 112.50 39.38 1.0000 high
685.00 68.91 110.00 39.38 1.0000 high
692.50 67.50 115.00 40.78 1.0000 high
702.50 68.91 110.00 42.19 1.0000 high
705.00 73.12 115.00 40.78 1.0000 high
722.50 73.12 110.00 40.78 1.0000 high
732.50 71.72 115.00 39.38 1.0000 high
747.50 71.72 112.50 40.78 1.0000 high
755.00 74.53 115.00 37.97 1.0000 high
765.00 77.34 110.00 42.19 1.0000 high
767.50 82.97 110.00 40.78 1.0000 high
777.50 84.38 110.00 37.97 1.0000 high
792.50 82.97 110.00 37.97 1.0000 high
810.00 81.56 107.50 37.97 1.0000 high
812.50 84.38 112.50 36.56 1.0000 high
817.50 84.38 110.00 37.97 1.0000 high
817.50 82.97 110.00 28.12 1.0000 high
872.50 92.81 7.50 5.62 0.9804 high
870.18 90.34 34.43 11.23 0.0000 coast
910.00 78.75 5.00 4.22 0.9686 high
922.89 77.31 1.00 1.00 0.0000 coast
934.32 73.80 1.00 1.00 0.0000 coast
782.50 49.22 100.00 18.28 1.0000 reinit
797.50 42.19 10.00 8.44 0.9961 high
798.62 41.66 3.31 7.71 0.0000 coast
793.57 40.21 1.00 5.67 0.0000 coast
620.00 85.78 162.50 80.16 1.0000 reinit
720.00 119.53 5.00 1.41 0.6039 high
720.00 119.53 2.50 1.41 0.5765 high
723.53 118.81 1.00 1.00 0.0000 coast
702.50 135.00 2.50 1.41 0.5725 high
694.62 142.85 1.00 1.00 0.0000 coast
685.95 150.52 1.00 1.00 0.0000 coast
197.50 118.12 107.50 49.22 1.0000 reinit
197.50 118.12 107.50 49.22 1.0000 high
277.50 147.66 5.00 1.41 0.8118 high
282.43 148.43 1.00 1.00 0.0000 coast
291.69 150.24 1.00 1.00 0.0000 coast
157.50 101.25 137.50 52.03 1.0000 reinit
120.00 85.78 175.00 68.91 1.0000 high
180.00 112.50 67.50 30.94 0.9843 high
180.00 112.50 70.00 30.94 0.9882 high
197.50 120.94 25.00 14.06 0.9765 high
208.00 127.44 1.00 2.87 0.0000 coast
206.11 129.18 1.00 1.00 0.0000 coast
105.00 25.31 267.50 111.09 1.0000 reinit
200.00 54.84 40.00 16.88 0.9843 high
200.00 54.84 40.00 16.88 0.9843 high
215.69 59.72 2.42 1.31 0.0000 coast
162.50 47.81 15.00 8.44 0.6980 high
145.00 45.97 1.00 1.00 0.0000 coast
120.49 40.41 1.00 1.00 0.0000 coast
237.50 73.12 107.50 56.25 0.9961 reinit
237.50 73.12 107.50 56.25 0.9961 high
272.50 75.94 70.00 43.59 0.9961 high
292.50 90.00 20.00 12.66 0.8863 high
292.50 90.00 20.00 12.66 0.8941 high
303.02 93.75 1.00 3.51 0.0000 coast
310.00 97.03 5.00 4.22 0.8078 high
316.54 99.80 1.00 1.00 0.0000 coast
321.16 101.00 1.00 1.00 0.0000 coast
260.00 35.16 212.50 75.94 1.0000 reinit
347.50 50.62 10.00 8.44 0.8588 high
347.50 49.22 10.00 9.84 0.8627 high
349.74 50.24 1.00 1.00 0.0000 coast
355.00 60.47 5.00 2.81 0.5686 high
359.47 65.20 1.00 1.00 0.0000 coast
361.95 69.03 1.00 1.00 0.0000 coast
417.50 123.75 20.00 16.88 1.0000 reinit
417.50 123.75 20.00 15.47 1.0000 high
417.50 123.75 20.00 15.36 0.0000 coast
417.50 123.75 20.00 15.07 0.0000 coast
175.00 36.56 90.00 46.41 0.9922 reinit
175.00 36.56 90.00 46.41 0.0000 coast
175.00 36.56 90.00 46.41 0.0000 coast
217.50 150.47 10.00 12.66 0.9961 reinit
217.50 150.47 10.00 12.66 0.0000 coast
217.50 150.47 10.00 12.66 0.0000 coast
187.50 189.84 2.50 1.41 0.5176 reinit
187.50 189.84 2.50 1.41 0.0000 coast
187.50 189.84 2.50 1.41 0.0000 coast
697.50 108.28 37.50 32.34 1.0000 reinit
695.00 115.31 45.00 36.56 1.0000 high
702.50 126.56 7.50 7.03 0.8627 high
701.96 127.99 9.15 7.98 0.0000 coast
703.22 132.23 1.00 1.00 0.0000 coast
680.00 137.81 5.00 2.81 0.3882 low
674.49 140.93 1.00 1.00 0.0000 coast
666.92 143.17 1.00 1.00 0.0000 coast
647.50 137.81 60.00 59.06 1.0000 reinit
672.50 150.47 2.50 2.81 0.3412 low
672.97 150.22 1.00 1.00 0.0000 coast
672.20 147.03 1.00 1.00 0.0000 coast
835.00 172.97 60.00 28.12 1.0000 reinit
850.00 192.66 27.50 8.44 1.0000 high
851.12 194.12 25.08 6.97 0.0000 coast
854.21 198.19 18.37 2.91 0.0000 coast
445.00 241.88 180.00 71.72 1.0000 reinit
445.00 241.88 180.00 71.72 0.0000 coast
462.50 300.94 2.50 1.41 0.5216 high
452.50 286.88 47.50 35.16 1.0000 high
457.00 292.15 27.82 34.92 0.0000 coast
461.51 297.41 8.18 34.72 0.0000 coast
1097.50 230.62 57.50 57.66 1.0000 reinit
1082.50 217.97 82.50 67.50 1.0000 high
1100.00 236.25 37.50 40.78 1.0000 high
1094.98 231.65 47.51 45.65 0.0000 coast
1100.00 227.81 40.00 45.00 1.0000 high
1101.85 228.37 34.28 41.61 0.0000 coast
1103.93 228.60 28.42 38.42 0.0000 coast
1075.00 206.72 67.50 60.47 1.0000 high
1075.00 208.12 87.50 68.91 1.0000 high
1085.00 219.38 55.00 45.00 1.0000 high
1107.50 232.03 22.50 40.78 1.0000 high
1096.17 223.19 37.55 45.70 0.0000 coast
1095.16 221.70 37.29 45.85 0.0000 coast
720.00 216.56 127.50 98.44 1.0000 reinit
732.50 217.97 147.50 97.03 1.0000 high
805.00 265.78 15.00 14.06 1.0000 high
808.91 266.96 16.64 12.23 0.0000 coast
762.50 220.78 125.00 71.72 1.0000 high
842.50 261.56 2.50 1.41 0.5020 high
842.50 239.06 17.50 19.69 0.9843 high
850.00 237.66 2.50 1.41 0.6941 high
857.15 231.50 1.00 1.00 0.0000 coast
863.21 224.79 1.00 1.00 0.0000 coast
765.00 230.62 110.00 78.75 1.0000 reinit
780.00 234.84 115.00 57.66 1.0000 high
835.00 240.47 55.00 28.12 1.0000 high
850.00 243.28 47.50 29.53 1.0000 high
857.50 246.09 47.50 21.09 1.0000 high
874.61 249.14 35.64 11.98 0.0000 coast
890.72 252.17 25.06 3.00 0.0000 coast
490.00 212.34 92.50 30.94 1.0000 reinit
495.00 209.53 87.50 29.53 1.0000 high
492.50 209.53 90.00 30.94 1.0000 high
492.50 210.94 87.50 32.34 1.0000 high
492.50 206.72 87.50 23.91 1.0000 high
492.50 202.50 87.50 22.50 1.0000 high
492.50 198.28 87.50 37.97 1.0000 high
487.50 194.06 87.50 23.91 1.0000 high
482.50 196.88 87.50 28.12 1.0000 high
475.00 198.28 57.50 16.88 1.0000 high
475.00 199.69 85.00 19.69 1.0000 high
477.50 201.09 90.00 23.91 1.0000 high
482.50 203.91 87.50 22.50 1.0000 high
477.50 208.12 87.50 29.53 1.0000 high
477.50 208.12 87.50 28.12 1.0000 high
485.00 201.09 82.50 23.91 1.0000 high
485.00 196.88 87.50 26.72 1.0000 high
487.50 192.66 85.00 28.12 1.0000 high
487.50 191.25 85.00 28.12 1.0000 high
487.50 192.66 87.50 30.94 1.0000 high
485.00 202.50 87.50 26.72 1.0000 high
482.50 209.53 87.50 28.12 1.0000 high
490.00 203.91 85.00 30.94 1.0000 high
500.00 202.50 85.00 29.53 1.0000 high
502.50 199.69 82.50 28.12 1.0000 high
497.50 191.25 85.00 29.53 1.0000 high
500.00 180.00 82.50 29.53 1.0000 high
497.50 170.16 87.50 30.94 1.0000 high
502.50 165.94 85.00 30.94 1.0000 high
505.00 163.12 85.00 30.94 1.0000 high
497.50 158.91 92.50 32.34 1.0000 high
497.50 158.91 82.50 29.53 1.0000 high
497.50 158.91 85.00 30.94 1.0000 high
505.00 158.91 85.00 29.53 1.0000 high
512.50 156.09 85.00 30.94 1.0000 high
512.50 157.50 87.50 32.34 1.0000 high
507.50 161.72 87.50 32.34 1.0000 high
507.50 164.53 85.00 30.94 1.0000 high
515.00 164.53 82.50 32.34 1.0000 high
517.50 164.53 87.50 33.75 1.0000 high
522.50 168.75 87.50 33.75 1.0000 high
522.50 171.56 85.00 35.16 1.0000 high
525.00 168.75 85.00 35.16 1.0000 high
527.50 165.94 87.50 37.97 1.0000 high
530.00 161.72 87.50 35.16 1.0000 high
530.00 153.28 85.00 36.56 1.0000 high
527.50 151.88 87.50 35.16 1.0000 high
525.00 153.28 87.50 33.75 1.0000 high
522.50 151.88 85.00 33.75 1.0000 high
525.00 153.28 90.00 36.56 1.0000 high
532.50 153.28 85.00 36.56 1.0000 high
527.50 157.50 85.00 33.75 1.0000 high
520.00 158.91 90.00 37.97 1.0000 high
520.00 163.12 85.00 35.16 1.0000 high
515.00 157.50 90.00 35.16 1.0000 high
522.50 151.88 85.00 33.75 1.0000 high
525.00 153.28 85.00 33.75 1.0000 high
515.00 153.28 90.00 35.16 1.0000 high
517.50 157.50 90.00 35.16 1.0000 high
517.50 158.91 90.00 36.56 1.0000 high
522.50 161.72 85.00 37.97 1.0000 high
525.00 172.97 85.00 35.16 1.0000 high
520.00 177.19 90.00 39.38 1.0000 high
532.50 181.41 87.50 36.56 1.0000 high
542.50 199.69 87.50 36.56 1.0000 high
540.00 215.16 87.50 36.56 1.0000 high
545.00 232.03 85.00 33.75 1.0000 high
545.93 231.84 85.74 34.66 0.0000 coast
547.96 237.86 85.60 34.54 0.0000 coast
517.50 343.12 85.00 35.16 1.0000 reinit
510.00 360.00 90.00 32.34 1.0000 high
492.50 378.28 85.00 32.34 1.0000 high
489.77 382.95 85.66 31.78 0.0000 coast
447.50 400.78 87.50 32.34 1.0000 high
436.59 410.56 87.18 31.95 0.0000 coast
421.55 421.39 87.14 31.69 0.0000 coast
447.50 336.09 90.00 33.75 1.0000 reinit
470.00 340.31 95.00 33.75 1.0000 high
482.50 354.38 87.50 36.56 1.0000 high
472.50 360.00 85.00 33.75 1.0000 high
479.71 365.28 83.47 34.47 0.0000 coast
517.50 368.44 2.50 1.41 0.5451 high
520.53 373.27 1.00 1.00 0.0000 coast
522.13 375.43 1.00 1.00 0.0000 coast
510.00 188.44 87.50 36.56 1.0000 reinit
510.00 188.44 87.50 36.56 0.0000 coast
510.00 188.44 87.50 36.56 0.0000 coast
515.00 226.41 87.50 35.16 1.0000 high
497.50 219.38 90.00 33.75 1.0000 high
487.50 210.94 90.00 33.75 1.0000 high
486.13 218.20 90.50 33.18 0.0000 coast
481.37 220.55 91.03 32.69 0.0000 coast
445.00 160.31 87.50 35.16 1.0000 reinit
440.00 168.75 90.00 35.16 1.0000 high
445.00 181.41 92.50 35.16 1.0000 high
447.50 181.41 87.50 35.16 1.0000 high
447.50 199.69 92.50 33.75 1.0000 high
455.00 206.72 87.50 33.75 1.0000 high
462.50 189.84 87.50 33.75 1.0000 high
477.50 188.44 90.00 36.56 1.0000 high
487.50 203.91 92.50 36.56 1.0000 high
497.50 206.72 87.50 33.75 1.0000 high
500.00 194.06 92.50 35.16 1.0000 high
507.50 199.69 90.00 33.75 1.0000 high
512.50 205.31 95.00 35.16 1.0000 high
527.50 199.69 90.00 35.16 1.0000 high
530.00 199.69 92.50 35.16 1.0000 high
527.50 199.69 95.00 35.16 1.0000 high
532.50 202.50 92.50 35.16 1.0000 high
542.50 189.84 90.00 35.16 1.0000 high
545.00 178.59 90.00 33.75 1.0000 high
545.00 178.59 90.00 33.75 1.0000 high
552.50 178.99 90.03 33.77 0.0000 coast
557.78 177.82 89.95 33.65 0.0000 coast
502.50 102.66 130.00 50.62 1.0000 reinit
510.00 97.03 125.00 47.81 1.0000 high
510.00 97.03 125.00 47.81 1.0000 high
495.00 81.56 142.50 56.25 1.0000 high
497.50 81.56 137.50 52.03 1.0000 high
497.50 81.56 137.50 52.03 1.0000 high
485.00 70.31 147.50 56.25 1.0000 high
477.50 73.12 147.50 49.22 1.0000 high
472.50 73.12 147.50 59.06 1.0000 high
470.00 95.62 152.50 54.84 1.0000 high
475.00 105.47 147.50 56.25 1.0000 high
480.00 106.88 147.50 56.25 1.0000 high
482.50 112.50 147.50 57.66 1.0000 high
465.00 129.38 155.00 56.25 1.0000 high
475.00 146.25 145.00 57.66 1.0000 high
482.50 150.47 147.50 56.25 1.0000 high
482.50 175.78 150.00 56.25 1.0000 high
487.50 181.41 147.50 54.84 1.0000 high
487.50 174.38 150.00 56.25 1.0000 high
485.00 174.38 147.50 54.84 1.0000 high
485.00 157.50 147.50 53.44 1.0000 high
487.50 143.44 145.00 56.25 1.0000 high
487.50 150.47 152.50 54.84 1.0000 high
497.50 146.25 147.50 56.25 1.0000 high
492.50 133.59 152.50 54.84 1.0000 high
505.00 139.22 147.50 56.25 1.0000 high
517.50 133.59 152.50 54.84 1.0000 high
525.00 129.38 147.50 53.44 1.0000 high
512.50 132.19 157.50 56.25 1.0000 high
520.00 133.59 150.00 56.25 1.0000 high
522.50 129.38 150.00 52.03 1.0000 high
532.50 116.72 152.50 56.25 1.0000 high
527.50 115.31 152.50 54.84 1.0000 high
525.00 115.31 147.50 54.84 1.0000 high
517.50 108.28 150.00 53.44 1.0000 high
520.00 109.69 147.50 53.44 1.0000 high
507.50 109.69 157.50 54.84 1.0000 high
517.50 101.25 150.00 56.25 1.0000 high
522.50 102.66 152.50 56.25 1.0000 high
527.50 102.66 147.50 56.25 1.0000 high
512.50 104.06 155.00 52.03 1.0000 high
527.50 104.06 140.00 40.78 1.0000 high
530.00 101.25 140.00 52.03 1.0000 high
512.50 97.03 150.00 53.44 1.0000 high
500.00 102.66 157.50 57.66 1.0000 high
512.50 99.84 147.50 53.44 1.0000 high
517.50 92.81 150.00 52.03 1.0000 high
512.50 91.41 150.00 52.03 1.0000 high
507.50 88.59 152.50 54.84 1.0000 high
500.00 95.62 152.50 53.44 1.0000 high
495.00 99.84 155.00 52.03 1.0000 high
500.00 87.19 150.00 54.84 1.0000 high
495.00 90.00 157.50 54.84 1.0000 high
507.50 99.84 147.50 53.44 1.0000 high
502.50 97.03 162.50 53.44 1.0000 high
502.50 97.03 162.50 53.44 1.0000 high
497.50 106.88 157.50 53.44 1.0000 high
510.00 104.06 150.00 53.44 1.0000 high
507.50 106.88 157.50 54.84 1.0000 high
517.50 109.69 155.00 53.44 1.0000 high
502.50 112.50 157.50 53.44 1.0000 high
507.50 111.09 155.00 53.44 1.0000 high
497.50 116.72 157.50 53.44 1.0000 high
505.00 120.94 150.00 53.44 1.0000 high
502.50 120.94 152.50 53.44 1.0000 high
505.00 123.75 150.00 53.44 1.0000 high
497.50 126.56 162.50 54.84 1.0000 high
502.50 127.97 150.00 53.44 1.0000 high
500.00 125.16 152.50 53.44 1.0000 high
497.50 120.94 152.50 54.84 1.0000 high
487.50 126.56 157.50 53.44 1.0000 high
495.00 125.16 157.50 53.44 1.0000 high
487.50 125.16 152.50 54.84 1.0000 high
485.00 129.38 152.50 52.03 1.0000 high
485.00 123.75 155.00 53.44 1.0000 high
490.00 122.34 152.50 53.44 1.0000 high
487.50 122.34 165.00 53.44 1.0000 high
495.00 129.38 152.50 53.44 1.0000 high
492.50 129.38 157.50 53.44 1.0000 high
487.50 123.75 152.50 53.44 1.0000 high
472.50 130.78 162.50 50.62 1.0000 high
475.00 129.38 152.50 52.03 1.0000 high
462.50 126.56 165.00 52.03 1.0000 high
480.00 125.16 152.50 53.44 1.0000 high
480.00 125.16 160.00 53.44 1.0000 high
485.00 127.97 152.50 52.03 1.0000 high
467.50 125.16 162.50 53.44 1.0000 high
472.50 122.34 160.00 52.03 1.0000 high
467.50 119.53 162.50 52.03 1.0000 high
482.50 113.91 152.50 53.44 1.0000 high
475.00 119.53 162.50 52.03 1.0000 high
477.50 120.94 152.50 52.03 1.0000 high
472.50 123.75 157.50 50.62 1.0000 high
477.50 123.75 155.00 52.03 1.0000 high
480.00 122.34 152.50 52.03 1.0000 high
480.00 122.34 155.00 50.62 1.0000 high
480.00 116.72 152.50 53.44 1.0000 high
482.50 115.31 157.50 52.03 1.0000 high
482.50 115.31 155.00 52.03 1.0000 high
480.00 119.53 155.00 52.03 1.0000 high
482.50 120.94 152.50 52.03 1.0000 high
482.50 118.12 155.00 50.62 1.0000 high
485.00 116.72 155.00 52.03 1.0000 high
495.00 109.69 155.00 53.44 1.0000 high
495.00 105.47 157.50 53.44 1.0000 high
492.50 106.88 160.00 53.44 1.0000 high
487.50 112.50 155.00 53.44 1.0000 high
487.50 111.09 152.50 53.44 1.0000 high
495.00 111.09 155.00 52.03 1.0000 high
497.50 109.69 155.00 53.44 1.0000 high
497.50 111.09 157.50 53.44 1.0000 high
492.50 118.12 157.50 52.03 1.0000 high
492.50 119.53 157.50 53.44 1.0000 high
487.50 118.12 157.50 52.03 1.0000 high
487.50 118.12 155.00 52.03 1.0000 high
492.50 113.91 162.50 52.03 1.0000 high
497.50 111.09 157.50 53.44 1.0000 high
497.50 111.09 157.50 53.44 1.0000 high
495.00 109.69 157.50 54.84 1.0000 high
500.00 108.28 155.00 57.66 1.0000 high
500.00 105.47 160.00 57.66 1.0000 high
505.00 102.66 155.00 54.84 1.0000 high
580.00 137.81 2.50 1.41 0.5373 high
517.50 101.25 157.50 59.06 1.0000 high
515.00 101.25 157.50 57.66 1.0000 high
510.00 99.84 162.50 57.66 1.0000 high
517.50 98.44 157.50 57.66 1.0000 high
522.50 101.25 167.50 59.06 1.0000 high
525.00 98.44 157.50 57.66 1.0000 high
522.50 97.03 160.00 57.66 1.0000 high
517.50 104.06 160.00 59.06 1.0000 high
517.50 108.28 157.50 57.66 1.0000 high
515.00 105.47 165.00 59.06 1.0000 high
510.00 112.50 157.50 59.06 1.0000 high
507.50 112.50 160.00 59.06 1.0000 high
505.00 108.28 162.50 59.06 1.0000 high
497.50 115.31 157.50 59.06 1.0000 high
487.50 123.75 170.00 57.66 1.0000 high
482.50 123.75 160.00 57.66 1.0000 high
480.00 125.16 160.00 57.66 1.0000 high
480.00 125.16 162.50 59.06 1.0000 high
487.50 123.75 160.00 57.66 1.0000 high
485.00 120.94 167.50 57.66 1.0000 high
480.00 125.16 162.50 59.06 1.0000 high
472.50 129.38 162.50 57.66 1.0000 high
472.50 123.75 160.00 57.66 1.0000 high
482.50 122.34 160.00 57.66 1.0000 high
492.50 116.72 162.50 57.66 1.0000 high
497.50 109.69 160.00 60.47 1.0000 high
492.50 112.50 170.00 59.06 1.0000 high
495.00 112.50 162.50 57.66 1.0000 high
500.00 109.69 170.00 56.25 1.0000 high
505.00 111.09 162.50 59.06 1.0000 high
505.00 108.28 162.50 57.66 1.0000 high
510.00 105.47 167.50 57.66 1.0000 high
510.00 101.25 170.00 57.66 1.0000 high
520.00 99.84 165.00 57.66 1.0000 high
512.50 102.66 180.00 57.66 1.0000 high
517.50 99.84 165.00 56.25 1.0000 high
512.50 101.25 167.50 56.25 1.0000 high
517.50 97.03 167.50 56.25 1.0000 high
520.00 90.00 165.00 57.66 1.0000 high
512.50 88.59 172.50 56.25 1.0000 high
512.50 92.81 170.00 54.84 1.0000 high
512.50 80.16 167.50 56.25 1.0000 high
502.50 66.09 172.50 57.66 1.0000 high
465.00 54.84 175.00 57.66 1.0000 high
577.50 101.25 2.50 1.41 0.4980 low
546.25 84.43 50.70 16.94 0.0000 coast
550.09 83.50 39.47 13.10 0.0000 coast
440.00 165.94 85.00 47.81 1.0000 reinit
440.00 165.94 85.00 47.81 0.0000 coast
440.00 165.94 85.00 47.81 0.0000 coast
280.00 203.91 170.00 57.66 1.0000 reinit
267.50 205.31 177.50 56.25 1.0000 high
255.00 203.91 172.50 56.25 1.0000 high
242.50 195.47 177.50 56.25 1.0000 high
230.00 187.03 172.50 57.66 1.0000 high
242.50 188.44 170.00 57.66 1.0000 high
255.00 181.41 170.00 56.25 1.0000 high
245.00 181.41 170.00 59.06 1.0000 high
245.00 188.44 177.50 57.66 1.0000 high
252.50 185.62 172.50 57.66 1.0000 high
262.50 170.16 170.00 57.66 1.0000 high
265.00 164.53 182.50 59.06 1.0000 high
290.00 156.09 170.00 59.06 1.0000 high
290.00 153.28 180.00 52.03 1.0000 high
300.00 164.53 180.00 59.06 1.0000 high
310.00 157.50 170.00 57.66 1.0000 high
312.50 149.06 180.00 57.66 1.0000 high
317.50 147.66 177.50 59.06 1.0000 high
310.00 136.41 172.50 59.06 1.0000 high
417.50 170.16 2.50 1.41 0.5490 high
427.50 161.72 5.00 4.22 0.9569 high
435.75 159.72 1.00 1.00 0.0000 coast
442.70 156.02 1.00 1.00 0.0000 coast
307.50 90.00 172.50 60.47 1.0000 reinit
285.00 85.78 192.50 61.88 1.0000 high
275.00 88.59 172.50 61.88 1.0000 high
257.50 84.38 187.50 60.47 1.0000 high
282.50 66.09 180.00 63.28 1.0000 high
272.50 63.28 185.00 64.69 1.0000 high
257.50 63.28 192.50 61.88 1.0000 high
242.50 63.28 185.00 64.69 1.0000 high
255.00 61.88 177.50 63.28 1.0000 high
245.00 60.47 187.50 61.88 1.0000 high
242.50 56.25 180.00 64.69 1.0000 high
322.50 71.72 7.50 2.81 0.6549 high
297.36 64.26 48.89 17.72 0.0000 coast
322.50 73.12 2.50 1.41 0.5804 high
319.69 70.28 1.00 1.00 0.0000 coast
316.25 67.32 1.00 1.00 0.0000 coast
237.50 74.53 180.00 63.28 1.0000 reinit
227.50 78.75 192.50 64.69 1.0000 high
225.00 98.44 182.50 63.28 1.0000 high
205.00 105.47 195.00 63.28 1.0000 high
207.50 99.84 187.50 63.28 1.0000 high
197.50 95.62 192.50 64.69 1.0000 high
212.50 94.22 192.50 63.28 1.0000 high
202.50 88.59 190.00 60.47 1.0000 high
207.50 85.78 185.00 64.69 1.0000 high
195.00 82.97 200.00 64.69 1.0000 high
207.50 85.78 185.00 64.69 1.0000 high
197.50 87.19 202.50 66.09 1.0000 high
207.50 87.19 185.00 64.69 1.0000 high
200.00 84.38 195.00 66.09 1.0000 high
205.00 80.16 195.00 66.09 1.0000 high
190.00 77.34 195.00 67.50 1.0000 high
205.00 75.94 187.50 66.09 1.0000 high
200.00 66.09 195.00 67.50 1.0000 high
197.50 66.09 190.00 67.50 1.0000 high
187.50 67.50 215.00 64.69 1.0000 high
205.00 63.28 190.00 64.69 1.0000 high
190.00 61.88 202.50 68.91 1.0000 high
197.50 61.88 195.00 67.50 1.0000 high
185.00 60.47 200.00 67.50 1.0000 high
295.00 80.16 2.50 2.81 0.6118 high
200.00 49.22 205.00 68.91 1.0000 high
220.00 50.62 202.50 68.91 1.0000 high
195.00 56.25 207.50 70.31 1.0000 high
195.00 61.88 197.50 67.50 1.0000 high
185.00 53.44 200.00 68.91 1.0000 high
200.00 42.19 195.00 71.72 1.0000 high
187.50 42.19 207.50 70.31 1.0000 high
197.50 42.19 195.00 71.72 1.0000 high
185.00 39.38 205.00 73.12 1.0000 high
200.00 37.97 195.00 74.53 1.0000 high
202.50 28.12 200.00 57.66 1.0000 high
265.00 74.53 27.50 19.69 1.0000 high
275.00 81.56 17.50 8.44 1.0000 high
279.28 82.57 7.23 5.17 0.0000 coast
281.33 85.39 1.00 1.00 0.0000 coast
187.50 25.31 205.00 77.34 1.0000 high
170.00 33.75 220.00 77.34 1.0000 high
180.00 37.97 195.00 77.34 1.0000 high
167.50 39.38 195.00 56.25 1.0000 high
147.50 46.41 197.50 75.94 1.0000 high
130.00 49.22 195.00 74.53 1.0000 high
122.50 43.59 200.00 78.75 1.0000 high
117.50 39.38 197.50 77.34 1.0000 high
137.50 35.16 180.00 73.12 1.0000 high
112.50 36.56 182.50 75.94 1.0000 high
107.50 29.53 177.50 81.56 1.0000 high
195.00 63.28 5.00 2.81 0.7294 high
182.50 61.88 20.00 9.84 1.0000 high
175.00 71.72 12.50 7.03 0.9961 high
173.45 75.23 2.79 3.13 0.0000 coast
167.50 61.88 27.50 23.91 1.0000 high
165.76 58.65 29.14 29.95 0.0000 coast
167.50 59.06 10.00 22.50 0.9843 high
164.88 54.78 17.10 32.14 0.0000 coast
163.46 51.80 16.94 37.04 0.0000 coast
130.00 54.84 190.00 78.75 1.0000 reinit
120.00 57.66 195.00 77.34 1.0000 high
152.50 56.25 197.50 77.34 1.0000 high
145.00 60.47 205.00 77.34 1.0000 high
155.00 70.31 202.50 75.94 1.0000 high
142.50 71.72 217.50 77.34 1.0000 high
167.50 84.38 202.50 75.94 1.0000 high
277.50 115.31 5.00 1.41 0.6118 high
190.00 63.28 195.00 75.94 1.0000 high
217.50 54.84 195.00 78.75 1.0000 high
215.00 40.78 202.50 81.56 1.0000 high
207.50 37.97 215.00 81.56 1.0000 high
207.50 45.00 200.00 80.16 1.0000 high
200.00 43.59 222.50 81.56 1.0000 high
207.50 52.03 197.50 80.16 1.0000 high
317.50 95.62 2.50 1.41 0.5686 high
197.50 49.22 207.50 77.34 1.0000 high
197.50 39.38 215.00 85.78 1.0000 high
202.50 36.56 202.50 85.78 1.0000 high
177.50 33.75 217.50 87.19 1.0000 high
160.00 33.75 222.50 87.19 1.0000 high
165.00 40.78 202.50 84.38 1.0000 high
255.00 80.16 7.50 1.41 0.8039 high
155.00 36.56 200.00 71.72 1.0000 high
132.50 26.72 225.00 88.59 1.0000 high
142.50 22.50 205.00 87.19 1.0000 high
122.50 19.69 235.00 91.41 1.0000 high
147.50 12.66 202.50 91.41 1.0000 high
232.50 56.25 27.50 14.06 1.0000 high
240.00 50.62 22.50 14.06 1.0000 high
240.00 50.62 22.50 14.06 1.0000 high
